#  E (eV)   dos(E)     Int dos(E) EFermi =   -1.918 eV
 -24.000  0.1312E-84  0.2623E-86
 -23.980  0.1312E-84  0.5247E-86
 -23.960  0.1312E-84  0.7870E-86
 -23.940  0.1312E-84  0.1049E-85
 -23.920  0.1312E-84  0.1312E-85
 -23.900  0.1312E-84  0.1574E-85
 -23.880  0.1312E-84  0.1836E-85
 -23.860  0.1312E-84  0.2099E-85
 -23.840  0.1312E-84  0.2361E-85
 -23.820  0.1312E-84  0.2623E-85
 -23.800  0.1312E-84  0.2886E-85
 -23.780  0.1312E-84  0.3148E-85
 -23.760  0.1312E-84  0.3410E-85
 -23.740  0.1312E-84  0.3673E-85
 -23.720  0.1312E-84  0.3935E-85
 -23.700  0.1312E-84  0.4197E-85
 -23.680  0.1312E-84  0.4460E-85
 -23.660  0.1312E-84  0.4722E-85
 -23.640  0.1312E-84  0.4984E-85
 -23.620  0.1312E-84  0.5247E-85
 -23.600  0.1312E-84  0.5509E-85
 -23.580  0.1312E-84  0.5771E-85
 -23.560  0.1312E-84  0.6034E-85
 -23.540  0.1312E-84  0.6296E-85
 -23.520  0.1312E-84  0.6558E-85
 -23.500  0.1312E-84  0.6821E-85
 -23.480  0.1312E-84  0.7083E-85
 -23.460  0.1312E-84  0.7345E-85
 -23.440  0.1312E-84  0.7608E-85
 -23.420  0.1312E-84  0.7870E-85
 -23.400  0.1312E-84  0.8132E-85
 -23.380  0.1312E-84  0.8395E-85
 -23.360  0.1312E-84  0.8657E-85
 -23.340  0.1312E-84  0.8919E-85
 -23.320  0.1312E-84  0.9182E-85
 -23.300  0.1312E-84  0.9444E-85
 -23.280  0.1312E-84  0.9706E-85
 -23.260  0.1312E-84  0.9969E-85
 -23.240  0.1312E-84  0.1023E-84
 -23.220  0.1312E-84  0.1049E-84
 -23.200  0.1312E-84  0.1076E-84
 -23.180  0.1312E-84  0.1102E-84
 -23.160  0.1312E-84  0.1128E-84
 -23.140  0.1312E-84  0.1154E-84
 -23.120  0.1312E-84  0.1181E-84
 -23.100  0.1312E-84  0.1207E-84
 -23.080  0.1312E-84  0.1233E-84
 -23.060  0.1312E-84  0.1259E-84
 -23.040  0.1312E-84  0.1285E-84
 -23.020  0.1312E-84  0.1312E-84
 -23.000  0.1312E-84  0.1338E-84
 -22.980  0.1312E-84  0.1364E-84
 -22.960  0.1312E-84  0.1390E-84
 -22.940  0.1312E-84  0.1417E-84
 -22.920  0.1312E-84  0.1443E-84
 -22.900  0.1312E-84  0.1469E-84
 -22.880  0.1312E-84  0.1495E-84
 -22.860  0.1312E-84  0.1522E-84
 -22.840  0.1312E-84  0.1548E-84
 -22.820  0.1312E-84  0.1574E-84
 -22.800  0.1312E-84  0.1600E-84
 -22.780  0.1312E-84  0.1626E-84
 -22.760  0.1312E-84  0.1653E-84
 -22.740  0.1339E-84  0.1680E-84
 -22.720  0.1077E-83  0.1895E-84
 -22.700  0.2931E-81  0.6051E-83
 -22.680  0.8311E-79  0.1668E-80
 -22.660  0.2160E-76  0.4336E-78
 -22.640  0.5139E-74  0.1032E-75
 -22.620  0.1120E-71  0.2250E-73
 -22.600  0.2235E-69  0.4493E-71
 -22.580  0.4086E-67  0.8216E-69
 -22.560  0.6839E-65  0.1376E-66
 -22.540  0.1049E-62  0.2111E-64
 -22.520  0.1472E-60  0.2966E-62
 -22.500  0.1894E-58  0.3817E-60
 -22.480  0.2231E-56  0.4499E-58
 -22.460  0.2406E-54  0.4858E-56
 -22.440  0.2378E-52  0.4804E-54
 -22.420  0.2152E-50  0.4352E-52
 -22.400  0.1784E-48  0.3611E-50
 -22.380  0.1354E-46  0.2745E-48
 -22.360  0.9418E-45  0.1911E-46
 -22.340  0.6000E-43  0.1219E-44
 -22.320  0.3501E-41  0.7124E-43
 -22.300  0.1871E-39  0.3814E-41
 -22.280  0.9162E-38  0.1870E-39
 -22.260  0.4109E-36  0.8405E-38
 -22.240  0.1688E-34  0.3461E-36
 -22.220  0.6355E-33  0.1306E-34
 -22.200  0.2191E-31  0.4513E-33
 -22.180  0.6922E-30  0.1430E-31
 -22.160  0.2004E-28  0.4150E-30
 -22.140  0.5313E-27  0.1104E-28
 -22.120  0.1291E-25  0.2692E-27
 -22.100  0.2874E-24  0.6017E-26
 -22.080  0.5862E-23  0.1233E-24
 -22.060  0.1096E-21  0.2315E-23
 -22.040  0.1877E-20  0.3986E-22
 -22.020  0.2947E-19  0.6293E-21
 -22.000  0.4240E-18  0.9110E-20
 -21.980  0.5592E-17  0.1210E-18
 -21.960  0.6760E-16  0.1473E-17
 -21.940  0.7492E-15  0.1646E-16
 -21.920  0.7611E-14  0.1687E-15
 -21.900  0.7090E-13  0.1587E-14
 -21.880  0.6056E-12  0.1370E-13
 -21.860  0.4744E-11  0.1086E-12
 -21.840  0.3408E-10  0.7902E-12
 -21.820  0.2246E-09  0.5283E-11
 -21.800  0.1358E-08  0.3245E-10
 -21.780  0.7538E-08  0.1832E-09
 -21.760  0.3840E-07  0.9512E-09
 -21.740  0.1796E-06  0.4542E-08
 -21.720  0.7711E-06  0.1996E-07
 -21.700  0.3042E-05  0.8081E-07
 -21.680  0.1103E-04  0.3014E-06
 -21.660  0.3677E-04  0.1037E-05
 -21.640  0.1127E-03  0.3292E-05
 -21.620  0.3182E-03  0.9656E-05
 -21.600  0.8274E-03  0.2620E-04
 -21.580  0.1983E-02  0.6586E-04
 -21.560  0.4386E-02  0.1536E-03
 -21.540  0.8965E-02  0.3329E-03
 -21.520  0.1696E-01  0.6721E-03
 -21.500  0.2974E-01  0.1267E-02
 -21.480  0.4847E-01  0.2236E-02
 -21.460  0.7361E-01  0.3709E-02
 -21.440  0.1045E+00  0.5799E-02
 -21.420  0.1394E+00  0.8587E-02
 -21.400  0.1753E+00  0.1209E-01
 -21.380  0.2094E+00  0.1628E-01
 -21.360  0.2389E+00  0.2106E-01
 -21.340  0.2623E+00  0.2630E-01
 -21.320  0.2794E+00  0.3189E-01
 -21.300  0.2907E+00  0.3771E-01
 -21.280  0.2977E+00  0.4366E-01
 -21.260  0.3016E+00  0.4969E-01
 -21.240  0.3037E+00  0.5577E-01
 -21.220  0.3047E+00  0.6186E-01
 -21.200  0.3051E+00  0.6796E-01
 -21.180  0.3054E+00  0.7407E-01
 -21.160  0.3055E+00  0.8018E-01
 -21.140  0.3056E+00  0.8629E-01
 -21.120  0.3056E+00  0.9240E-01
 -21.100  0.3057E+00  0.9852E-01
 -21.080  0.3058E+00  0.1046E+00
 -21.060  0.3058E+00  0.1108E+00
 -21.040  0.3059E+00  0.1169E+00
 -21.020  0.3060E+00  0.1230E+00
 -21.000  0.3060E+00  0.1291E+00
 -20.980  0.3061E+00  0.1352E+00
 -20.960  0.3062E+00  0.1414E+00
 -20.940  0.3062E+00  0.1475E+00
 -20.920  0.3063E+00  0.1536E+00
 -20.900  0.3064E+00  0.1597E+00
 -20.880  0.3064E+00  0.1659E+00
 -20.860  0.3065E+00  0.1720E+00
 -20.840  0.3066E+00  0.1781E+00
 -20.820  0.3066E+00  0.1843E+00
 -20.800  0.3067E+00  0.1904E+00
 -20.780  0.3068E+00  0.1965E+00
 -20.760  0.3069E+00  0.2027E+00
 -20.740  0.3069E+00  0.2088E+00
 -20.720  0.3070E+00  0.2149E+00
 -20.700  0.3071E+00  0.2211E+00
 -20.680  0.3071E+00  0.2272E+00
 -20.660  0.3072E+00  0.2334E+00
 -20.640  0.3073E+00  0.2395E+00
 -20.620  0.3073E+00  0.2457E+00
 -20.600  0.3074E+00  0.2518E+00
 -20.580  0.3075E+00  0.2580E+00
 -20.560  0.3076E+00  0.2641E+00
 -20.540  0.3076E+00  0.2703E+00
 -20.520  0.3077E+00  0.2764E+00
 -20.500  0.3078E+00  0.2826E+00
 -20.480  0.3079E+00  0.2887E+00
 -20.460  0.3079E+00  0.2949E+00
 -20.440  0.3080E+00  0.3010E+00
 -20.420  0.3081E+00  0.3072E+00
 -20.400  0.3081E+00  0.3134E+00
 -20.380  0.3082E+00  0.3195E+00
 -20.360  0.3083E+00  0.3257E+00
 -20.340  0.3084E+00  0.3319E+00
 -20.320  0.3084E+00  0.3380E+00
 -20.300  0.3085E+00  0.3442E+00
 -20.280  0.3086E+00  0.3504E+00
 -20.260  0.3087E+00  0.3566E+00
 -20.240  0.3088E+00  0.3627E+00
 -20.220  0.3088E+00  0.3689E+00
 -20.200  0.3089E+00  0.3751E+00
 -20.180  0.3090E+00  0.3813E+00
 -20.160  0.3091E+00  0.3874E+00
 -20.140  0.3091E+00  0.3936E+00
 -20.120  0.3092E+00  0.3998E+00
 -20.100  0.3093E+00  0.4060E+00
 -20.080  0.3094E+00  0.4122E+00
 -20.060  0.3095E+00  0.4184E+00
 -20.040  0.3095E+00  0.4246E+00
 -20.020  0.3096E+00  0.4308E+00
 -20.000  0.3097E+00  0.4370E+00
 -19.980  0.3098E+00  0.4431E+00
 -19.960  0.3099E+00  0.4493E+00
 -19.940  0.3099E+00  0.4555E+00
 -19.920  0.3100E+00  0.4617E+00
 -19.900  0.3101E+00  0.4679E+00
 -19.880  0.3102E+00  0.4742E+00
 -19.860  0.3103E+00  0.4804E+00
 -19.840  0.3104E+00  0.4866E+00
 -19.820  0.3105E+00  0.4928E+00
 -19.800  0.3105E+00  0.4990E+00
 -19.780  0.3106E+00  0.5052E+00
 -19.760  0.3107E+00  0.5114E+00
 -19.740  0.3108E+00  0.5176E+00
 -19.720  0.3109E+00  0.5238E+00
 -19.700  0.3110E+00  0.5301E+00
 -19.680  0.3111E+00  0.5363E+00
 -19.660  0.3111E+00  0.5425E+00
 -19.640  0.3112E+00  0.5487E+00
 -19.620  0.3113E+00  0.5550E+00
 -19.600  0.3114E+00  0.5612E+00
 -19.580  0.3115E+00  0.5674E+00
 -19.560  0.3116E+00  0.5736E+00
 -19.540  0.3117E+00  0.5799E+00
 -19.520  0.3118E+00  0.5861E+00
 -19.500  0.3119E+00  0.5924E+00
 -19.480  0.3120E+00  0.5986E+00
 -19.460  0.3121E+00  0.6048E+00
 -19.440  0.3122E+00  0.6111E+00
 -19.420  0.3122E+00  0.6173E+00
 -19.400  0.3123E+00  0.6236E+00
 -19.380  0.3124E+00  0.6298E+00
 -19.360  0.3125E+00  0.6361E+00
 -19.340  0.3126E+00  0.6423E+00
 -19.320  0.3127E+00  0.6486E+00
 -19.300  0.3128E+00  0.6548E+00
 -19.280  0.3129E+00  0.6611E+00
 -19.260  0.3130E+00  0.6674E+00
 -19.240  0.3131E+00  0.6736E+00
 -19.220  0.3132E+00  0.6799E+00
 -19.200  0.3133E+00  0.6861E+00
 -19.180  0.3134E+00  0.6924E+00
 -19.160  0.3135E+00  0.6987E+00
 -19.140  0.3136E+00  0.7050E+00
 -19.120  0.3137E+00  0.7112E+00
 -19.100  0.3138E+00  0.7175E+00
 -19.080  0.3139E+00  0.7238E+00
 -19.060  0.3140E+00  0.7301E+00
 -19.040  0.3141E+00  0.7364E+00
 -19.020  0.3143E+00  0.7426E+00
 -19.000  0.3144E+00  0.7489E+00
 -18.980  0.3145E+00  0.7552E+00
 -18.960  0.3146E+00  0.7615E+00
 -18.940  0.3147E+00  0.7678E+00
 -18.920  0.3148E+00  0.7741E+00
 -18.900  0.3149E+00  0.7804E+00
 -18.880  0.3150E+00  0.7867E+00
 -18.860  0.3151E+00  0.7930E+00
 -18.840  0.3152E+00  0.7993E+00
 -18.820  0.3154E+00  0.8056E+00
 -18.800  0.3155E+00  0.8119E+00
 -18.780  0.3156E+00  0.8182E+00
 -18.760  0.3157E+00  0.8245E+00
 -18.740  0.3158E+00  0.8309E+00
 -18.720  0.3159E+00  0.8372E+00
 -18.700  0.3161E+00  0.8435E+00
 -18.680  0.3162E+00  0.8498E+00
 -18.660  0.3163E+00  0.8561E+00
 -18.640  0.3164E+00  0.8625E+00
 -18.620  0.3165E+00  0.8688E+00
 -18.600  0.3167E+00  0.8751E+00
 -18.580  0.3168E+00  0.8815E+00
 -18.560  0.3169E+00  0.8878E+00
 -18.540  0.3170E+00  0.8942E+00
 -18.520  0.3172E+00  0.9005E+00
 -18.500  0.3173E+00  0.9068E+00
 -18.480  0.3174E+00  0.9132E+00
 -18.460  0.3176E+00  0.9195E+00
 -18.440  0.3177E+00  0.9259E+00
 -18.420  0.3178E+00  0.9323E+00
 -18.400  0.3180E+00  0.9386E+00
 -18.380  0.3181E+00  0.9450E+00
 -18.360  0.3182E+00  0.9513E+00
 -18.340  0.3184E+00  0.9577E+00
 -18.320  0.3185E+00  0.9641E+00
 -18.300  0.3186E+00  0.9705E+00
 -18.280  0.3188E+00  0.9768E+00
 -18.260  0.3189E+00  0.9832E+00
 -18.240  0.3191E+00  0.9896E+00
 -18.220  0.3192E+00  0.9960E+00
 -18.200  0.3194E+00  0.1002E+01
 -18.180  0.3195E+00  0.1009E+01
 -18.160  0.3197E+00  0.1015E+01
 -18.140  0.3198E+00  0.1022E+01
 -18.120  0.3200E+00  0.1028E+01
 -18.100  0.3201E+00  0.1034E+01
 -18.080  0.3203E+00  0.1041E+01
 -18.060  0.3204E+00  0.1047E+01
 -18.040  0.3206E+00  0.1054E+01
 -18.020  0.3208E+00  0.1060E+01
 -18.000  0.3209E+00  0.1066E+01
 -17.980  0.3211E+00  0.1073E+01
 -17.960  0.3213E+00  0.1079E+01
 -17.940  0.3214E+00  0.1086E+01
 -17.920  0.3216E+00  0.1092E+01
 -17.900  0.3218E+00  0.1099E+01
 -17.880  0.3219E+00  0.1105E+01
 -17.860  0.3221E+00  0.1111E+01
 -17.840  0.3223E+00  0.1118E+01
 -17.820  0.3225E+00  0.1124E+01
 -17.800  0.3227E+00  0.1131E+01
 -17.780  0.3228E+00  0.1137E+01
 -17.760  0.3230E+00  0.1144E+01
 -17.740  0.3232E+00  0.1150E+01
 -17.720  0.3235E+00  0.1157E+01
 -17.700  0.3236E+00  0.1163E+01
 -17.680  0.3238E+00  0.1170E+01
 -17.660  0.3240E+00  0.1176E+01
 -17.640  0.3242E+00  0.1183E+01
 -17.620  0.3245E+00  0.1189E+01
 -17.600  0.3247E+00  0.1196E+01
 -17.580  0.3249E+00  0.1202E+01
 -17.560  0.3251E+00  0.1209E+01
 -17.540  0.3253E+00  0.1215E+01
 -17.520  0.3256E+00  0.1222E+01
 -17.500  0.3258E+00  0.1228E+01
 -17.480  0.3260E+00  0.1235E+01
 -17.460  0.3262E+00  0.1241E+01
 -17.440  0.3265E+00  0.1248E+01
 -17.420  0.3268E+00  0.1254E+01
 -17.400  0.3270E+00  0.1261E+01
 -17.380  0.3273E+00  0.1267E+01
 -17.360  0.3275E+00  0.1274E+01
 -17.340  0.3278E+00  0.1280E+01
 -17.320  0.3281E+00  0.1287E+01
 -17.300  0.3284E+00  0.1293E+01
 -17.280  0.3286E+00  0.1300E+01
 -17.260  0.3289E+00  0.1307E+01
 -17.240  0.3292E+00  0.1313E+01
 -17.220  0.3295E+00  0.1320E+01
 -17.200  0.3298E+00  0.1326E+01
 -17.180  0.3302E+00  0.1333E+01
 -17.160  0.3305E+00  0.1340E+01
 -17.140  0.3307E+00  0.1346E+01
 -17.120  0.3311E+00  0.1353E+01
 -17.100  0.3315E+00  0.1359E+01
 -17.080  0.3319E+00  0.1366E+01
 -17.060  0.3322E+00  0.1373E+01
 -17.040  0.3326E+00  0.1379E+01
 -17.020  0.3329E+00  0.1386E+01
 -17.000  0.3334E+00  0.1393E+01
 -16.980  0.3338E+00  0.1399E+01
 -16.960  0.3343E+00  0.1406E+01
 -16.940  0.3346E+00  0.1413E+01
 -16.920  0.3350E+00  0.1420E+01
 -16.900  0.3355E+00  0.1426E+01
 -16.880  0.3361E+00  0.1433E+01
 -16.860  0.3366E+00  0.1440E+01
 -16.840  0.3371E+00  0.1446E+01
 -16.820  0.3376E+00  0.1453E+01
 -16.800  0.3381E+00  0.1460E+01
 -16.780  0.3387E+00  0.1467E+01
 -16.760  0.3394E+00  0.1473E+01
 -16.740  0.3400E+00  0.1480E+01
 -16.720  0.3406E+00  0.1487E+01
 -16.700  0.3413E+00  0.1494E+01
 -16.680  0.3420E+00  0.1501E+01
 -16.660  0.3428E+00  0.1508E+01
 -16.640  0.3436E+00  0.1514E+01
 -16.620  0.3445E+00  0.1521E+01
 -16.600  0.3453E+00  0.1528E+01
 -16.580  0.3461E+00  0.1535E+01
 -16.560  0.3471E+00  0.1542E+01
 -16.540  0.3482E+00  0.1549E+01
 -16.520  0.3494E+00  0.1556E+01
 -16.500  0.3505E+00  0.1563E+01
 -16.480  0.3517E+00  0.1570E+01
 -16.460  0.3530E+00  0.1577E+01
 -16.440  0.3545E+00  0.1584E+01
 -16.420  0.3561E+00  0.1591E+01
 -16.400  0.3578E+00  0.1599E+01
 -16.380  0.3596E+00  0.1606E+01
 -16.360  0.3616E+00  0.1613E+01
 -16.340  0.3638E+00  0.1620E+01
 -16.320  0.3663E+00  0.1628E+01
 -16.300  0.3692E+00  0.1635E+01
 -16.280  0.3724E+00  0.1642E+01
 -16.260  0.3760E+00  0.1650E+01
 -16.240  0.3803E+00  0.1658E+01
 -16.220  0.3854E+00  0.1665E+01
 -16.200  0.3918E+00  0.1673E+01
 -16.180  0.3994E+00  0.1681E+01
 -16.160  0.4083E+00  0.1689E+01
 -16.140  0.4182E+00  0.1698E+01
 -16.120  0.4287E+00  0.1706E+01
 -16.100  0.4388E+00  0.1715E+01
 -16.080  0.4468E+00  0.1724E+01
 -16.060  0.4512E+00  0.1733E+01
 -16.040  0.4504E+00  0.1742E+01
 -16.020  0.4439E+00  0.1751E+01
 -16.000  0.4323E+00  0.1759E+01
 -15.980  0.4167E+00  0.1768E+01
 -15.960  0.3988E+00  0.1776E+01
 -15.940  0.3801E+00  0.1783E+01
 -15.920  0.3620E+00  0.1791E+01
 -15.900  0.3453E+00  0.1798E+01
 -15.880  0.3303E+00  0.1804E+01
 -15.860  0.3172E+00  0.1810E+01
 -15.840  0.3056E+00  0.1817E+01
 -15.820  0.2953E+00  0.1822E+01
 -15.800  0.2857E+00  0.1828E+01
 -15.780  0.2769E+00  0.1834E+01
 -15.760  0.2687E+00  0.1839E+01
 -15.740  0.2612E+00  0.1844E+01
 -15.720  0.2542E+00  0.1849E+01
 -15.700  0.2474E+00  0.1854E+01
 -15.680  0.2409E+00  0.1859E+01
 -15.660  0.2346E+00  0.1864E+01
 -15.640  0.2286E+00  0.1868E+01
 -15.620  0.2230E+00  0.1873E+01
 -15.600  0.2176E+00  0.1877E+01
 -15.580  0.2123E+00  0.1882E+01
 -15.560  0.2070E+00  0.1886E+01
 -15.540  0.2019E+00  0.1890E+01
 -15.520  0.1971E+00  0.1894E+01
 -15.500  0.1925E+00  0.1897E+01
 -15.480  0.1880E+00  0.1901E+01
 -15.460  0.1835E+00  0.1905E+01
 -15.440  0.1791E+00  0.1908E+01
 -15.420  0.1750E+00  0.1912E+01
 -15.400  0.1714E+00  0.1915E+01
 -15.380  0.1686E+00  0.1919E+01
 -15.360  0.1669E+00  0.1922E+01
 -15.340  0.1671E+00  0.1925E+01
 -15.320  0.1701E+00  0.1929E+01
 -15.300  0.1768E+00  0.1932E+01
 -15.280  0.1879E+00  0.1936E+01
 -15.260  0.2032E+00  0.1940E+01
 -15.240  0.2218E+00  0.1945E+01
 -15.220  0.2421E+00  0.1950E+01
 -15.200  0.2625E+00  0.1955E+01
 -15.180  0.2810E+00  0.1960E+01
 -15.160  0.2965E+00  0.1966E+01
 -15.140  0.3083E+00  0.1972E+01
 -15.120  0.3164E+00  0.1979E+01
 -15.100  0.3216E+00  0.1985E+01
 -15.080  0.3246E+00  0.1992E+01
 -15.060  0.3263E+00  0.1998E+01
 -15.040  0.3273E+00  0.2005E+01
 -15.020  0.3278E+00  0.2011E+01
 -15.000  0.3280E+00  0.2018E+01
 -14.980  0.3282E+00  0.2024E+01
 -14.960  0.3283E+00  0.2031E+01
 -14.940  0.3285E+00  0.2038E+01
 -14.920  0.3287E+00  0.2044E+01
 -14.900  0.3288E+00  0.2051E+01
 -14.880  0.3290E+00  0.2057E+01
 -14.860  0.3291E+00  0.2064E+01
 -14.840  0.3292E+00  0.2071E+01
 -14.820  0.3294E+00  0.2077E+01
 -14.800  0.3296E+00  0.2084E+01
 -14.780  0.3297E+00  0.2090E+01
 -14.760  0.3298E+00  0.2097E+01
 -14.740  0.3300E+00  0.2103E+01
 -14.720  0.3302E+00  0.2110E+01
 -14.700  0.3303E+00  0.2117E+01
 -14.680  0.3305E+00  0.2123E+01
 -14.660  0.3306E+00  0.2130E+01
 -14.640  0.3308E+00  0.2137E+01
 -14.620  0.3309E+00  0.2143E+01
 -14.600  0.3311E+00  0.2150E+01
 -14.580  0.3312E+00  0.2156E+01
 -14.560  0.3314E+00  0.2163E+01
 -14.540  0.3316E+00  0.2170E+01
 -14.520  0.3319E+00  0.2176E+01
 -14.500  0.3323E+00  0.2183E+01
 -14.480  0.3330E+00  0.2190E+01
 -14.460  0.3341E+00  0.2196E+01
 -14.440  0.3357E+00  0.2203E+01
 -14.420  0.3383E+00  0.2210E+01
 -14.400  0.3422E+00  0.2217E+01
 -14.380  0.3476E+00  0.2224E+01
 -14.360  0.3548E+00  0.2231E+01
 -14.340  0.3640E+00  0.2238E+01
 -14.320  0.3753E+00  0.2245E+01
 -14.300  0.3884E+00  0.2253E+01
 -14.280  0.4025E+00  0.2261E+01
 -14.260  0.4167E+00  0.2270E+01
 -14.240  0.4297E+00  0.2278E+01
 -14.220  0.4399E+00  0.2287E+01
 -14.200  0.4464E+00  0.2296E+01
 -14.180  0.4484E+00  0.2305E+01
 -14.160  0.4462E+00  0.2314E+01
 -14.140  0.4406E+00  0.2323E+01
 -14.120  0.4329E+00  0.2331E+01
 -14.100  0.4242E+00  0.2340E+01
 -14.080  0.4155E+00  0.2348E+01
 -14.060  0.4076E+00  0.2356E+01
 -14.040  0.4006E+00  0.2364E+01
 -14.020  0.3945E+00  0.2372E+01
 -14.000  0.3892E+00  0.2380E+01
 -13.980  0.3846E+00  0.2388E+01
 -13.960  0.3806E+00  0.2395E+01
 -13.940  0.3769E+00  0.2403E+01
 -13.920  0.3735E+00  0.2410E+01
 -13.900  0.3704E+00  0.2418E+01
 -13.880  0.3675E+00  0.2425E+01
 -13.860  0.3647E+00  0.2432E+01
 -13.840  0.3621E+00  0.2440E+01
 -13.820  0.3596E+00  0.2447E+01
 -13.800  0.3572E+00  0.2454E+01
 -13.780  0.3549E+00  0.2461E+01
 -13.760  0.3527E+00  0.2468E+01
 -13.740  0.3505E+00  0.2475E+01
 -13.720  0.3484E+00  0.2482E+01
 -13.700  0.3464E+00  0.2489E+01
 -13.680  0.3444E+00  0.2496E+01
 -13.660  0.3425E+00  0.2503E+01
 -13.640  0.3406E+00  0.2509E+01
 -13.620  0.3388E+00  0.2516E+01
 -13.600  0.3370E+00  0.2523E+01
 -13.580  0.3353E+00  0.2530E+01
 -13.560  0.3336E+00  0.2536E+01
 -13.540  0.3319E+00  0.2543E+01
 -13.520  0.3302E+00  0.2550E+01
 -13.500  0.3286E+00  0.2556E+01
 -13.480  0.3270E+00  0.2563E+01
 -13.460  0.3254E+00  0.2569E+01
 -13.440  0.3239E+00  0.2576E+01
 -13.420  0.3224E+00  0.2582E+01
 -13.400  0.3209E+00  0.2589E+01
 -13.380  0.3194E+00  0.2595E+01
 -13.360  0.3179E+00  0.2601E+01
 -13.340  0.3165E+00  0.2608E+01
 -13.320  0.3151E+00  0.2614E+01
 -13.300  0.3137E+00  0.2620E+01
 -13.280  0.3123E+00  0.2626E+01
 -13.260  0.3109E+00  0.2633E+01
 -13.240  0.3096E+00  0.2639E+01
 -13.220  0.3082E+00  0.2645E+01
 -13.200  0.3069E+00  0.2651E+01
 -13.180  0.3056E+00  0.2657E+01
 -13.160  0.3043E+00  0.2663E+01
 -13.140  0.3030E+00  0.2669E+01
 -13.120  0.3018E+00  0.2675E+01
 -13.100  0.3005E+00  0.2681E+01
 -13.080  0.2993E+00  0.2687E+01
 -13.060  0.2980E+00  0.2693E+01
 -13.040  0.2968E+00  0.2699E+01
 -13.020  0.2956E+00  0.2705E+01
 -13.000  0.2944E+00  0.2711E+01
 -12.980  0.2932E+00  0.2717E+01
 -12.960  0.2920E+00  0.2723E+01
 -12.940  0.2909E+00  0.2729E+01
 -12.920  0.2897E+00  0.2734E+01
 -12.900  0.2886E+00  0.2740E+01
 -12.880  0.2876E+00  0.2746E+01
 -12.860  0.2867E+00  0.2752E+01
 -12.840  0.2860E+00  0.2757E+01
 -12.820  0.2858E+00  0.2763E+01
 -12.800  0.2864E+00  0.2769E+01
 -12.780  0.2881E+00  0.2775E+01
 -12.760  0.2912E+00  0.2780E+01
 -12.740  0.2960E+00  0.2786E+01
 -12.720  0.3024E+00  0.2792E+01
 -12.700  0.3101E+00  0.2799E+01
 -12.680  0.3185E+00  0.2805E+01
 -12.660  0.3269E+00  0.2812E+01
 -12.640  0.3345E+00  0.2818E+01
 -12.620  0.3409E+00  0.2825E+01
 -12.600  0.3457E+00  0.2832E+01
 -12.580  0.3492E+00  0.2839E+01
 -12.560  0.3515E+00  0.2846E+01
 -12.540  0.3530E+00  0.2853E+01
 -12.520  0.3539E+00  0.2860E+01
 -12.500  0.3545E+00  0.2867E+01
 -12.480  0.3550E+00  0.2874E+01
 -12.460  0.3554E+00  0.2881E+01
 -12.440  0.3557E+00  0.2889E+01
 -12.420  0.3561E+00  0.2896E+01
 -12.400  0.3564E+00  0.2903E+01
 -12.380  0.3567E+00  0.2910E+01
 -12.360  0.3571E+00  0.2917E+01
 -12.340  0.3574E+00  0.2924E+01
 -12.320  0.3577E+00  0.2931E+01
 -12.300  0.3581E+00  0.2939E+01
 -12.280  0.3584E+00  0.2946E+01
 -12.260  0.3588E+00  0.2953E+01
 -12.240  0.3591E+00  0.2960E+01
 -12.220  0.3595E+00  0.2967E+01
 -12.200  0.3598E+00  0.2974E+01
 -12.180  0.3602E+00  0.2982E+01
 -12.160  0.3606E+00  0.2989E+01
 -12.140  0.3610E+00  0.2996E+01
 -12.120  0.3613E+00  0.3003E+01
 -12.100  0.3617E+00  0.3011E+01
 -12.080  0.3621E+00  0.3018E+01
 -12.060  0.3625E+00  0.3025E+01
 -12.040  0.3629E+00  0.3032E+01
 -12.020  0.3632E+00  0.3040E+01
 -12.000  0.3636E+00  0.3047E+01
 -11.980  0.3640E+00  0.3054E+01
 -11.960  0.3644E+00  0.3061E+01
 -11.940  0.3649E+00  0.3069E+01
 -11.920  0.3653E+00  0.3076E+01
 -11.900  0.3656E+00  0.3083E+01
 -11.880  0.3660E+00  0.3091E+01
 -11.860  0.3664E+00  0.3098E+01
 -11.840  0.3669E+00  0.3105E+01
 -11.820  0.3674E+00  0.3113E+01
 -11.800  0.3678E+00  0.3120E+01
 -11.780  0.3681E+00  0.3127E+01
 -11.760  0.3685E+00  0.3135E+01
 -11.740  0.3689E+00  0.3142E+01
 -11.720  0.3695E+00  0.3149E+01
 -11.700  0.3700E+00  0.3157E+01
 -11.680  0.3704E+00  0.3164E+01
 -11.660  0.3708E+00  0.3172E+01
 -11.640  0.3711E+00  0.3179E+01
 -11.620  0.3716E+00  0.3187E+01
 -11.600  0.3722E+00  0.3194E+01
 -11.580  0.3728E+00  0.3201E+01
 -11.560  0.3733E+00  0.3209E+01
 -11.540  0.3736E+00  0.3216E+01
 -11.520  0.3740E+00  0.3224E+01
 -11.500  0.3744E+00  0.3231E+01
 -11.480  0.3750E+00  0.3239E+01
 -11.460  0.3757E+00  0.3246E+01
 -11.440  0.3763E+00  0.3254E+01
 -11.420  0.3767E+00  0.3261E+01
 -11.400  0.3770E+00  0.3269E+01
 -11.380  0.3774E+00  0.3277E+01
 -11.360  0.3781E+00  0.3284E+01
 -11.340  0.3788E+00  0.3292E+01
 -11.320  0.3794E+00  0.3299E+01
 -11.300  0.3799E+00  0.3307E+01
 -11.280  0.3802E+00  0.3314E+01
 -11.260  0.3806E+00  0.3322E+01
 -11.240  0.3813E+00  0.3330E+01
 -11.220  0.3820E+00  0.3337E+01
 -11.200  0.3827E+00  0.3345E+01
 -11.180  0.3833E+00  0.3353E+01
 -11.160  0.3837E+00  0.3360E+01
 -11.140  0.3841E+00  0.3368E+01
 -11.120  0.3847E+00  0.3376E+01
 -11.100  0.3854E+00  0.3383E+01
 -11.080  0.3862E+00  0.3391E+01
 -11.060  0.3869E+00  0.3399E+01
 -11.040  0.3873E+00  0.3407E+01
 -11.020  0.3878E+00  0.3414E+01
 -11.000  0.3883E+00  0.3422E+01
 -10.980  0.3891E+00  0.3430E+01
 -10.960  0.3899E+00  0.3438E+01
 -10.940  0.3907E+00  0.3446E+01
 -10.920  0.3913E+00  0.3453E+01
 -10.900  0.3917E+00  0.3461E+01
 -10.880  0.3923E+00  0.3469E+01
 -10.860  0.3930E+00  0.3477E+01
 -10.840  0.3939E+00  0.3485E+01
 -10.820  0.3947E+00  0.3493E+01
 -10.800  0.3954E+00  0.3501E+01
 -10.780  0.3960E+00  0.3509E+01
 -10.760  0.3965E+00  0.3516E+01
 -10.740  0.3972E+00  0.3524E+01
 -10.720  0.3981E+00  0.3532E+01
 -10.700  0.3991E+00  0.3540E+01
 -10.680  0.3999E+00  0.3548E+01
 -10.660  0.4005E+00  0.3556E+01
 -10.640  0.4011E+00  0.3564E+01
 -10.620  0.4018E+00  0.3572E+01
 -10.600  0.4027E+00  0.3580E+01
 -10.580  0.4037E+00  0.3589E+01
 -10.560  0.4046E+00  0.3597E+01
 -10.540  0.4054E+00  0.3605E+01
 -10.520  0.4060E+00  0.3613E+01
 -10.500  0.4067E+00  0.3621E+01
 -10.480  0.4077E+00  0.3629E+01
 -10.460  0.4087E+00  0.3637E+01
 -10.440  0.4097E+00  0.3645E+01
 -10.420  0.4106E+00  0.3654E+01
 -10.400  0.4113E+00  0.3662E+01
 -10.380  0.4121E+00  0.3670E+01
 -10.360  0.4130E+00  0.3678E+01
 -10.340  0.4142E+00  0.3687E+01
 -10.320  0.4152E+00  0.3695E+01
 -10.300  0.4162E+00  0.3703E+01
 -10.280  0.4170E+00  0.3712E+01
 -10.260  0.4179E+00  0.3720E+01
 -10.240  0.4189E+00  0.3728E+01
 -10.220  0.4201E+00  0.3737E+01
 -10.200  0.4213E+00  0.3745E+01
 -10.180  0.4223E+00  0.3754E+01
 -10.160  0.4232E+00  0.3762E+01
 -10.140  0.4242E+00  0.3771E+01
 -10.120  0.4253E+00  0.3779E+01
 -10.100  0.4266E+00  0.3788E+01
 -10.080  0.4278E+00  0.3796E+01
 -10.060  0.4289E+00  0.3805E+01
 -10.040  0.4300E+00  0.3813E+01
 -10.020  0.4311E+00  0.3822E+01
 -10.000  0.4323E+00  0.3831E+01
  -9.980  0.4337E+00  0.3839E+01
  -9.960  0.4351E+00  0.3848E+01
  -9.940  0.4364E+00  0.3857E+01
  -9.920  0.4378E+00  0.3866E+01
  -9.900  0.4397E+00  0.3874E+01
  -9.880  0.4425E+00  0.3883E+01
  -9.860  0.4467E+00  0.3892E+01
  -9.840  0.4531E+00  0.3901E+01
  -9.820  0.4628E+00  0.3910E+01
  -9.800  0.4770E+00  0.3920E+01
  -9.780  0.4964E+00  0.3930E+01
  -9.760  0.5212E+00  0.3940E+01
  -9.740  0.5501E+00  0.3951E+01
  -9.720  0.5811E+00  0.3963E+01
  -9.700  0.6118E+00  0.3975E+01
  -9.680  0.6398E+00  0.3988E+01
  -9.660  0.6635E+00  0.4001E+01
  -9.640  0.6820E+00  0.4015E+01
  -9.620  0.6955E+00  0.4029E+01
  -9.600  0.7047E+00  0.4043E+01
  -9.580  0.7109E+00  0.4057E+01
  -9.560  0.7151E+00  0.4071E+01
  -9.540  0.7182E+00  0.4086E+01
  -9.520  0.7208E+00  0.4100E+01
  -9.500  0.7231E+00  0.4115E+01
  -9.480  0.7252E+00  0.4129E+01
  -9.460  0.7273E+00  0.4144E+01
  -9.440  0.7294E+00  0.4158E+01
  -9.420  0.7317E+00  0.4173E+01
  -9.400  0.7340E+00  0.4188E+01
  -9.380  0.7363E+00  0.4202E+01
  -9.360  0.7387E+00  0.4217E+01
  -9.340  0.7410E+00  0.4232E+01
  -9.320  0.7435E+00  0.4247E+01
  -9.300  0.7461E+00  0.4262E+01
  -9.280  0.7488E+00  0.4277E+01
  -9.260  0.7515E+00  0.4292E+01
  -9.240  0.7542E+00  0.4307E+01
  -9.220  0.7570E+00  0.4322E+01
  -9.200  0.7599E+00  0.4337E+01
  -9.180  0.7629E+00  0.4352E+01
  -9.160  0.7660E+00  0.4368E+01
  -9.140  0.7693E+00  0.4383E+01
  -9.120  0.7725E+00  0.4399E+01
  -9.100  0.7758E+00  0.4414E+01
  -9.080  0.7793E+00  0.4430E+01
  -9.060  0.7829E+00  0.4445E+01
  -9.040  0.7867E+00  0.4461E+01
  -9.020  0.7906E+00  0.4477E+01
  -9.000  0.7946E+00  0.4493E+01
  -8.980  0.7986E+00  0.4509E+01
  -8.960  0.8029E+00  0.4525E+01
  -8.940  0.8074E+00  0.4541E+01
  -8.920  0.8122E+00  0.4557E+01
  -8.900  0.8171E+00  0.4574E+01
  -8.880  0.8222E+00  0.4590E+01
  -8.860  0.8274E+00  0.4607E+01
  -8.840  0.8330E+00  0.4623E+01
  -8.820  0.8389E+00  0.4640E+01
  -8.800  0.8452E+00  0.4657E+01
  -8.780  0.8518E+00  0.4674E+01
  -8.760  0.8587E+00  0.4691E+01
  -8.740  0.8660E+00  0.4708E+01
  -8.720  0.8739E+00  0.4726E+01
  -8.700  0.8824E+00  0.4744E+01
  -8.680  0.8916E+00  0.4761E+01
  -8.660  0.9016E+00  0.4779E+01
  -8.640  0.9126E+00  0.4798E+01
  -8.620  0.9247E+00  0.4816E+01
  -8.600  0.9384E+00  0.4835E+01
  -8.580  0.9541E+00  0.4854E+01
  -8.560  0.9723E+00  0.4873E+01
  -8.540  0.9936E+00  0.4893E+01
  -8.520  0.1018E+01  0.4914E+01
  -8.500  0.1046E+01  0.4935E+01
  -8.480  0.1076E+01  0.4956E+01
  -8.460  0.1106E+01  0.4978E+01
  -8.440  0.1133E+01  0.5001E+01
  -8.420  0.1154E+01  0.5024E+01
  -8.400  0.1164E+01  0.5047E+01
  -8.380  0.1163E+01  0.5070E+01
  -8.360  0.1151E+01  0.5094E+01
  -8.340  0.1129E+01  0.5116E+01
  -8.320  0.1100E+01  0.5138E+01
  -8.300  0.1068E+01  0.5159E+01
  -8.280  0.1037E+01  0.5180E+01
  -8.260  0.1008E+01  0.5200E+01
  -8.240  0.9823E+00  0.5220E+01
  -8.220  0.9599E+00  0.5239E+01
  -8.200  0.9406E+00  0.5258E+01
  -8.180  0.9239E+00  0.5276E+01
  -8.160  0.9091E+00  0.5295E+01
  -8.140  0.8959E+00  0.5313E+01
  -8.120  0.8838E+00  0.5330E+01
  -8.100  0.8727E+00  0.5348E+01
  -8.080  0.8626E+00  0.5365E+01
  -8.060  0.8532E+00  0.5382E+01
  -8.040  0.8444E+00  0.5399E+01
  -8.020  0.8360E+00  0.5416E+01
  -8.000  0.8280E+00  0.5432E+01
  -7.980  0.8205E+00  0.5449E+01
  -7.960  0.8134E+00  0.5465E+01
  -7.940  0.8067E+00  0.5481E+01
  -7.920  0.8002E+00  0.5497E+01
  -7.900  0.7940E+00  0.5513E+01
  -7.880  0.7879E+00  0.5529E+01
  -7.860  0.7822E+00  0.5544E+01
  -7.840  0.7767E+00  0.5560E+01
  -7.820  0.7714E+00  0.5575E+01
  -7.800  0.7663E+00  0.5591E+01
  -7.780  0.7613E+00  0.5606E+01
  -7.760  0.7565E+00  0.5621E+01
  -7.740  0.7518E+00  0.5636E+01
  -7.720  0.7472E+00  0.5651E+01
  -7.700  0.7429E+00  0.5666E+01
  -7.680  0.7387E+00  0.5681E+01
  -7.660  0.7346E+00  0.5695E+01
  -7.640  0.7305E+00  0.5710E+01
  -7.620  0.7265E+00  0.5724E+01
  -7.600  0.7227E+00  0.5739E+01
  -7.580  0.7190E+00  0.5753E+01
  -7.560  0.7154E+00  0.5768E+01
  -7.540  0.7119E+00  0.5782E+01
  -7.520  0.7084E+00  0.5796E+01
  -7.500  0.7049E+00  0.5810E+01
  -7.480  0.7016E+00  0.5824E+01
  -7.460  0.6984E+00  0.5838E+01
  -7.440  0.6953E+00  0.5852E+01
  -7.420  0.6922E+00  0.5866E+01
  -7.400  0.6891E+00  0.5880E+01
  -7.380  0.6861E+00  0.5893E+01
  -7.360  0.6832E+00  0.5907E+01
  -7.340  0.6804E+00  0.5921E+01
  -7.320  0.6777E+00  0.5934E+01
  -7.300  0.6749E+00  0.5948E+01
  -7.280  0.6722E+00  0.5961E+01
  -7.260  0.6695E+00  0.5974E+01
  -7.240  0.6669E+00  0.5988E+01
  -7.220  0.6644E+00  0.6001E+01
  -7.200  0.6619E+00  0.6014E+01
  -7.180  0.6595E+00  0.6027E+01
  -7.160  0.6570E+00  0.6041E+01
  -7.140  0.6546E+00  0.6054E+01
  -7.120  0.6523E+00  0.6067E+01
  -7.100  0.6500E+00  0.6080E+01
  -7.080  0.6478E+00  0.6093E+01
  -7.060  0.6456E+00  0.6106E+01
  -7.040  0.6434E+00  0.6119E+01
  -7.020  0.6412E+00  0.6131E+01
  -7.000  0.6391E+00  0.6144E+01
  -6.980  0.6371E+00  0.6157E+01
  -6.960  0.6351E+00  0.6170E+01
  -6.940  0.6331E+00  0.6182E+01
  -6.920  0.6310E+00  0.6195E+01
  -6.900  0.6291E+00  0.6207E+01
  -6.880  0.6272E+00  0.6220E+01
  -6.860  0.6253E+00  0.6232E+01
  -6.840  0.6235E+00  0.6245E+01
  -6.820  0.6216E+00  0.6257E+01
  -6.800  0.6198E+00  0.6270E+01
  -6.780  0.6180E+00  0.6282E+01
  -6.760  0.6163E+00  0.6294E+01
  -6.740  0.6146E+00  0.6307E+01
  -6.720  0.6129E+00  0.6319E+01
  -6.700  0.6113E+00  0.6331E+01
  -6.680  0.6096E+00  0.6343E+01
  -6.660  0.6080E+00  0.6356E+01
  -6.640  0.6064E+00  0.6368E+01
  -6.620  0.6049E+00  0.6380E+01
  -6.600  0.6033E+00  0.6392E+01
  -6.580  0.6018E+00  0.6404E+01
  -6.560  0.6002E+00  0.6416E+01
  -6.540  0.5988E+00  0.6428E+01
  -6.520  0.5974E+00  0.6440E+01
  -6.500  0.5959E+00  0.6452E+01
  -6.480  0.5945E+00  0.6464E+01
  -6.460  0.5931E+00  0.6476E+01
  -6.440  0.5917E+00  0.6487E+01
  -6.420  0.5904E+00  0.6499E+01
  -6.400  0.5891E+00  0.6511E+01
  -6.380  0.5878E+00  0.6523E+01
  -6.360  0.5865E+00  0.6534E+01
  -6.340  0.5852E+00  0.6546E+01
  -6.320  0.5840E+00  0.6558E+01
  -6.300  0.5828E+00  0.6569E+01
  -6.280  0.5816E+00  0.6581E+01
  -6.260  0.5804E+00  0.6593E+01
  -6.240  0.5792E+00  0.6604E+01
  -6.220  0.5781E+00  0.6616E+01
  -6.200  0.5770E+00  0.6627E+01
  -6.180  0.5760E+00  0.6639E+01
  -6.160  0.5749E+00  0.6650E+01
  -6.140  0.5738E+00  0.6662E+01
  -6.120  0.5727E+00  0.6673E+01
  -6.100  0.5717E+00  0.6685E+01
  -6.080  0.5708E+00  0.6696E+01
  -6.060  0.5698E+00  0.6708E+01
  -6.040  0.5688E+00  0.6719E+01
  -6.020  0.5678E+00  0.6730E+01
  -6.000  0.5669E+00  0.6742E+01
  -5.980  0.5661E+00  0.6753E+01
  -5.960  0.5652E+00  0.6764E+01
  -5.940  0.5643E+00  0.6776E+01
  -5.920  0.5634E+00  0.6787E+01
  -5.900  0.5626E+00  0.6798E+01
  -5.880  0.5619E+00  0.6809E+01
  -5.860  0.5611E+00  0.6821E+01
  -5.840  0.5604E+00  0.6832E+01
  -5.820  0.5596E+00  0.6843E+01
  -5.800  0.5589E+00  0.6854E+01
  -5.780  0.5582E+00  0.6865E+01
  -5.760  0.5576E+00  0.6876E+01
  -5.740  0.5570E+00  0.6888E+01
  -5.720  0.5563E+00  0.6899E+01
  -5.700  0.5556E+00  0.6910E+01
  -5.680  0.5551E+00  0.6921E+01
  -5.660  0.5546E+00  0.6932E+01
  -5.640  0.5541E+00  0.6943E+01
  -5.620  0.5536E+00  0.6954E+01
  -5.600  0.5530E+00  0.6965E+01
  -5.580  0.5525E+00  0.6976E+01
  -5.560  0.5521E+00  0.6987E+01
  -5.540  0.5518E+00  0.6998E+01
  -5.520  0.5515E+00  0.7009E+01
  -5.500  0.5511E+00  0.7020E+01
  -5.480  0.5507E+00  0.7031E+01
  -5.460  0.5504E+00  0.7042E+01
  -5.440  0.5502E+00  0.7053E+01
  -5.420  0.5500E+00  0.7064E+01
  -5.400  0.5498E+00  0.7075E+01
  -5.380  0.5496E+00  0.7086E+01
  -5.360  0.5494E+00  0.7097E+01
  -5.340  0.5493E+00  0.7108E+01
  -5.320  0.5493E+00  0.7119E+01
  -5.300  0.5494E+00  0.7130E+01
  -5.280  0.5494E+00  0.7141E+01
  -5.260  0.5494E+00  0.7152E+01
  -5.240  0.5494E+00  0.7163E+01
  -5.220  0.5496E+00  0.7174E+01
  -5.200  0.5498E+00  0.7185E+01
  -5.180  0.5501E+00  0.7196E+01
  -5.160  0.5503E+00  0.7207E+01
  -5.140  0.5503E+00  0.7218E+01
  -5.120  0.5502E+00  0.7229E+01
  -5.100  0.5496E+00  0.7240E+01
  -5.080  0.5480E+00  0.7251E+01
  -5.060  0.5447E+00  0.7262E+01
  -5.040  0.5385E+00  0.7273E+01
  -5.020  0.5288E+00  0.7284E+01
  -5.000  0.5150E+00  0.7294E+01
  -4.980  0.4971E+00  0.7304E+01
  -4.960  0.4759E+00  0.7313E+01
  -4.940  0.4528E+00  0.7322E+01
  -4.920  0.4300E+00  0.7331E+01
  -4.900  0.4095E+00  0.7339E+01
  -4.880  0.3930E+00  0.7347E+01
  -4.860  0.3812E+00  0.7355E+01
  -4.840  0.3738E+00  0.7362E+01
  -4.820  0.3701E+00  0.7369E+01
  -4.800  0.3690E+00  0.7377E+01
  -4.780  0.3699E+00  0.7384E+01
  -4.760  0.3721E+00  0.7392E+01
  -4.740  0.3752E+00  0.7399E+01
  -4.720  0.3788E+00  0.7407E+01
  -4.700  0.3826E+00  0.7414E+01
  -4.680  0.3866E+00  0.7422E+01
  -4.660  0.3909E+00  0.7430E+01
  -4.640  0.3958E+00  0.7438E+01
  -4.620  0.4012E+00  0.7446E+01
  -4.600  0.4071E+00  0.7454E+01
  -4.580  0.4134E+00  0.7462E+01
  -4.560  0.4203E+00  0.7471E+01
  -4.540  0.4283E+00  0.7479E+01
  -4.520  0.4376E+00  0.7488E+01
  -4.500  0.4485E+00  0.7497E+01
  -4.480  0.4613E+00  0.7506E+01
  -4.460  0.4762E+00  0.7516E+01
  -4.440  0.4934E+00  0.7526E+01
  -4.420  0.5126E+00  0.7536E+01
  -4.400  0.5329E+00  0.7547E+01
  -4.380  0.5525E+00  0.7558E+01
  -4.360  0.5686E+00  0.7569E+01
  -4.340  0.5785E+00  0.7581E+01
  -4.320  0.5805E+00  0.7592E+01
  -4.300  0.5738E+00  0.7604E+01
  -4.280  0.5593E+00  0.7615E+01
  -4.260  0.5389E+00  0.7626E+01
  -4.240  0.5149E+00  0.7636E+01
  -4.220  0.4898E+00  0.7646E+01
  -4.200  0.4656E+00  0.7655E+01
  -4.180  0.4437E+00  0.7664E+01
  -4.160  0.4246E+00  0.7672E+01
  -4.140  0.4080E+00  0.7681E+01
  -4.120  0.3933E+00  0.7688E+01
  -4.100  0.3801E+00  0.7696E+01
  -4.080  0.3682E+00  0.7703E+01
  -4.060  0.3576E+00  0.7711E+01
  -4.040  0.3480E+00  0.7717E+01
  -4.020  0.3392E+00  0.7724E+01
  -4.000  0.3307E+00  0.7731E+01
  -3.980  0.3225E+00  0.7737E+01
  -3.960  0.3147E+00  0.7744E+01
  -3.940  0.3076E+00  0.7750E+01
  -3.920  0.3010E+00  0.7756E+01
  -3.900  0.2946E+00  0.7762E+01
  -3.880  0.2882E+00  0.7767E+01
  -3.860  0.2820E+00  0.7773E+01
  -3.840  0.2761E+00  0.7779E+01
  -3.820  0.2706E+00  0.7784E+01
  -3.800  0.2654E+00  0.7789E+01
  -3.780  0.2602E+00  0.7795E+01
  -3.760  0.2550E+00  0.7800E+01
  -3.740  0.2499E+00  0.7805E+01
  -3.720  0.2451E+00  0.7810E+01
  -3.700  0.2405E+00  0.7814E+01
  -3.680  0.2361E+00  0.7819E+01
  -3.660  0.2318E+00  0.7824E+01
  -3.640  0.2273E+00  0.7828E+01
  -3.620  0.2230E+00  0.7833E+01
  -3.600  0.2188E+00  0.7837E+01
  -3.580  0.2149E+00  0.7841E+01
  -3.560  0.2111E+00  0.7846E+01
  -3.540  0.2072E+00  0.7850E+01
  -3.520  0.2033E+00  0.7854E+01
  -3.500  0.1995E+00  0.7858E+01
  -3.480  0.1959E+00  0.7862E+01
  -3.460  0.1924E+00  0.7866E+01
  -3.440  0.1890E+00  0.7869E+01
  -3.420  0.1855E+00  0.7873E+01
  -3.400  0.1820E+00  0.7877E+01
  -3.380  0.1786E+00  0.7880E+01
  -3.360  0.1753E+00  0.7884E+01
  -3.340  0.1721E+00  0.7887E+01
  -3.320  0.1690E+00  0.7891E+01
  -3.300  0.1658E+00  0.7894E+01
  -3.280  0.1626E+00  0.7897E+01
  -3.260  0.1595E+00  0.7900E+01
  -3.240  0.1565E+00  0.7903E+01
  -3.220  0.1536E+00  0.7907E+01
  -3.200  0.1507E+00  0.7910E+01
  -3.180  0.1478E+00  0.7913E+01
  -3.160  0.1448E+00  0.7915E+01
  -3.140  0.1419E+00  0.7918E+01
  -3.120  0.1392E+00  0.7921E+01
  -3.100  0.1365E+00  0.7924E+01
  -3.080  0.1337E+00  0.7926E+01
  -3.060  0.1310E+00  0.7929E+01
  -3.040  0.1282E+00  0.7932E+01
  -3.020  0.1255E+00  0.7934E+01
  -3.000  0.1229E+00  0.7937E+01
  -2.980  0.1204E+00  0.7939E+01
  -2.960  0.1178E+00  0.7941E+01
  -2.940  0.1152E+00  0.7944E+01
  -2.920  0.1126E+00  0.7946E+01
  -2.900  0.1101E+00  0.7948E+01
  -2.880  0.1076E+00  0.7950E+01
  -2.860  0.1052E+00  0.7952E+01
  -2.840  0.1027E+00  0.7954E+01
  -2.820  0.1002E+00  0.7956E+01
  -2.800  0.9775E-01  0.7958E+01
  -2.780  0.9536E-01  0.7960E+01
  -2.760  0.9299E-01  0.7962E+01
  -2.740  0.9062E-01  0.7964E+01
  -2.720  0.8823E-01  0.7966E+01
  -2.700  0.8587E-01  0.7967E+01
  -2.680  0.8354E-01  0.7969E+01
  -2.660  0.8124E-01  0.7971E+01
  -2.640  0.7894E-01  0.7972E+01
  -2.620  0.7664E-01  0.7974E+01
  -2.600  0.7433E-01  0.7975E+01
  -2.580  0.7206E-01  0.7977E+01
  -2.560  0.6981E-01  0.7978E+01
  -2.540  0.6757E-01  0.7980E+01
  -2.520  0.6533E-01  0.7981E+01
  -2.500  0.6308E-01  0.7982E+01
  -2.480  0.6085E-01  0.7983E+01
  -2.460  0.5864E-01  0.7984E+01
  -2.440  0.5644E-01  0.7986E+01
  -2.420  0.5424E-01  0.7987E+01
  -2.400  0.5205E-01  0.7988E+01
  -2.380  0.4985E-01  0.7989E+01
  -2.360  0.4767E-01  0.7990E+01
  -2.340  0.4550E-01  0.7991E+01
  -2.320  0.4333E-01  0.7991E+01
  -2.300  0.4116E-01  0.7992E+01
  -2.280  0.3899E-01  0.7993E+01
  -2.260  0.3683E-01  0.7994E+01
  -2.240  0.3468E-01  0.7995E+01
  -2.220  0.3253E-01  0.7995E+01
  -2.200  0.3038E-01  0.7996E+01
  -2.180  0.2823E-01  0.7996E+01
  -2.160  0.2608E-01  0.7997E+01
  -2.140  0.2393E-01  0.7997E+01
  -2.120  0.2179E-01  0.7998E+01
  -2.100  0.1965E-01  0.7998E+01
  -2.080  0.1752E-01  0.7999E+01
  -2.060  0.1542E-01  0.7999E+01
  -2.040  0.1338E-01  0.7999E+01
  -2.020  0.1144E-01  0.7999E+01
  -2.000  0.9664E-02  0.8000E+01
  -1.980  0.8126E-02  0.8000E+01
  -1.960  0.6924E-02  0.8000E+01
  -1.940  0.6145E-02  0.8000E+01
  -1.920  0.5851E-02  0.8000E+01
  -1.900  0.6068E-02  0.8000E+01
  -1.880  0.6780E-02  0.8000E+01
  -1.860  0.7937E-02  0.8000E+01
  -1.840  0.9456E-02  0.8001E+01
  -1.820  0.1125E-01  0.8001E+01
  -1.800  0.1322E-01  0.8001E+01
  -1.780  0.1532E-01  0.8001E+01
  -1.760  0.1750E-01  0.8002E+01
  -1.740  0.1972E-01  0.8002E+01
  -1.720  0.2197E-01  0.8003E+01
  -1.700  0.2424E-01  0.8003E+01
  -1.680  0.2652E-01  0.8004E+01
  -1.660  0.2882E-01  0.8004E+01
  -1.640  0.3114E-01  0.8005E+01
  -1.620  0.3347E-01  0.8006E+01
  -1.600  0.3582E-01  0.8006E+01
  -1.580  0.3818E-01  0.8007E+01
  -1.560  0.4057E-01  0.8008E+01
  -1.540  0.4298E-01  0.8009E+01
  -1.520  0.4541E-01  0.8010E+01
  -1.500  0.4785E-01  0.8011E+01
  -1.480  0.5032E-01  0.8012E+01
  -1.460  0.5282E-01  0.8013E+01
  -1.440  0.5535E-01  0.8014E+01
  -1.420  0.5791E-01  0.8015E+01
  -1.400  0.6048E-01  0.8016E+01
  -1.380  0.6309E-01  0.8017E+01
  -1.360  0.6573E-01  0.8019E+01
  -1.340  0.6842E-01  0.8020E+01
  -1.320  0.7114E-01  0.8021E+01
  -1.300  0.7389E-01  0.8023E+01
  -1.280  0.7667E-01  0.8024E+01
  -1.260  0.7950E-01  0.8026E+01
  -1.240  0.8240E-01  0.8028E+01
  -1.220  0.8534E-01  0.8029E+01
  -1.200  0.8832E-01  0.8031E+01
  -1.180  0.9133E-01  0.8033E+01
  -1.160  0.9441E-01  0.8035E+01
  -1.140  0.9757E-01  0.8037E+01
  -1.120  0.1008E+00  0.8039E+01
  -1.100  0.1041E+00  0.8041E+01
  -1.080  0.1074E+00  0.8043E+01
  -1.060  0.1108E+00  0.8045E+01
  -1.040  0.1144E+00  0.8048E+01
  -1.020  0.1180E+00  0.8050E+01
  -1.000  0.1217E+00  0.8052E+01
  -0.980  0.1255E+00  0.8055E+01
  -0.960  0.1293E+00  0.8057E+01
  -0.940  0.1333E+00  0.8060E+01
  -0.920  0.1375E+00  0.8063E+01
  -0.900  0.1418E+00  0.8066E+01
  -0.880  0.1462E+00  0.8069E+01
  -0.860  0.1508E+00  0.8072E+01
  -0.840  0.1555E+00  0.8075E+01
  -0.820  0.1604E+00  0.8078E+01
  -0.800  0.1656E+00  0.8081E+01
  -0.780  0.1710E+00  0.8085E+01
  -0.760  0.1766E+00  0.8088E+01
  -0.740  0.1824E+00  0.8092E+01
  -0.720  0.1886E+00  0.8096E+01
  -0.700  0.1951E+00  0.8100E+01
  -0.680  0.2021E+00  0.8104E+01
  -0.660  0.2095E+00  0.8108E+01
  -0.640  0.2172E+00  0.8112E+01
  -0.620  0.2255E+00  0.8117E+01
  -0.600  0.2346E+00  0.8121E+01
  -0.580  0.2445E+00  0.8126E+01
  -0.560  0.2554E+00  0.8131E+01
  -0.540  0.2673E+00  0.8137E+01
  -0.520  0.2806E+00  0.8142E+01
  -0.500  0.2958E+00  0.8148E+01
  -0.480  0.3137E+00  0.8154E+01
  -0.460  0.3351E+00  0.8161E+01
  -0.440  0.3608E+00  0.8168E+01
  -0.420  0.3918E+00  0.8176E+01
  -0.400  0.4291E+00  0.8185E+01
  -0.380  0.4726E+00  0.8194E+01
  -0.360  0.5208E+00  0.8205E+01
  -0.340  0.5705E+00  0.8216E+01
  -0.320  0.6165E+00  0.8228E+01
  -0.300  0.6536E+00  0.8242E+01
  -0.280  0.6771E+00  0.8255E+01
  -0.260  0.6847E+00  0.8269E+01
  -0.240  0.6766E+00  0.8282E+01
  -0.220  0.6559E+00  0.8295E+01
  -0.200  0.6270E+00  0.8308E+01
  -0.180  0.5945E+00  0.8320E+01
  -0.160  0.5625E+00  0.8331E+01
  -0.140  0.5335E+00  0.8342E+01
  -0.120  0.5085E+00  0.8352E+01
  -0.100  0.4874E+00  0.8362E+01
  -0.080  0.4696E+00  0.8371E+01
  -0.060  0.4544E+00  0.8380E+01
  -0.040  0.4413E+00  0.8389E+01
  -0.020  0.4300E+00  0.8398E+01
  -0.000  0.4201E+00  0.8406E+01
   0.020  0.4112E+00  0.8414E+01
   0.040  0.4031E+00  0.8422E+01
   0.060  0.3955E+00  0.8430E+01
   0.080  0.3884E+00  0.8438E+01
   0.100  0.3820E+00  0.8446E+01
   0.120  0.3762E+00  0.8453E+01
   0.140  0.3707E+00  0.8461E+01
   0.160  0.3656E+00  0.8468E+01
   0.180  0.3606E+00  0.8475E+01
   0.200  0.3558E+00  0.8482E+01
   0.220  0.3513E+00  0.8489E+01
   0.240  0.3472E+00  0.8496E+01
   0.260  0.3434E+00  0.8503E+01
   0.280  0.3397E+00  0.8510E+01
   0.300  0.3361E+00  0.8517E+01
   0.320  0.3324E+00  0.8523E+01
   0.340  0.3290E+00  0.8530E+01
   0.360  0.3259E+00  0.8536E+01
   0.380  0.3230E+00  0.8543E+01
   0.400  0.3202E+00  0.8549E+01
   0.420  0.3174E+00  0.8555E+01
   0.440  0.3145E+00  0.8562E+01
   0.460  0.3117E+00  0.8568E+01
   0.480  0.3091E+00  0.8574E+01
   0.500  0.3068E+00  0.8580E+01
   0.520  0.3046E+00  0.8586E+01
   0.540  0.3024E+00  0.8592E+01
   0.560  0.3000E+00  0.8598E+01
   0.580  0.2976E+00  0.8604E+01
   0.600  0.2954E+00  0.8610E+01
   0.620  0.2934E+00  0.8616E+01
   0.640  0.2916E+00  0.8622E+01
   0.660  0.2898E+00  0.8628E+01
   0.680  0.2879E+00  0.8634E+01
   0.700  0.2858E+00  0.8639E+01
   0.720  0.2838E+00  0.8645E+01
   0.740  0.2821E+00  0.8651E+01
   0.760  0.2805E+00  0.8656E+01
   0.780  0.2790E+00  0.8662E+01
   0.800  0.2775E+00  0.8667E+01
   0.820  0.2757E+00  0.8673E+01
   0.840  0.2739E+00  0.8678E+01
   0.860  0.2722E+00  0.8684E+01
   0.880  0.2708E+00  0.8689E+01
   0.900  0.2696E+00  0.8695E+01
   0.920  0.2683E+00  0.8700E+01
   0.940  0.2668E+00  0.8705E+01
   0.960  0.2652E+00  0.8711E+01
   0.980  0.2636E+00  0.8716E+01
   1.000  0.2622E+00  0.8721E+01
   1.020  0.2611E+00  0.8726E+01
   1.040  0.2600E+00  0.8732E+01
   1.060  0.2589E+00  0.8737E+01
   1.080  0.2575E+00  0.8742E+01
   1.100  0.2560E+00  0.8747E+01
   1.120  0.2546E+00  0.8752E+01
   1.140  0.2534E+00  0.8757E+01
   1.160  0.2525E+00  0.8762E+01
   1.180  0.2517E+00  0.8767E+01
   1.200  0.2508E+00  0.8772E+01
   1.220  0.2499E+00  0.8777E+01
   1.240  0.2495E+00  0.8782E+01
   1.260  0.2503E+00  0.8787E+01
   1.280  0.2531E+00  0.8792E+01
   1.300  0.2587E+00  0.8797E+01
   1.320  0.2681E+00  0.8803E+01
   1.340  0.2818E+00  0.8808E+01
   1.360  0.2999E+00  0.8814E+01
   1.380  0.3221E+00  0.8821E+01
   1.400  0.3469E+00  0.8828E+01
   1.420  0.3723E+00  0.8835E+01
   1.440  0.3961E+00  0.8843E+01
   1.460  0.4163E+00  0.8852E+01
   1.480  0.4316E+00  0.8860E+01
   1.500  0.4420E+00  0.8869E+01
   1.520  0.4484E+00  0.8878E+01
   1.540  0.4519E+00  0.8887E+01
   1.560  0.4537E+00  0.8896E+01
   1.580  0.4544E+00  0.8905E+01
   1.600  0.4543E+00  0.8914E+01
   1.620  0.4536E+00  0.8923E+01
   1.640  0.4526E+00  0.8932E+01
   1.660  0.4514E+00  0.8941E+01
   1.680  0.4505E+00  0.8950E+01
   1.700  0.4498E+00  0.8959E+01
   1.720  0.4493E+00  0.8968E+01
   1.740  0.4488E+00  0.8977E+01
   1.760  0.4479E+00  0.8986E+01
   1.780  0.4468E+00  0.8995E+01
   1.800  0.4457E+00  0.9004E+01
   1.820  0.4448E+00  0.9013E+01
   1.840  0.4442E+00  0.9022E+01
   1.860  0.4438E+00  0.9031E+01
   1.880  0.4432E+00  0.9040E+01
   1.900  0.4424E+00  0.9049E+01
   1.920  0.4414E+00  0.9057E+01
   1.940  0.4403E+00  0.9066E+01
   1.960  0.4394E+00  0.9075E+01
   1.980  0.4389E+00  0.9084E+01
   2.000  0.4385E+00  0.9093E+01
   2.020  0.4381E+00  0.9101E+01
   2.040  0.4374E+00  0.9110E+01
   2.060  0.4364E+00  0.9119E+01
   2.080  0.4353E+00  0.9127E+01
   2.100  0.4345E+00  0.9136E+01
   2.120  0.4339E+00  0.9145E+01
   2.140  0.4336E+00  0.9154E+01
   2.160  0.4333E+00  0.9162E+01
   2.180  0.4326E+00  0.9171E+01
   2.200  0.4317E+00  0.9179E+01
   2.220  0.4307E+00  0.9188E+01
   2.240  0.4300E+00  0.9197E+01
   2.260  0.4298E+00  0.9205E+01
   2.280  0.4303E+00  0.9214E+01
   2.300  0.4317E+00  0.9223E+01
   2.320  0.4343E+00  0.9231E+01
   2.340  0.4389E+00  0.9240E+01
   2.360  0.4467E+00  0.9249E+01
   2.380  0.4590E+00  0.9258E+01
   2.400  0.4762E+00  0.9268E+01
   2.420  0.4980E+00  0.9278E+01
   2.440  0.5229E+00  0.9288E+01
   2.460  0.5486E+00  0.9299E+01
   2.480  0.5727E+00  0.9310E+01
   2.500  0.5934E+00  0.9322E+01
   2.520  0.6100E+00  0.9335E+01
   2.540  0.6222E+00  0.9347E+01
   2.560  0.6305E+00  0.9360E+01
   2.580  0.6357E+00  0.9372E+01
   2.600  0.6384E+00  0.9385E+01
   2.620  0.6394E+00  0.9398E+01
   2.640  0.6393E+00  0.9411E+01
   2.660  0.6392E+00  0.9423E+01
   2.680  0.6396E+00  0.9436E+01
   2.700  0.6413E+00  0.9449E+01
   2.720  0.6450E+00  0.9462E+01
   2.740  0.6512E+00  0.9475E+01
   2.760  0.6607E+00  0.9488E+01
   2.780  0.6742E+00  0.9502E+01
   2.800  0.6922E+00  0.9516E+01
   2.820  0.7143E+00  0.9530E+01
   2.840  0.7392E+00  0.9545E+01
   2.860  0.7648E+00  0.9560E+01
   2.880  0.7886E+00  0.9576E+01
   2.900  0.8085E+00  0.9592E+01
   2.920  0.8236E+00  0.9608E+01
   2.940  0.8340E+00  0.9625E+01
   2.960  0.8405E+00  0.9642E+01
   2.980  0.8445E+00  0.9659E+01
   3.000  0.8468E+00  0.9676E+01
   3.020  0.8481E+00  0.9693E+01
   3.040  0.8484E+00  0.9710E+01
   3.060  0.8481E+00  0.9726E+01
   3.080  0.8473E+00  0.9743E+01
   3.100  0.8464E+00  0.9760E+01
   3.120  0.8459E+00  0.9777E+01
   3.140  0.8457E+00  0.9794E+01
   3.160  0.8457E+00  0.9811E+01
   3.180  0.8457E+00  0.9828E+01
   3.200  0.8453E+00  0.9845E+01
   3.220  0.8445E+00  0.9862E+01
   3.240  0.8436E+00  0.9879E+01
   3.260  0.8429E+00  0.9896E+01
   3.280  0.8426E+00  0.9912E+01
   3.300  0.8426E+00  0.9929E+01
   3.320  0.8427E+00  0.9946E+01
   3.340  0.8425E+00  0.9963E+01
   3.360  0.8419E+00  0.9980E+01
   3.380  0.8411E+00  0.9997E+01
   3.400  0.8402E+00  0.1001E+02
   3.420  0.8397E+00  0.1003E+02
   3.440  0.8396E+00  0.1005E+02
   3.460  0.8398E+00  0.1006E+02
   3.480  0.8398E+00  0.1008E+02
   3.500  0.8395E+00  0.1010E+02
   3.520  0.8387E+00  0.1011E+02
   3.540  0.8379E+00  0.1013E+02
   3.560  0.8372E+00  0.1015E+02
   3.580  0.8370E+00  0.1016E+02
   3.600  0.8371E+00  0.1018E+02
   3.620  0.8373E+00  0.1020E+02
   3.640  0.8372E+00  0.1021E+02
   3.660  0.8367E+00  0.1023E+02
   3.680  0.8359E+00  0.1025E+02
   3.700  0.8351E+00  0.1026E+02
   3.720  0.8347E+00  0.1028E+02
   3.740  0.8347E+00  0.1030E+02
   3.760  0.8350E+00  0.1031E+02
   3.780  0.8351E+00  0.1033E+02
   3.800  0.8349E+00  0.1035E+02
   3.820  0.8342E+00  0.1036E+02
   3.840  0.8334E+00  0.1038E+02
   3.860  0.8329E+00  0.1040E+02
   3.880  0.8328E+00  0.1041E+02
   3.900  0.8330E+00  0.1043E+02
   3.920  0.8333E+00  0.1045E+02
   3.940  0.8334E+00  0.1046E+02
   3.960  0.8330E+00  0.1048E+02
   3.980  0.8324E+00  0.1050E+02
   4.000  0.8318E+00  0.1051E+02
   4.020  0.8316E+00  0.1053E+02
   4.040  0.8317E+00  0.1055E+02
   4.060  0.8322E+00  0.1056E+02
   4.080  0.8326E+00  0.1058E+02
   4.100  0.8327E+00  0.1060E+02
   4.120  0.8323E+00  0.1061E+02
   4.140  0.8318E+00  0.1063E+02
   4.160  0.8315E+00  0.1065E+02
   4.180  0.8317E+00  0.1066E+02
   4.200  0.8324E+00  0.1068E+02
   4.220  0.8332E+00  0.1070E+02
   4.240  0.8337E+00  0.1071E+02
   4.260  0.8339E+00  0.1073E+02
   4.280  0.8339E+00  0.1075E+02
   4.300  0.8340E+00  0.1076E+02
   4.320  0.8346E+00  0.1078E+02
   4.340  0.8357E+00  0.1080E+02
   4.360  0.8372E+00  0.1081E+02
   4.380  0.8389E+00  0.1083E+02
   4.400  0.8406E+00  0.1085E+02
   4.420  0.8423E+00  0.1087E+02
   4.440  0.8443E+00  0.1088E+02
   4.460  0.8471E+00  0.1090E+02
   4.480  0.8512E+00  0.1092E+02
   4.500  0.8570E+00  0.1093E+02
   4.520  0.8645E+00  0.1095E+02
   4.540  0.8735E+00  0.1097E+02
   4.560  0.8835E+00  0.1099E+02
   4.580  0.8938E+00  0.1100E+02
   4.600  0.9036E+00  0.1102E+02
   4.620  0.9117E+00  0.1104E+02
   4.640  0.9170E+00  0.1106E+02
   4.660  0.9183E+00  0.1108E+02
   4.680  0.9151E+00  0.1109E+02
   4.700  0.9076E+00  0.1111E+02
   4.720  0.8967E+00  0.1113E+02
   4.740  0.8834E+00  0.1115E+02
   4.760  0.8685E+00  0.1117E+02
   4.780  0.8524E+00  0.1118E+02
   4.800  0.8353E+00  0.1120E+02
   4.820  0.8178E+00  0.1122E+02
   4.840  0.8014E+00  0.1123E+02
   4.860  0.7883E+00  0.1125E+02
   4.880  0.7817E+00  0.1126E+02
   4.900  0.7849E+00  0.1128E+02
   4.920  0.8007E+00  0.1130E+02
   4.940  0.8304E+00  0.1131E+02
   4.960  0.8733E+00  0.1133E+02
   4.980  0.9258E+00  0.1135E+02
   5.000  0.9823E+00  0.1137E+02
   5.020  0.1036E+01  0.1139E+02
   5.040  0.1081E+01  0.1141E+02
   5.060  0.1112E+01  0.1143E+02
   5.080  0.1129E+01  0.1145E+02
   5.100  0.1134E+01  0.1148E+02
   5.120  0.1130E+01  0.1150E+02
   5.140  0.1120E+01  0.1152E+02
   5.160  0.1108E+01  0.1154E+02
   5.180  0.1096E+01  0.1157E+02
   5.200  0.1085E+01  0.1159E+02
   5.220  0.1076E+01  0.1161E+02
   5.240  0.1069E+01  0.1163E+02
   5.260  0.1065E+01  0.1165E+02
   5.280  0.1061E+01  0.1167E+02
   5.300  0.1059E+01  0.1169E+02
   5.320  0.1056E+01  0.1172E+02
   5.340  0.1053E+01  0.1174E+02
   5.360  0.1051E+01  0.1176E+02
   5.380  0.1049E+01  0.1178E+02
   5.400  0.1049E+01  0.1180E+02
   5.420  0.1048E+01  0.1182E+02
   5.440  0.1048E+01  0.1184E+02
   5.460  0.1047E+01  0.1186E+02
   5.480  0.1046E+01  0.1188E+02
   5.500  0.1045E+01  0.1190E+02
   5.520  0.1045E+01  0.1193E+02
   5.540  0.1045E+01  0.1195E+02
   5.560  0.1046E+01  0.1197E+02
   5.580  0.1047E+01  0.1199E+02
   5.600  0.1050E+01  0.1201E+02
   5.620  0.1054E+01  0.1203E+02
   5.640  0.1063E+01  0.1205E+02
   5.660  0.1079E+01  0.1207E+02
   5.680  0.1105E+01  0.1210E+02
   5.700  0.1144E+01  0.1212E+02
   5.720  0.1195E+01  0.1214E+02
   5.740  0.1258E+01  0.1217E+02
   5.760  0.1330E+01  0.1219E+02
   5.780  0.1403E+01  0.1222E+02
   5.800  0.1470E+01  0.1225E+02
   5.820  0.1525E+01  0.1228E+02
   5.840  0.1561E+01  0.1231E+02
   5.860  0.1578E+01  0.1234E+02
   5.880  0.1576E+01  0.1238E+02
   5.900  0.1562E+01  0.1241E+02
   5.920  0.1542E+01  0.1244E+02
   5.940  0.1524E+01  0.1247E+02
   5.960  0.1513E+01  0.1250E+02
   5.980  0.1512E+01  0.1253E+02
   6.000  0.1523E+01  0.1256E+02
   6.020  0.1543E+01  0.1259E+02
   6.040  0.1566E+01  0.1262E+02
   6.060  0.1588E+01  0.1265E+02
   6.080  0.1600E+01  0.1269E+02
   6.100  0.1601E+01  0.1272E+02
   6.120  0.1586E+01  0.1275E+02
   6.140  0.1558E+01  0.1278E+02
   6.160  0.1517E+01  0.1281E+02
   6.180  0.1464E+01  0.1284E+02
   6.200  0.1403E+01  0.1287E+02
   6.220  0.1336E+01  0.1289E+02
   6.240  0.1266E+01  0.1292E+02
   6.260  0.1199E+01  0.1294E+02
   6.280  0.1137E+01  0.1297E+02
   6.300  0.1083E+01  0.1299E+02
   6.320  0.1038E+01  0.1301E+02
   6.340  0.1002E+01  0.1303E+02
   6.360  0.9734E+00  0.1305E+02
   6.380  0.9507E+00  0.1307E+02
   6.400  0.9326E+00  0.1309E+02
   6.420  0.9181E+00  0.1310E+02
   6.440  0.9061E+00  0.1312E+02
   6.460  0.8962E+00  0.1314E+02
   6.480  0.8877E+00  0.1316E+02
   6.500  0.8805E+00  0.1318E+02
   6.520  0.8742E+00  0.1319E+02
   6.540  0.8681E+00  0.1321E+02
   6.560  0.8619E+00  0.1323E+02
   6.580  0.8555E+00  0.1325E+02
   6.600  0.8493E+00  0.1326E+02
   6.620  0.8437E+00  0.1328E+02
   6.640  0.8390E+00  0.1330E+02
   6.660  0.8347E+00  0.1331E+02
   6.680  0.8303E+00  0.1333E+02
   6.700  0.8253E+00  0.1335E+02
   6.720  0.8199E+00  0.1336E+02
   6.740  0.8148E+00  0.1338E+02
   6.760  0.8105E+00  0.1339E+02
   6.780  0.8071E+00  0.1341E+02
   6.800  0.8041E+00  0.1343E+02
   6.820  0.8008E+00  0.1344E+02
   6.840  0.7969E+00  0.1346E+02
   6.860  0.7926E+00  0.1347E+02
   6.880  0.7884E+00  0.1349E+02
   6.900  0.7848E+00  0.1351E+02
   6.920  0.7819E+00  0.1352E+02
   6.940  0.7793E+00  0.1354E+02
   6.960  0.7765E+00  0.1355E+02
   6.980  0.7734E+00  0.1357E+02
   7.000  0.7700E+00  0.1358E+02
   7.020  0.7667E+00  0.1360E+02
   7.040  0.7638E+00  0.1361E+02
   7.060  0.7612E+00  0.1363E+02
   7.080  0.7587E+00  0.1364E+02
   7.100  0.7564E+00  0.1366E+02
   7.120  0.7543E+00  0.1368E+02
   7.140  0.7524E+00  0.1369E+02
   7.160  0.7505E+00  0.1371E+02
   7.180  0.7484E+00  0.1372E+02
   7.200  0.7456E+00  0.1373E+02
   7.220  0.7423E+00  0.1375E+02
   7.240  0.7392E+00  0.1376E+02
   7.260  0.7368E+00  0.1378E+02
   7.280  0.7354E+00  0.1379E+02
   7.300  0.7347E+00  0.1381E+02
   7.320  0.7335E+00  0.1382E+02
   7.340  0.7314E+00  0.1384E+02
   7.360  0.7282E+00  0.1385E+02
   7.380  0.7250E+00  0.1387E+02
   7.400  0.7230E+00  0.1388E+02
   7.420  0.7227E+00  0.1390E+02
   7.440  0.7235E+00  0.1391E+02
   7.460  0.7237E+00  0.1392E+02
   7.480  0.7220E+00  0.1394E+02
   7.500  0.7181E+00  0.1395E+02
   7.520  0.7133E+00  0.1397E+02
   7.540  0.7095E+00  0.1398E+02
   7.560  0.7083E+00  0.1400E+02
   7.580  0.7094E+00  0.1401E+02
   7.600  0.7114E+00  0.1402E+02
   7.620  0.7119E+00  0.1404E+02
   7.640  0.7099E+00  0.1405E+02
   7.660  0.7057E+00  0.1407E+02
   7.680  0.7012E+00  0.1408E+02
   7.700  0.6985E+00  0.1410E+02
   7.720  0.6984E+00  0.1411E+02
   7.740  0.7004E+00  0.1412E+02
   7.760  0.7024E+00  0.1414E+02
   7.780  0.7026E+00  0.1415E+02
   7.800  0.6999E+00  0.1417E+02
   7.820  0.6955E+00  0.1418E+02
   7.840  0.6911E+00  0.1419E+02
   7.860  0.6890E+00  0.1421E+02
   7.880  0.6898E+00  0.1422E+02
   7.900  0.6929E+00  0.1423E+02
   7.920  0.6961E+00  0.1425E+02
   7.940  0.6974E+00  0.1426E+02
   7.960  0.6958E+00  0.1428E+02
   7.980  0.6920E+00  0.1429E+02
   8.000  0.6881E+00  0.1430E+02
   8.020  0.6861E+00  0.1432E+02
   8.040  0.6869E+00  0.1433E+02
   8.060  0.6898E+00  0.1435E+02
   8.080  0.6928E+00  0.1436E+02
   8.100  0.6938E+00  0.1437E+02
   8.120  0.6920E+00  0.1439E+02
   8.140  0.6882E+00  0.1440E+02
   8.160  0.6845E+00  0.1441E+02
   8.180  0.6829E+00  0.1443E+02
   8.200  0.6843E+00  0.1444E+02
   8.220  0.6879E+00  0.1446E+02
   8.240  0.6918E+00  0.1447E+02
   8.260  0.6941E+00  0.1448E+02
   8.280  0.6939E+00  0.1450E+02
   8.300  0.6920E+00  0.1451E+02
   8.320  0.6903E+00  0.1452E+02
   8.340  0.6911E+00  0.1454E+02
   8.360  0.6960E+00  0.1455E+02
   8.380  0.7055E+00  0.1457E+02
   8.400  0.7192E+00  0.1458E+02
   8.420  0.7367E+00  0.1460E+02
   8.440  0.7577E+00  0.1461E+02
   8.460  0.7826E+00  0.1463E+02
   8.480  0.8121E+00  0.1464E+02
   8.500  0.8460E+00  0.1466E+02
   8.520  0.8832E+00  0.1468E+02
   8.540  0.9214E+00  0.1470E+02
   8.560  0.9583E+00  0.1471E+02
   8.580  0.9921E+00  0.1473E+02
   8.600  0.1023E+01  0.1476E+02
   8.620  0.1050E+01  0.1478E+02
   8.640  0.1077E+01  0.1480E+02
   8.660  0.1101E+01  0.1482E+02
   8.680  0.1122E+01  0.1484E+02
   8.700  0.1135E+01  0.1486E+02
   8.720  0.1138E+01  0.1489E+02
   8.740  0.1127E+01  0.1491E+02
   8.760  0.1103E+01  0.1493E+02
   8.780  0.1070E+01  0.1495E+02
   8.800  0.1032E+01  0.1497E+02
   8.820  0.9944E+00  0.1499E+02
   8.840  0.9604E+00  0.1501E+02
   8.860  0.9310E+00  0.1503E+02
   8.880  0.9056E+00  0.1505E+02
   8.900  0.8824E+00  0.1507E+02
   8.920  0.8605E+00  0.1508E+02
   8.940  0.8396E+00  0.1510E+02
   8.960  0.8209E+00  0.1512E+02
   8.980  0.8054E+00  0.1513E+02
   9.000  0.7935E+00  0.1515E+02
   9.020  0.7843E+00  0.1517E+02
   9.040  0.7762E+00  0.1518E+02
   9.060  0.7672E+00  0.1520E+02
   9.080  0.7565E+00  0.1521E+02
   9.100  0.7442E+00  0.1523E+02
   9.120  0.7321E+00  0.1524E+02
   9.140  0.7218E+00  0.1526E+02
   9.160  0.7146E+00  0.1527E+02
   9.180  0.7103E+00  0.1528E+02
   9.200  0.7073E+00  0.1530E+02
   9.220  0.7036E+00  0.1531E+02
   9.240  0.6975E+00  0.1533E+02
   9.260  0.6887E+00  0.1534E+02
   9.280  0.6782E+00  0.1535E+02
   9.300  0.6680E+00  0.1537E+02
   9.320  0.6597E+00  0.1538E+02
   9.340  0.6540E+00  0.1539E+02
   9.360  0.6504E+00  0.1541E+02
   9.380  0.6472E+00  0.1542E+02
   9.400  0.6426E+00  0.1543E+02
   9.420  0.6357E+00  0.1544E+02
   9.440  0.6269E+00  0.1546E+02
   9.460  0.6180E+00  0.1547E+02
   9.480  0.6110E+00  0.1548E+02
   9.500  0.6075E+00  0.1549E+02
   9.520  0.6074E+00  0.1551E+02
   9.540  0.6090E+00  0.1552E+02
   9.560  0.6099E+00  0.1553E+02
   9.580  0.6077E+00  0.1554E+02
   9.600  0.6016E+00  0.1555E+02
   9.620  0.5927E+00  0.1557E+02
   9.640  0.5834E+00  0.1558E+02
   9.660  0.5764E+00  0.1559E+02
   9.680  0.5735E+00  0.1560E+02
   9.700  0.5741E+00  0.1561E+02
   9.720  0.5761E+00  0.1562E+02
   9.740  0.5763E+00  0.1564E+02
   9.760  0.5724E+00  0.1565E+02
   9.780  0.5636E+00  0.1566E+02
   9.800  0.5513E+00  0.1567E+02
   9.820  0.5380E+00  0.1568E+02
   9.840  0.5258E+00  0.1569E+02
   9.860  0.5150E+00  0.1570E+02
   9.880  0.5036E+00  0.1571E+02
   9.900  0.4884E+00  0.1572E+02
   9.920  0.4661E+00  0.1573E+02
   9.940  0.4357E+00  0.1574E+02
   9.960  0.3988E+00  0.1575E+02
   9.980  0.3596E+00  0.1575E+02
  10.000  0.3233E+00  0.1576E+02
  10.020  0.2938E+00  0.1577E+02
  10.040  0.2726E+00  0.1577E+02
  10.060  0.2580E+00  0.1578E+02
  10.080  0.2467E+00  0.1578E+02
  10.100  0.2358E+00  0.1579E+02
  10.120  0.2241E+00  0.1579E+02
  10.140  0.2127E+00  0.1580E+02
  10.160  0.2038E+00  0.1580E+02
  10.180  0.1993E+00  0.1580E+02
  10.200  0.1994E+00  0.1581E+02
  10.220  0.2022E+00  0.1581E+02
  10.240  0.2048E+00  0.1582E+02
  10.260  0.2047E+00  0.1582E+02
  10.280  0.2009E+00  0.1582E+02
  10.300  0.1948E+00  0.1583E+02
  10.320  0.1885E+00  0.1583E+02
  10.340  0.1843E+00  0.1584E+02
  10.360  0.1830E+00  0.1584E+02
  10.380  0.1840E+00  0.1584E+02
  10.400  0.1856E+00  0.1585E+02
  10.420  0.1861E+00  0.1585E+02
  10.440  0.1845E+00  0.1585E+02
  10.460  0.1811E+00  0.1586E+02
  10.480  0.1770E+00  0.1586E+02
  10.500  0.1733E+00  0.1586E+02
  10.520  0.1709E+00  0.1587E+02
  10.540  0.1698E+00  0.1587E+02
  10.560  0.1697E+00  0.1587E+02
  10.580  0.1696E+00  0.1588E+02
  10.600  0.1692E+00  0.1588E+02
  10.620  0.1679E+00  0.1588E+02
  10.640  0.1660E+00  0.1589E+02
  10.660  0.1636E+00  0.1589E+02
  10.680  0.1612E+00  0.1589E+02
  10.700  0.1594E+00  0.1590E+02
  10.720  0.1582E+00  0.1590E+02
  10.740  0.1578E+00  0.1590E+02
  10.760  0.1577E+00  0.1591E+02
  10.780  0.1577E+00  0.1591E+02
  10.800  0.1574E+00  0.1591E+02
  10.820  0.1568E+00  0.1592E+02
  10.840  0.1559E+00  0.1592E+02
  10.860  0.1546E+00  0.1592E+02
  10.880  0.1534E+00  0.1593E+02
  10.900  0.1524E+00  0.1593E+02
  10.920  0.1522E+00  0.1593E+02
  10.940  0.1529E+00  0.1594E+02
  10.960  0.1544E+00  0.1594E+02
  10.980  0.1562E+00  0.1594E+02
  11.000  0.1581E+00  0.1594E+02
  11.020  0.1600E+00  0.1595E+02
  11.040  0.1624E+00  0.1595E+02
  11.060  0.1658E+00  0.1595E+02
  11.080  0.1704E+00  0.1596E+02
  11.100  0.1760E+00  0.1596E+02
  11.120  0.1817E+00  0.1596E+02
  11.140  0.1865E+00  0.1597E+02
  11.160  0.1893E+00  0.1597E+02
  11.180  0.1893E+00  0.1598E+02
  11.200  0.1858E+00  0.1598E+02
  11.220  0.1784E+00  0.1598E+02
  11.240  0.1670E+00  0.1599E+02
  11.260  0.1515E+00  0.1599E+02
  11.280  0.1323E+00  0.1599E+02
  11.300  0.1106E+00  0.1599E+02
  11.320  0.8784E-01  0.1600E+02
  11.340  0.6594E-01  0.1600E+02
  11.360  0.4654E-01  0.1600E+02
  11.380  0.3075E-01  0.1600E+02
  11.400  0.1896E-01  0.1600E+02
  11.420  0.1087E-01  0.1600E+02
  11.440  0.5780E-02  0.1600E+02
  11.460  0.2847E-02  0.1600E+02
  11.480  0.1296E-02  0.1600E+02
  11.500  0.5448E-03  0.1600E+02
  11.520  0.2112E-03  0.1600E+02
  11.540  0.7543E-04  0.1600E+02
  11.560  0.2480E-04  0.1600E+02
  11.580  0.7501E-05  0.1600E+02
  11.600  0.2086E-05  0.1600E+02
  11.620  0.5333E-06  0.1600E+02
  11.640  0.1252E-06  0.1600E+02
  11.660  0.2701E-07  0.1600E+02
  11.680  0.5348E-08  0.1600E+02
  11.700  0.9719E-09  0.1600E+02
  11.720  0.1621E-09  0.1600E+02
  11.740  0.2481E-10  0.1600E+02
  11.760  0.3482E-11  0.1600E+02
  11.780  0.4484E-12  0.1600E+02
  11.800  0.5295E-13  0.1600E+02
  11.820  0.5734E-14  0.1600E+02
  11.840  0.5693E-15  0.1600E+02
  11.860  0.5183E-16  0.1600E+02
  11.880  0.4326E-17  0.1600E+02
  11.900  0.3310E-18  0.1600E+02
  11.920  0.2321E-19  0.1600E+02
  11.940  0.1492E-20  0.1600E+02
  11.960  0.8791E-22  0.1600E+02
  11.980  0.4747E-23  0.1600E+02
  12.000  0.2349E-24  0.1600E+02
  12.020  0.1065E-25  0.1600E+02
  12.040  0.4428E-27  0.1600E+02
  12.060  0.1686E-28  0.1600E+02
  12.080  0.5885E-30  0.1600E+02
  12.100  0.1882E-31  0.1600E+02
  12.120  0.5515E-33  0.1600E+02
  12.140  0.1481E-34  0.1600E+02
  12.160  0.3642E-36  0.1600E+02
  12.180  0.8210E-38  0.1600E+02
  12.200  0.1695E-39  0.1600E+02
  12.220  0.3208E-41  0.1600E+02
  12.240  0.5560E-43  0.1600E+02
  12.260  0.8829E-45  0.1600E+02
  12.280  0.1284E-46  0.1600E+02
  12.300  0.1712E-48  0.1600E+02
  12.320  0.2090E-50  0.1600E+02
  12.340  0.2338E-52  0.1600E+02
  12.360  0.2396E-54  0.1600E+02
  12.380  0.2249E-56  0.1600E+02
  12.400  0.1934E-58  0.1600E+02
  12.420  0.1523E-60  0.1600E+02
  12.440  0.1099E-62  0.1600E+02
  12.460  0.7262E-65  0.1600E+02
  12.480  0.4396E-67  0.1600E+02
  12.500  0.2438E-69  0.1600E+02
  12.520  0.1238E-71  0.1600E+02
  12.540  0.5761E-74  0.1600E+02
  12.560  0.2455E-76  0.1600E+02
  12.580  0.9582E-79  0.1600E+02
  12.600  0.3427E-81  0.1600E+02
  12.620  0.1253E-83  0.1600E+02
  12.640  0.1345E-84  0.1600E+02
  12.660  0.1312E-84  0.1600E+02
  12.680  0.1312E-84  0.1600E+02
  12.700  0.1312E-84  0.1600E+02
  12.720  0.1312E-84  0.1600E+02
  12.740  0.1312E-84  0.1600E+02
  12.760  0.1312E-84  0.1600E+02
  12.780  0.1312E-84  0.1600E+02
  12.800  0.1312E-84  0.1600E+02
  12.820  0.1312E-84  0.1600E+02
  12.840  0.1312E-84  0.1600E+02
  12.860  0.1312E-84  0.1600E+02
  12.880  0.1312E-84  0.1600E+02
  12.900  0.1312E-84  0.1600E+02
  12.920  0.1312E-84  0.1600E+02
  12.940  0.1312E-84  0.1600E+02
  12.960  0.1312E-84  0.1600E+02
  12.980  0.1312E-84  0.1600E+02
  13.000  0.1312E-84  0.1600E+02
  13.020  0.1312E-84  0.1600E+02
  13.040  0.1312E-84  0.1600E+02
  13.060  0.1312E-84  0.1600E+02
  13.080  0.1312E-84  0.1600E+02
  13.100  0.1312E-84  0.1600E+02
  13.120  0.1312E-84  0.1600E+02
  13.140  0.1312E-84  0.1600E+02
  13.160  0.1312E-84  0.1600E+02
  13.180  0.1312E-84  0.1600E+02
  13.200  0.1312E-84  0.1600E+02
  13.220  0.1312E-84  0.1600E+02
  13.240  0.1312E-84  0.1600E+02
  13.260  0.1312E-84  0.1600E+02
  13.280  0.1312E-84  0.1600E+02
  13.300  0.1312E-84  0.1600E+02
  13.320  0.1312E-84  0.1600E+02
  13.340  0.1312E-84  0.1600E+02
  13.360  0.1312E-84  0.1600E+02
  13.380  0.1312E-84  0.1600E+02
  13.400  0.1312E-84  0.1600E+02
  13.420  0.1312E-84  0.1600E+02
  13.440  0.1312E-84  0.1600E+02
  13.460  0.1312E-84  0.1600E+02
  13.480  0.1312E-84  0.1600E+02
  13.500  0.1312E-84  0.1600E+02
  13.520  0.1312E-84  0.1600E+02
  13.540  0.1312E-84  0.1600E+02
  13.560  0.1312E-84  0.1600E+02
  13.580  0.1312E-84  0.1600E+02
  13.600  0.1312E-84  0.1600E+02
  13.620  0.1312E-84  0.1600E+02
  13.640  0.1312E-84  0.1600E+02
  13.660  0.1312E-84  0.1600E+02
  13.680  0.1312E-84  0.1600E+02
  13.700  0.1312E-84  0.1600E+02
  13.720  0.1312E-84  0.1600E+02
  13.740  0.1312E-84  0.1600E+02
  13.760  0.1312E-84  0.1600E+02
  13.780  0.1312E-84  0.1600E+02
  13.800  0.1312E-84  0.1600E+02
  13.820  0.1312E-84  0.1600E+02
  13.840  0.1312E-84  0.1600E+02
  13.860  0.1312E-84  0.1600E+02
  13.880  0.1312E-84  0.1600E+02
  13.900  0.1312E-84  0.1600E+02
  13.920  0.1312E-84  0.1600E+02
  13.940  0.1312E-84  0.1600E+02
  13.960  0.1312E-84  0.1600E+02
  13.980  0.1312E-84  0.1600E+02
  14.000  0.1312E-84  0.1600E+02
  14.020  0.1312E-84  0.1600E+02
  14.040  0.1312E-84  0.1600E+02
  14.060  0.1312E-84  0.1600E+02
  14.080  0.1312E-84  0.1600E+02
  14.100  0.1312E-84  0.1600E+02
  14.120  0.1312E-84  0.1600E+02
  14.140  0.1312E-84  0.1600E+02
  14.160  0.1312E-84  0.1600E+02
  14.180  0.1312E-84  0.1600E+02
  14.200  0.1312E-84  0.1600E+02
  14.220  0.1312E-84  0.1600E+02
  14.240  0.1312E-84  0.1600E+02
  14.260  0.1312E-84  0.1600E+02
  14.280  0.1312E-84  0.1600E+02
  14.300  0.1312E-84  0.1600E+02
  14.320  0.1312E-84  0.1600E+02
  14.340  0.1312E-84  0.1600E+02
  14.360  0.1312E-84  0.1600E+02
  14.380  0.1312E-84  0.1600E+02
  14.400  0.1312E-84  0.1600E+02
  14.420  0.1312E-84  0.1600E+02
  14.440  0.1312E-84  0.1600E+02
  14.460  0.1312E-84  0.1600E+02
  14.480  0.1312E-84  0.1600E+02
  14.500  0.1312E-84  0.1600E+02
  14.520  0.1312E-84  0.1600E+02
  14.540  0.1312E-84  0.1600E+02
  14.560  0.1312E-84  0.1600E+02
  14.580  0.1312E-84  0.1600E+02
  14.600  0.1312E-84  0.1600E+02
  14.620  0.1312E-84  0.1600E+02
  14.640  0.1312E-84  0.1600E+02
  14.660  0.1312E-84  0.1600E+02
  14.680  0.1312E-84  0.1600E+02
  14.700  0.1312E-84  0.1600E+02
  14.720  0.1312E-84  0.1600E+02
  14.740  0.1312E-84  0.1600E+02
  14.760  0.1312E-84  0.1600E+02
  14.780  0.1312E-84  0.1600E+02
  14.800  0.1312E-84  0.1600E+02
  14.820  0.1312E-84  0.1600E+02
  14.840  0.1312E-84  0.1600E+02
  14.860  0.1312E-84  0.1600E+02
  14.880  0.1312E-84  0.1600E+02
  14.900  0.1312E-84  0.1600E+02
  14.920  0.1312E-84  0.1600E+02
  14.940  0.1312E-84  0.1600E+02
  14.960  0.1312E-84  0.1600E+02
  14.980  0.1312E-84  0.1600E+02
  15.000  0.1312E-84  0.1600E+02
