    0.000000000   -0.040058431    0.082424577
    0.094486306   -0.039711921    0.068947971
    0.188972612   -0.034959230    0.056438769
    0.283458919   -0.035498550    0.045064510
    0.377945225   -0.032260973    0.034606801
    0.472431531   -0.030871104    0.025239466
    0.566917837   -0.029289384    0.016867689
    0.661404143   -0.026831708    0.009499529
    0.755890450   -0.025656001    0.003200150
    0.850376756   -0.023347652   -0.002138388
    0.944863062   -0.021683781   -0.006405878
    1.039349368   -0.019954571   -0.009673168
    1.133835674   -0.017829012   -0.011942081
    1.228321981   -0.016322223   -0.013121234
    1.322808287   -0.014233574   -0.013386135
    1.417294593   -0.012496463   -0.012511515
    1.511780899   -0.010716956   -0.010674482
    1.606267205   -0.008710377   -0.008787410
    1.700753511   -0.007076319   -0.006997011
    1.795239818   -0.005077400   -0.005127618
    1.889726124   -0.003309150   -0.003304595
    1.984212430   -0.001506022   -0.001467396
    2.078698736    0.000443377    0.000379581
    2.173185042    0.002140664    0.002204395
    2.267671349    0.004093644    0.004052520
    2.362157655    0.005878156    0.005884379
    2.456643961    0.007694336    0.007721691
    2.551130267    0.009611727    0.009563738
    2.645616573    0.011345098    0.011394665
    2.740102880    0.013271388    0.013237972
    2.834589186    0.015065453    0.015072189
    2.929075492    0.016889598    0.016909576
    3.023561798    0.018787305    0.018749874
    3.118048104    0.020543138    0.020583120
    3.212534411    0.022452623    0.022424465
    3.307020717    0.024252736    0.024259676
    3.401507023    0.026082076    0.026097110
    3.495993329    0.027966894    0.027936548
    3.590479635    0.029737546    0.029770943
    3.684965942    0.031635859    0.031611271
    3.779452248    0.033439995    0.033446989
    3.873938554    0.035272884    0.035284446
    3.968424860    0.037148882    0.037123381
    4.062911166    0.038929707    0.038958420
    4.157397473    0.040820305    0.040798136
    4.251883779    0.042627166    0.042634130
    4.346370085    0.044462529    0.044471581
    4.440856391    0.046332287    0.046310173
    4.535342697    0.048120237    0.048145582
    4.629829003    0.050005368    0.049984874
    4.724315310    0.051814145    0.051820995
    4.818801616    0.053651296    0.053658391
    4.913287922    0.055516571    0.055496695
    5.007774228    0.057309618    0.057332274
    5.102260534    0.059190827    0.059171198
    5.196746841    0.061000906    0.061007302
    5.291233147    0.062839329    0.062844544
    5.385719453    0.064701311    0.064682513
    5.480205759    0.066497949    0.066518041
    5.574692065    0.068376300    0.068356522
    5.669178372    0.070187184    0.070192384
    5.763664678    0.072026452    0.072029250
    5.858150984    0.073885948    0.073866675
    5.952637290    0.075684980    0.075701793
    6.047123596    0.077561176    0.077539529
    6.141609903    0.079372370    0.079374703
    6.236096209    0.081212031    0.081210690
    6.330582515    0.083069502    0.083047008
    6.425068821    0.084869825    0.084880973
    6.519555127    0.086744211    0.086717171
    6.614041434    0.088555072    0.088550654
    6.708527740    0.090394482    0.090384596
    6.803014046    0.092249941    0.092218455
    6.897500352    0.094050246    0.094049605
    6.991986658    0.095922619    0.095882365
    7.086472964    0.097732039    0.097711861
    7.180959271    0.099570009    0.099541054
    7.275445577    0.101422682    0.101369277
    7.369931883    0.103220945    0.103193807
    7.464418189    0.105090052    0.105018681
    7.558904495    0.106895768    0.106838887
    7.653390802    0.108729747    0.108657067
    7.747877108    0.110577154    0.110472266
    7.842363414    0.112369473    0.112281390
    7.936849720    0.114231754    0.114088037
    8.031336026    0.116028826    0.115886689
    8.125822333    0.117853112    0.117679366
    8.220308639    0.119688958    0.119464423
    8.314794945    0.121466957    0.121237861
    8.409281251    0.123313506    0.123002342
    8.503767557    0.125090672    0.124751095
    8.598253864    0.126892152    0.126484760
    8.692740170    0.128701386    0.128200076
    8.787226476    0.130446361    0.129890964
    8.881712782    0.132256085    0.131557919
    8.976199088    0.133987562    0.133191270
    9.070685395    0.135735958    0.134788459
    9.165171701    0.137483185    0.136342423
    9.259658007    0.139152354    0.137842326
    9.354144313    0.140875889    0.139283512
    9.448630619    0.142502426    0.140649653
    9.543116926    0.144128046    0.141930710
    9.637603232    0.145731260    0.143110670
    9.732089538    0.147226505    0.144167718
    9.826575844    0.148749163    0.145084894
    9.921062150    0.150133969    0.145830426
   10.015548456    0.151475634    0.146376618
   10.110034763    0.152744819    0.146686363
   10.204521069    0.153840207    0.146712340
   10.299007375    0.154896556    0.146408409
   10.393493681    0.155723923    0.145706905
   10.487979987    0.156408634    0.144538672
   10.582466294    0.156902634    0.142817239
   10.676952600    0.157074145    0.140436246
   10.771438906    0.157046232    0.137281575
   10.865925212    0.156582122    0.133203334
   10.960411518    0.155741600    0.128037490
   11.054897825    0.154431857    0.121585644
   11.149384131    0.152457459    0.113609510
   11.243870437    0.149899408    0.103843867
   11.338356743    0.146424993    0.091959562
   11.432843049    0.142022626    0.077589661
   11.527329356    0.136494264    0.060300859
   11.621815662    0.129506668    0.039585964
   11.716301968    0.121024511    0.014882952
   11.810788274    0.110509432   -0.014474133
   11.905274580    0.097772356   -0.049216689
   11.999760887    0.082371529   -0.090239526
   12.094247193    0.063672412   -0.138496249
   12.188733499    0.041357554   -0.194487027
   12.283219805    0.014450409   -0.258200299
   12.377706111   -0.017638730   -0.329260784
   12.472192418   -0.055879192   -0.406809880
   12.566678724   -0.101528880   -0.489496415
   12.661165030   -0.155508442   -0.575495024
   12.755651336   -0.219664274   -0.662579118
   12.850137642   -0.295332974   -0.748366921
   12.944623948   -0.384477244   -0.830620057
   13.039110255   -0.489416912   -0.907500142
   13.133596561   -0.611953166   -0.977623167
   13.228082867   -0.755173087   -1.040095930
   13.322569173   -0.921295291   -1.094492092
   13.417055479   -1.115299322   -1.140734101
   13.511541786   -1.339055766   -1.179247772
   13.606028092   -1.578639979   -1.210884161
   13.700514398   -1.818065193   -1.236425506
   13.795000704   -2.046292932   -1.256460395
   13.889487010   -2.248280369   -1.271485332
   13.983973317   -2.408850729   -1.281867816
   14.078459623   -2.513499435   -1.287873254
   14.172945929   -2.549707489   -1.289664527
   14.267432235   -2.512996889   -1.287280429
   14.361918541   -2.407824610   -1.280672380
   14.456404848   -2.246788382   -1.269671211
   14.550891154   -2.044307101   -1.254000164
   14.645377460   -1.815631119   -1.233286237
   14.739863766   -1.575771589   -1.207024718
   14.834350072   -1.335729951   -1.174619471
   14.928836379   -1.111552246   -1.135284860
   15.023322685   -0.917055671   -1.088161786
   15.117808991   -0.750424132   -1.032822569
   15.212295297   -0.606631151   -0.969340256
   15.306781603   -0.483411766   -0.898137146
   15.401267910   -0.377736198   -0.820106211
   15.495754216   -0.287697460   -0.736625941
   15.590240522   -0.211037904   -0.649534773
   15.684726828   -0.145757228   -0.561067845
   15.779213134   -0.090483453   -0.473603587
   15.873699440   -0.043441025   -0.389368767
   15.968185747   -0.003614441   -0.310183314
   16.062672053    0.030178549   -0.237398569
   16.157158359    0.058934006   -0.171870089
   16.251644665    0.083267369   -0.113970239
   16.346130971    0.104073623   -0.063711744
   16.440617278    0.121759515   -0.020590410
   16.535103584    0.136875769    0.016345031
   16.629589890    0.149886493    0.047989764
   16.724076196    0.161003482    0.075075044
   16.818562502    0.170678630    0.098262227
   16.913048809    0.179037633    0.118114082
   17.007535115    0.186326777    0.135132147
   17.102021421    0.192767286    0.149747125
   17.196507727    0.198395101    0.162323239
   17.290994033    0.203454796    0.173182698
   17.385480340    0.207960667    0.182589804
   17.479966646    0.212019997    0.190775736
   17.574452952    0.215751752    0.197935365
   17.668939258    0.219123783    0.204229537
   17.763425564    0.222283383    0.209800866
   17.857911871    0.225209103    0.214762824
   17.952398177    0.227943010    0.219214937
   18.046884483    0.230562587    0.223240778
   18.141370789    0.233012527    0.226907183
   18.235857095    0.235390892    0.230275297
   18.330343402    0.237671321    0.233391826
   18.424829708    0.239862573    0.236298206
   18.519316014    0.242026407    0.239029796
   18.613802320    0.244102289    0.241613217
   18.708288626    0.246159792    0.244074631
   18.802774932    0.248179255    0.246432899
   18.897261239    0.250149436    0.248704834
   18.991747545    0.252127069    0.250905739
   19.086233851    0.254053315    0.253045656
   19.180720157    0.255978575    0.255135942
   19.275206463    0.257894343    0.257184266
   19.369692770    0.259775014    0.259197019
   19.464179076    0.261676822    0.261181300
   19.558665382    0.263545064    0.263140470
   19.653151688    0.265415002    0.265079507
   19.747637994    0.267291023    0.267001816
   19.842124301    0.269135426    0.268909262
   19.936610607    0.271006072    0.270805628
   20.031096913    0.272853327    0.272691671
   20.125583219    0.274698937    0.274569445
   20.220069525    0.276561121    0.276440943
   20.314555832    0.278390631    0.278305921
   20.409042138    0.280248047    0.280166867
   20.503528444    0.282089199    0.282023634
   20.598014750    0.283922641    0.283876751
   20.692501056    0.285781440    0.285728002
   20.786987363    0.287604440    0.287576011
   20.881473669    0.289455703    0.289422794
   20.975959975    0.291296861    0.291268022
   21.070446281    0.293122677    0.293111232
   21.164932587    0.294982484    0.294954550
   21.259418893    0.296802134    0.296795831
   21.353905200    0.298649909    0.298636965
   21.448391506    0.300493763    0.300477776
   21.542877812    0.302313286    0.302316950
   21.637364118    0.304176214    0.304157261
   21.731850424    0.305993585    0.305995886
   21.826336731    0.307838762    0.307834730
   21.920823037    0.309686836    0.309673976
   22.015309343    0.311499936    0.311511393
   22.109795649    0.313367363    0.313350670
   22.204281955    0.315182621    0.315188239
   22.298768262    0.317025298    0.317026085
   22.393254568    0.318878886    0.318864941
   22.487740874    0.320684573    0.320701433
   22.582227180    0.322557860    0.322540488
   22.676713486    0.324370732    0.324377621
   22.771199793    0.326210572    0.326214925
   22.865686099    0.328071219    0.328053937
   22.960172405    0.329867703    0.329889719
   23.054658711    0.331748604    0.331728943
   23.149145017    0.333558481    0.333565873
   23.243631324    0.335394784    0.335402719
   23.338117630    0.337264692    0.337242261
   23.432603936    0.339049132    0.339077221
   23.527090242    0.340940209    0.340916903
   23.621576548    0.342746085    0.342753711
   23.716062855    0.344577676    0.344589961
   23.810549161    0.346460231    0.346430511
   23.905035467    0.348228100    0.348264212
   23.999521773    0.350133382    0.350104757
   24.094008079    0.351933629    0.351941464
   24.188494385    0.353758543    0.353776668
   24.282980692    0.355659297    0.355619199
   24.377466998    0.357403006    0.357450500
   24.471953304    0.359329219    0.359292816
   24.566439610    0.361121053    0.361129414
   24.660925916    0.362935795    0.362962227
   24.755412223    0.364864575    0.364809607
   24.849898529    0.366570607    0.366634730
   24.944384835    0.368530055    0.368482009
   25.038871141    0.370308424    0.370318470
   25.133357447    0.372106352    0.372142420
   25.227843754    0.374082361    0.374011103
   25.322330060    0.375723627    0.375801752
   25.416816366    0.377741450    0.377689160
   25.511302672    0.379495786    0.379525432
   25.605788978    0.381262054    0.380400957
   25.700275285    0.383329036    0.380135381
   25.794761591    0.384841542    0.378956422
   25.889247897    0.386979515    0.376687881
   25.983734203    0.388683141    0.373419812
   26.078220509    0.390375673    0.369153209
   26.172706816    0.392663561    0.363814034
   26.267193122    0.393843527    0.357514800
   26.361679428    0.396314770    0.350147050
   26.456165734    0.397870491    0.341774478
   26.550652040    0.399288544    0.332408014
   26.645138347    0.402506841    0.321949707
   26.739624653    0.401970346    0.310575544
   26.834110959    0.406737744    0.298066790
   26.928597265    0.407057836    0.284589374
   27.023083571    0.379074888    0.271066545
   27.117569877    0.345525682    0.257640052
   27.212056184    0.319111588    0.244129485
   27.306542490    0.287078231    0.230674565
   27.401028796    0.258019085    0.217195513
   27.495515102    0.228856341    0.203712528
   27.590001408    0.197421387    0.190254225
   27.684487715    0.169588326    0.176760046
   27.778974021    0.138170351    0.163302266
   27.873460327    0.108980329    0.149818442
   27.967946633    0.079948027    0.136340214
   28.062432939    0.047898827    0.122884809
   28.156919246    0.021483324    0.109374194
   28.251405552   -0.012047759    0.095948261
