#  E (eV)   dos(E)     Int dos(E) EFermi =   -1.553 eV
 -24.000  0.1312E-84  0.2623E-86
 -23.980  0.1312E-84  0.5247E-86
 -23.960  0.1312E-84  0.7870E-86
 -23.940  0.1312E-84  0.1049E-85
 -23.920  0.1312E-84  0.1312E-85
 -23.900  0.1312E-84  0.1574E-85
 -23.880  0.1312E-84  0.1836E-85
 -23.860  0.1312E-84  0.2099E-85
 -23.840  0.1312E-84  0.2361E-85
 -23.820  0.1312E-84  0.2623E-85
 -23.800  0.1312E-84  0.2886E-85
 -23.780  0.1312E-84  0.3148E-85
 -23.760  0.1312E-84  0.3410E-85
 -23.740  0.1312E-84  0.3673E-85
 -23.720  0.1312E-84  0.3935E-85
 -23.700  0.1312E-84  0.4197E-85
 -23.680  0.1312E-84  0.4460E-85
 -23.660  0.1312E-84  0.4722E-85
 -23.640  0.1312E-84  0.4984E-85
 -23.620  0.1312E-84  0.5247E-85
 -23.600  0.1312E-84  0.5509E-85
 -23.580  0.1312E-84  0.5771E-85
 -23.560  0.1312E-84  0.6034E-85
 -23.540  0.1312E-84  0.6296E-85
 -23.520  0.1312E-84  0.6558E-85
 -23.500  0.1312E-84  0.6821E-85
 -23.480  0.1312E-84  0.7083E-85
 -23.460  0.1312E-84  0.7345E-85
 -23.440  0.1312E-84  0.7608E-85
 -23.420  0.1312E-84  0.7870E-85
 -23.400  0.1312E-84  0.8132E-85
 -23.380  0.1312E-84  0.8395E-85
 -23.360  0.1312E-84  0.8657E-85
 -23.340  0.1312E-84  0.8919E-85
 -23.320  0.1312E-84  0.9182E-85
 -23.300  0.1312E-84  0.9444E-85
 -23.280  0.1312E-84  0.9706E-85
 -23.260  0.1312E-84  0.9969E-85
 -23.240  0.1312E-84  0.1023E-84
 -23.220  0.1312E-84  0.1049E-84
 -23.200  0.1312E-84  0.1076E-84
 -23.180  0.1312E-84  0.1102E-84
 -23.160  0.1312E-84  0.1128E-84
 -23.140  0.1312E-84  0.1154E-84
 -23.120  0.1312E-84  0.1181E-84
 -23.100  0.1312E-84  0.1207E-84
 -23.080  0.1312E-84  0.1233E-84
 -23.060  0.1312E-84  0.1259E-84
 -23.040  0.1312E-84  0.1285E-84
 -23.020  0.1312E-84  0.1312E-84
 -23.000  0.1312E-84  0.1338E-84
 -22.980  0.1312E-84  0.1364E-84
 -22.960  0.1312E-84  0.1390E-84
 -22.940  0.1312E-84  0.1417E-84
 -22.920  0.1312E-84  0.1443E-84
 -22.900  0.1312E-84  0.1469E-84
 -22.880  0.1312E-84  0.1495E-84
 -22.860  0.1312E-84  0.1522E-84
 -22.840  0.1312E-84  0.1548E-84
 -22.820  0.1312E-84  0.1574E-84
 -22.800  0.1312E-84  0.1600E-84
 -22.780  0.1312E-84  0.1626E-84
 -22.760  0.1312E-84  0.1653E-84
 -22.740  0.1312E-84  0.1679E-84
 -22.720  0.1312E-84  0.1705E-84
 -22.700  0.1312E-84  0.1731E-84
 -22.680  0.1312E-84  0.1758E-84
 -22.660  0.1312E-84  0.1784E-84
 -22.640  0.1312E-84  0.1810E-84
 -22.620  0.1312E-84  0.1836E-84
 -22.600  0.1312E-84  0.1863E-84
 -22.580  0.1312E-84  0.1889E-84
 -22.560  0.1312E-84  0.1915E-84
 -22.540  0.1312E-84  0.1941E-84
 -22.520  0.1312E-84  0.1968E-84
 -22.500  0.1312E-84  0.1994E-84
 -22.480  0.1312E-84  0.2020E-84
 -22.460  0.1312E-84  0.2046E-84
 -22.440  0.1312E-84  0.2072E-84
 -22.420  0.1312E-84  0.2099E-84
 -22.400  0.1324E-84  0.2125E-84
 -22.380  0.5768E-84  0.2241E-84
 -22.360  0.1398E-81  0.3021E-83
 -22.340  0.4010E-79  0.8049E-81
 -22.320  0.1054E-76  0.2116E-78
 -22.300  0.2537E-74  0.5096E-76
 -22.280  0.5594E-72  0.1124E-73
 -22.260  0.1129E-69  0.2270E-71
 -22.240  0.2088E-67  0.4200E-69
 -22.220  0.3537E-65  0.7116E-67
 -22.200  0.5486E-63  0.1104E-64
 -22.180  0.7792E-61  0.1570E-62
 -22.160  0.1014E-58  0.2043E-60
 -22.140  0.1208E-56  0.2436E-58
 -22.120  0.1318E-54  0.2661E-56
 -22.100  0.1318E-52  0.2662E-54
 -22.080  0.1206E-50  0.2440E-52
 -22.060  0.1012E-48  0.2048E-50
 -22.040  0.7771E-47  0.1575E-48
 -22.020  0.5467E-45  0.1109E-46
 -22.000  0.3523E-43  0.7157E-45
 -21.980  0.2080E-41  0.4231E-43
 -21.960  0.1124E-39  0.2291E-41
 -21.940  0.5569E-38  0.1137E-39
 -21.920  0.2527E-36  0.5167E-38
 -21.900  0.1050E-34  0.2152E-36
 -21.880  0.3999E-33  0.8213E-35
 -21.860  0.1395E-31  0.2872E-33
 -21.840  0.4458E-30  0.9202E-32
 -21.820  0.1305E-28  0.2702E-30
 -21.800  0.3501E-27  0.7272E-29
 -21.780  0.8604E-26  0.1794E-27
 -21.760  0.1938E-24  0.4055E-26
 -21.740  0.3998E-23  0.8402E-25
 -21.720  0.7561E-22  0.1596E-23
 -21.700  0.1310E-20  0.2780E-22
 -21.680  0.2081E-19  0.4439E-21
 -21.660  0.3028E-18  0.6500E-20
 -21.640  0.4040E-17  0.8729E-19
 -21.620  0.4939E-16  0.1075E-17
 -21.600  0.5537E-15  0.1215E-16
 -21.580  0.5690E-14  0.1259E-15
 -21.560  0.5361E-13  0.1198E-14
 -21.540  0.4631E-12  0.1046E-13
 -21.520  0.3669E-11  0.8385E-13
 -21.500  0.2667E-10  0.6172E-12
 -21.480  0.1778E-09  0.4172E-11
 -21.460  0.1087E-08  0.2591E-10
 -21.440  0.6101E-08  0.1479E-09
 -21.420  0.3143E-07  0.7765E-09
 -21.400  0.1486E-06  0.3749E-08
 -21.380  0.6455E-06  0.1666E-07
 -21.360  0.2575E-05  0.6816E-07
 -21.340  0.9440E-05  0.2570E-06
 -21.320  0.3182E-04  0.8933E-06
 -21.300  0.9864E-04  0.2866E-05
 -21.280  0.2815E-03  0.8495E-05
 -21.260  0.7397E-03  0.2329E-04
 -21.240  0.1792E-02  0.5912E-04
 -21.220  0.4005E-02  0.1392E-03
 -21.200  0.8271E-02  0.3046E-03
 -21.180  0.1580E-01  0.6207E-03
 -21.160  0.2799E-01  0.1180E-02
 -21.140  0.4605E-01  0.2101E-02
 -21.120  0.7057E-01  0.3513E-02
 -21.100  0.1011E+00  0.5535E-02
 -21.080  0.1359E+00  0.8252E-02
 -21.060  0.1722E+00  0.1170E-01
 -21.040  0.2069E+00  0.1583E-01
 -21.020  0.2374E+00  0.2058E-01
 -21.000  0.2619E+00  0.2582E-01
 -20.980  0.2799E+00  0.3142E-01
 -20.960  0.2921E+00  0.3726E-01
 -20.940  0.2996E+00  0.4325E-01
 -20.920  0.3039E+00  0.4933E-01
 -20.900  0.3062E+00  0.5545E-01
 -20.880  0.3073E+00  0.6160E-01
 -20.860  0.3078E+00  0.6776E-01
 -20.840  0.3081E+00  0.7392E-01
 -20.820  0.3082E+00  0.8008E-01
 -20.800  0.3083E+00  0.8625E-01
 -20.780  0.3084E+00  0.9241E-01
 -20.760  0.3084E+00  0.9858E-01
 -20.740  0.3085E+00  0.1048E+00
 -20.720  0.3086E+00  0.1109E+00
 -20.700  0.3086E+00  0.1171E+00
 -20.680  0.3087E+00  0.1233E+00
 -20.660  0.3088E+00  0.1294E+00
 -20.640  0.3089E+00  0.1356E+00
 -20.620  0.3089E+00  0.1418E+00
 -20.600  0.3090E+00  0.1480E+00
 -20.580  0.3091E+00  0.1542E+00
 -20.560  0.3091E+00  0.1603E+00
 -20.540  0.3092E+00  0.1665E+00
 -20.520  0.3093E+00  0.1727E+00
 -20.500  0.3094E+00  0.1789E+00
 -20.480  0.3094E+00  0.1851E+00
 -20.460  0.3095E+00  0.1913E+00
 -20.440  0.3096E+00  0.1975E+00
 -20.420  0.3096E+00  0.2037E+00
 -20.400  0.3097E+00  0.2099E+00
 -20.380  0.3098E+00  0.2161E+00
 -20.360  0.3099E+00  0.2223E+00
 -20.340  0.3099E+00  0.2285E+00
 -20.320  0.3100E+00  0.2347E+00
 -20.300  0.3101E+00  0.2409E+00
 -20.280  0.3102E+00  0.2471E+00
 -20.260  0.3103E+00  0.2533E+00
 -20.240  0.3103E+00  0.2595E+00
 -20.220  0.3104E+00  0.2657E+00
 -20.200  0.3105E+00  0.2719E+00
 -20.180  0.3106E+00  0.2781E+00
 -20.160  0.3106E+00  0.2843E+00
 -20.140  0.3107E+00  0.2905E+00
 -20.120  0.3108E+00  0.2967E+00
 -20.100  0.3109E+00  0.3030E+00
 -20.080  0.3110E+00  0.3092E+00
 -20.060  0.3110E+00  0.3154E+00
 -20.040  0.3111E+00  0.3216E+00
 -20.020  0.3112E+00  0.3278E+00
 -20.000  0.3113E+00  0.3341E+00
 -19.980  0.3114E+00  0.3403E+00
 -19.960  0.3114E+00  0.3465E+00
 -19.940  0.3115E+00  0.3528E+00
 -19.920  0.3116E+00  0.3590E+00
 -19.900  0.3117E+00  0.3652E+00
 -19.880  0.3118E+00  0.3715E+00
 -19.860  0.3119E+00  0.3777E+00
 -19.840  0.3120E+00  0.3839E+00
 -19.820  0.3120E+00  0.3902E+00
 -19.800  0.3121E+00  0.3964E+00
 -19.780  0.3122E+00  0.4027E+00
 -19.760  0.3123E+00  0.4089E+00
 -19.740  0.3124E+00  0.4152E+00
 -19.720  0.3125E+00  0.4214E+00
 -19.700  0.3126E+00  0.4277E+00
 -19.680  0.3127E+00  0.4339E+00
 -19.660  0.3127E+00  0.4402E+00
 -19.640  0.3128E+00  0.4464E+00
 -19.620  0.3129E+00  0.4527E+00
 -19.600  0.3130E+00  0.4589E+00
 -19.580  0.3131E+00  0.4652E+00
 -19.560  0.3132E+00  0.4715E+00
 -19.540  0.3133E+00  0.4777E+00
 -19.520  0.3134E+00  0.4840E+00
 -19.500  0.3135E+00  0.4903E+00
 -19.480  0.3136E+00  0.4965E+00
 -19.460  0.3137E+00  0.5028E+00
 -19.440  0.3138E+00  0.5091E+00
 -19.420  0.3139E+00  0.5154E+00
 -19.400  0.3139E+00  0.5216E+00
 -19.380  0.3140E+00  0.5279E+00
 -19.360  0.3141E+00  0.5342E+00
 -19.340  0.3142E+00  0.5405E+00
 -19.320  0.3143E+00  0.5468E+00
 -19.300  0.3144E+00  0.5531E+00
 -19.280  0.3145E+00  0.5594E+00
 -19.260  0.3146E+00  0.5657E+00
 -19.240  0.3147E+00  0.5720E+00
 -19.220  0.3148E+00  0.5782E+00
 -19.200  0.3149E+00  0.5845E+00
 -19.180  0.3150E+00  0.5908E+00
 -19.160  0.3151E+00  0.5972E+00
 -19.140  0.3152E+00  0.6035E+00
 -19.120  0.3153E+00  0.6098E+00
 -19.100  0.3155E+00  0.6161E+00
 -19.080  0.3156E+00  0.6224E+00
 -19.060  0.3157E+00  0.6287E+00
 -19.040  0.3158E+00  0.6350E+00
 -19.020  0.3159E+00  0.6413E+00
 -19.000  0.3160E+00  0.6476E+00
 -18.980  0.3161E+00  0.6540E+00
 -18.960  0.3162E+00  0.6603E+00
 -18.940  0.3163E+00  0.6666E+00
 -18.920  0.3164E+00  0.6730E+00
 -18.900  0.3166E+00  0.6793E+00
 -18.880  0.3167E+00  0.6856E+00
 -18.860  0.3168E+00  0.6920E+00
 -18.840  0.3169E+00  0.6983E+00
 -18.820  0.3170E+00  0.7046E+00
 -18.800  0.3171E+00  0.7110E+00
 -18.780  0.3172E+00  0.7173E+00
 -18.760  0.3174E+00  0.7237E+00
 -18.740  0.3175E+00  0.7300E+00
 -18.720  0.3176E+00  0.7364E+00
 -18.700  0.3177E+00  0.7427E+00
 -18.680  0.3179E+00  0.7491E+00
 -18.660  0.3180E+00  0.7554E+00
 -18.640  0.3181E+00  0.7618E+00
 -18.620  0.3182E+00  0.7682E+00
 -18.600  0.3184E+00  0.7745E+00
 -18.580  0.3185E+00  0.7809E+00
 -18.560  0.3186E+00  0.7873E+00
 -18.540  0.3187E+00  0.7936E+00
 -18.520  0.3189E+00  0.8000E+00
 -18.500  0.3190E+00  0.8064E+00
 -18.480  0.3191E+00  0.8128E+00
 -18.460  0.3193E+00  0.8192E+00
 -18.440  0.3194E+00  0.8256E+00
 -18.420  0.3195E+00  0.8320E+00
 -18.400  0.3197E+00  0.8383E+00
 -18.380  0.3198E+00  0.8447E+00
 -18.360  0.3200E+00  0.8511E+00
 -18.340  0.3201E+00  0.8575E+00
 -18.320  0.3202E+00  0.8639E+00
 -18.300  0.3204E+00  0.8704E+00
 -18.280  0.3205E+00  0.8768E+00
 -18.260  0.3207E+00  0.8832E+00
 -18.240  0.3208E+00  0.8896E+00
 -18.220  0.3210E+00  0.8960E+00
 -18.200  0.3211E+00  0.9024E+00
 -18.180  0.3213E+00  0.9089E+00
 -18.160  0.3214E+00  0.9153E+00
 -18.140  0.3216E+00  0.9217E+00
 -18.120  0.3217E+00  0.9282E+00
 -18.100  0.3219E+00  0.9346E+00
 -18.080  0.3221E+00  0.9410E+00
 -18.060  0.3222E+00  0.9475E+00
 -18.040  0.3224E+00  0.9539E+00
 -18.020  0.3226E+00  0.9604E+00
 -18.000  0.3227E+00  0.9668E+00
 -17.980  0.3229E+00  0.9733E+00
 -17.960  0.3231E+00  0.9798E+00
 -17.940  0.3232E+00  0.9862E+00
 -17.920  0.3234E+00  0.9927E+00
 -17.900  0.3236E+00  0.9992E+00
 -17.880  0.3238E+00  0.1006E+01
 -17.860  0.3240E+00  0.1012E+01
 -17.840  0.3241E+00  0.1019E+01
 -17.820  0.3243E+00  0.1025E+01
 -17.800  0.3245E+00  0.1032E+01
 -17.780  0.3247E+00  0.1038E+01
 -17.760  0.3249E+00  0.1045E+01
 -17.740  0.3251E+00  0.1051E+01
 -17.720  0.3253E+00  0.1058E+01
 -17.700  0.3255E+00  0.1064E+01
 -17.680  0.3257E+00  0.1071E+01
 -17.660  0.3259E+00  0.1077E+01
 -17.640  0.3261E+00  0.1084E+01
 -17.620  0.3263E+00  0.1090E+01
 -17.600  0.3266E+00  0.1097E+01
 -17.580  0.3268E+00  0.1103E+01
 -17.560  0.3270E+00  0.1110E+01
 -17.540  0.3272E+00  0.1116E+01
 -17.520  0.3275E+00  0.1123E+01
 -17.500  0.3277E+00  0.1129E+01
 -17.480  0.3279E+00  0.1136E+01
 -17.460  0.3282E+00  0.1143E+01
 -17.440  0.3284E+00  0.1149E+01
 -17.420  0.3287E+00  0.1156E+01
 -17.400  0.3289E+00  0.1162E+01
 -17.380  0.3292E+00  0.1169E+01
 -17.360  0.3294E+00  0.1175E+01
 -17.340  0.3297E+00  0.1182E+01
 -17.320  0.3300E+00  0.1189E+01
 -17.300  0.3303E+00  0.1195E+01
 -17.280  0.3305E+00  0.1202E+01
 -17.260  0.3308E+00  0.1208E+01
 -17.240  0.3311E+00  0.1215E+01
 -17.220  0.3314E+00  0.1222E+01
 -17.200  0.3317E+00  0.1228E+01
 -17.180  0.3320E+00  0.1235E+01
 -17.160  0.3323E+00  0.1242E+01
 -17.140  0.3327E+00  0.1248E+01
 -17.120  0.3330E+00  0.1255E+01
 -17.100  0.3334E+00  0.1262E+01
 -17.080  0.3337E+00  0.1268E+01
 -17.060  0.3340E+00  0.1275E+01
 -17.040  0.3344E+00  0.1282E+01
 -17.020  0.3348E+00  0.1288E+01
 -17.000  0.3352E+00  0.1295E+01
 -16.980  0.3356E+00  0.1302E+01
 -16.960  0.3359E+00  0.1308E+01
 -16.940  0.3363E+00  0.1315E+01
 -16.920  0.3368E+00  0.1322E+01
 -16.900  0.3373E+00  0.1329E+01
 -16.880  0.3377E+00  0.1335E+01
 -16.860  0.3381E+00  0.1342E+01
 -16.840  0.3386E+00  0.1349E+01
 -16.820  0.3391E+00  0.1356E+01
 -16.800  0.3396E+00  0.1363E+01
 -16.780  0.3401E+00  0.1369E+01
 -16.760  0.3406E+00  0.1376E+01
 -16.740  0.3412E+00  0.1383E+01
 -16.720  0.3417E+00  0.1390E+01
 -16.700  0.3423E+00  0.1397E+01
 -16.680  0.3430E+00  0.1404E+01
 -16.660  0.3436E+00  0.1410E+01
 -16.640  0.3442E+00  0.1417E+01
 -16.620  0.3449E+00  0.1424E+01
 -16.600  0.3456E+00  0.1431E+01
 -16.580  0.3464E+00  0.1438E+01
 -16.560  0.3472E+00  0.1445E+01
 -16.540  0.3479E+00  0.1452E+01
 -16.520  0.3487E+00  0.1459E+01
 -16.500  0.3496E+00  0.1466E+01
 -16.480  0.3505E+00  0.1473E+01
 -16.460  0.3515E+00  0.1480E+01
 -16.440  0.3525E+00  0.1487E+01
 -16.420  0.3535E+00  0.1494E+01
 -16.400  0.3546E+00  0.1501E+01
 -16.380  0.3558E+00  0.1508E+01
 -16.360  0.3571E+00  0.1515E+01
 -16.340  0.3584E+00  0.1523E+01
 -16.320  0.3598E+00  0.1530E+01
 -16.300  0.3612E+00  0.1537E+01
 -16.280  0.3628E+00  0.1544E+01
 -16.260  0.3645E+00  0.1552E+01
 -16.240  0.3664E+00  0.1559E+01
 -16.220  0.3684E+00  0.1566E+01
 -16.200  0.3704E+00  0.1574E+01
 -16.180  0.3727E+00  0.1581E+01
 -16.160  0.3753E+00  0.1589E+01
 -16.140  0.3782E+00  0.1596E+01
 -16.120  0.3813E+00  0.1604E+01
 -16.100  0.3848E+00  0.1611E+01
 -16.080  0.3887E+00  0.1619E+01
 -16.060  0.3932E+00  0.1627E+01
 -16.040  0.3986E+00  0.1635E+01
 -16.020  0.4051E+00  0.1643E+01
 -16.000  0.4128E+00  0.1651E+01
 -15.980  0.4219E+00  0.1660E+01
 -15.960  0.4326E+00  0.1669E+01
 -15.940  0.4447E+00  0.1677E+01
 -15.920  0.4575E+00  0.1687E+01
 -15.900  0.4695E+00  0.1696E+01
 -15.880  0.4789E+00  0.1706E+01
 -15.860  0.4839E+00  0.1715E+01
 -15.840  0.4831E+00  0.1725E+01
 -15.820  0.4760E+00  0.1734E+01
 -15.800  0.4632E+00  0.1744E+01
 -15.780  0.4458E+00  0.1753E+01
 -15.760  0.4259E+00  0.1761E+01
 -15.740  0.4053E+00  0.1769E+01
 -15.720  0.3856E+00  0.1777E+01
 -15.700  0.3676E+00  0.1784E+01
 -15.680  0.3516E+00  0.1791E+01
 -15.660  0.3374E+00  0.1798E+01
 -15.640  0.3248E+00  0.1805E+01
 -15.620  0.3135E+00  0.1811E+01
 -15.600  0.3033E+00  0.1817E+01
 -15.580  0.2940E+00  0.1823E+01
 -15.560  0.2854E+00  0.1828E+01
 -15.540  0.2773E+00  0.1834E+01
 -15.520  0.2696E+00  0.1839E+01
 -15.500  0.2623E+00  0.1845E+01
 -15.480  0.2554E+00  0.1850E+01
 -15.460  0.2489E+00  0.1855E+01
 -15.440  0.2426E+00  0.1860E+01
 -15.420  0.2365E+00  0.1864E+01
 -15.400  0.2305E+00  0.1869E+01
 -15.380  0.2248E+00  0.1873E+01
 -15.360  0.2194E+00  0.1878E+01
 -15.340  0.2142E+00  0.1882E+01
 -15.320  0.2091E+00  0.1886E+01
 -15.300  0.2040E+00  0.1890E+01
 -15.280  0.1991E+00  0.1894E+01
 -15.260  0.1943E+00  0.1898E+01
 -15.240  0.1898E+00  0.1902E+01
 -15.220  0.1853E+00  0.1906E+01
 -15.200  0.1809E+00  0.1909E+01
 -15.180  0.1764E+00  0.1913E+01
 -15.160  0.1722E+00  0.1916E+01
 -15.140  0.1681E+00  0.1920E+01
 -15.120  0.1641E+00  0.1923E+01
 -15.100  0.1601E+00  0.1926E+01
 -15.080  0.1561E+00  0.1929E+01
 -15.060  0.1521E+00  0.1932E+01
 -15.040  0.1484E+00  0.1935E+01
 -15.020  0.1447E+00  0.1938E+01
 -15.000  0.1413E+00  0.1941E+01
 -14.980  0.1380E+00  0.1944E+01
 -14.960  0.1353E+00  0.1946E+01
 -14.940  0.1337E+00  0.1949E+01
 -14.920  0.1338E+00  0.1952E+01
 -14.900  0.1367E+00  0.1955E+01
 -14.880  0.1433E+00  0.1957E+01
 -14.860  0.1545E+00  0.1961E+01
 -14.840  0.1706E+00  0.1964E+01
 -14.820  0.1912E+00  0.1968E+01
 -14.800  0.2148E+00  0.1972E+01
 -14.780  0.2393E+00  0.1977E+01
 -14.760  0.2625E+00  0.1982E+01
 -14.740  0.2827E+00  0.1988E+01
 -14.720  0.2986E+00  0.1994E+01
 -14.700  0.3102E+00  0.2000E+01
 -14.680  0.3179E+00  0.2006E+01
 -14.660  0.3227E+00  0.2013E+01
 -14.640  0.3253E+00  0.2019E+01
 -14.620  0.3268E+00  0.2026E+01
 -14.600  0.3275E+00  0.2032E+01
 -14.580  0.3279E+00  0.2039E+01
 -14.560  0.3282E+00  0.2045E+01
 -14.540  0.3283E+00  0.2052E+01
 -14.520  0.3285E+00  0.2059E+01
 -14.500  0.3286E+00  0.2065E+01
 -14.480  0.3288E+00  0.2072E+01
 -14.460  0.3289E+00  0.2078E+01
 -14.440  0.3291E+00  0.2085E+01
 -14.420  0.3292E+00  0.2091E+01
 -14.400  0.3294E+00  0.2098E+01
 -14.380  0.3295E+00  0.2105E+01
 -14.360  0.3297E+00  0.2111E+01
 -14.340  0.3299E+00  0.2118E+01
 -14.320  0.3301E+00  0.2124E+01
 -14.300  0.3303E+00  0.2131E+01
 -14.280  0.3307E+00  0.2138E+01
 -14.260  0.3314E+00  0.2144E+01
 -14.240  0.3324E+00  0.2151E+01
 -14.220  0.3340E+00  0.2158E+01
 -14.200  0.3365E+00  0.2164E+01
 -14.180  0.3400E+00  0.2171E+01
 -14.160  0.3448E+00  0.2178E+01
 -14.140  0.3512E+00  0.2185E+01
 -14.120  0.3593E+00  0.2192E+01
 -14.100  0.3694E+00  0.2200E+01
 -14.080  0.3814E+00  0.2207E+01
 -14.060  0.3954E+00  0.2215E+01
 -14.040  0.4112E+00  0.2223E+01
 -14.020  0.4283E+00  0.2232E+01
 -14.000  0.4456E+00  0.2241E+01
 -13.980  0.4617E+00  0.2250E+01
 -13.960  0.4750E+00  0.2260E+01
 -13.940  0.4838E+00  0.2269E+01
 -13.920  0.4873E+00  0.2279E+01
 -13.900  0.4853E+00  0.2289E+01
 -13.880  0.4788E+00  0.2298E+01
 -13.860  0.4692E+00  0.2308E+01
 -13.840  0.4579E+00  0.2317E+01
 -13.820  0.4464E+00  0.2326E+01
 -13.800  0.4356E+00  0.2335E+01
 -13.780  0.4260E+00  0.2343E+01
 -13.760  0.4178E+00  0.2351E+01
 -13.740  0.4107E+00  0.2360E+01
 -13.720  0.4046E+00  0.2368E+01
 -13.700  0.3992E+00  0.2376E+01
 -13.680  0.3944E+00  0.2384E+01
 -13.660  0.3901E+00  0.2391E+01
 -13.640  0.3861E+00  0.2399E+01
 -13.620  0.3824E+00  0.2407E+01
 -13.600  0.3789E+00  0.2414E+01
 -13.580  0.3757E+00  0.2422E+01
 -13.560  0.3726E+00  0.2429E+01
 -13.540  0.3697E+00  0.2437E+01
 -13.520  0.3669E+00  0.2444E+01
 -13.500  0.3642E+00  0.2451E+01
 -13.480  0.3617E+00  0.2459E+01
 -13.460  0.3592E+00  0.2466E+01
 -13.440  0.3568E+00  0.2473E+01
 -13.420  0.3545E+00  0.2480E+01
 -13.400  0.3522E+00  0.2487E+01
 -13.380  0.3501E+00  0.2494E+01
 -13.360  0.3480E+00  0.2501E+01
 -13.340  0.3459E+00  0.2508E+01
 -13.320  0.3439E+00  0.2515E+01
 -13.300  0.3419E+00  0.2522E+01
 -13.280  0.3400E+00  0.2528E+01
 -13.260  0.3382E+00  0.2535E+01
 -13.240  0.3363E+00  0.2542E+01
 -13.220  0.3345E+00  0.2549E+01
 -13.200  0.3328E+00  0.2555E+01
 -13.180  0.3310E+00  0.2562E+01
 -13.160  0.3294E+00  0.2568E+01
 -13.140  0.3277E+00  0.2575E+01
 -13.120  0.3260E+00  0.2582E+01
 -13.100  0.3244E+00  0.2588E+01
 -13.080  0.3228E+00  0.2594E+01
 -13.060  0.3213E+00  0.2601E+01
 -13.040  0.3197E+00  0.2607E+01
 -13.020  0.3182E+00  0.2614E+01
 -13.000  0.3167E+00  0.2620E+01
 -12.980  0.3153E+00  0.2626E+01
 -12.960  0.3138E+00  0.2633E+01
 -12.940  0.3124E+00  0.2639E+01
 -12.920  0.3109E+00  0.2645E+01
 -12.900  0.3095E+00  0.2651E+01
 -12.880  0.3082E+00  0.2657E+01
 -12.860  0.3068E+00  0.2664E+01
 -12.840  0.3054E+00  0.2670E+01
 -12.820  0.3041E+00  0.2676E+01
 -12.800  0.3028E+00  0.2682E+01
 -12.780  0.3015E+00  0.2688E+01
 -12.760  0.3002E+00  0.2694E+01
 -12.740  0.2989E+00  0.2700E+01
 -12.720  0.2976E+00  0.2706E+01
 -12.700  0.2964E+00  0.2712E+01
 -12.680  0.2951E+00  0.2718E+01
 -12.660  0.2939E+00  0.2723E+01
 -12.640  0.2927E+00  0.2729E+01
 -12.620  0.2915E+00  0.2735E+01
 -12.600  0.2903E+00  0.2741E+01
 -12.580  0.2891E+00  0.2747E+01
 -12.560  0.2879E+00  0.2752E+01
 -12.540  0.2868E+00  0.2758E+01
 -12.520  0.2856E+00  0.2764E+01
 -12.500  0.2845E+00  0.2770E+01
 -12.480  0.2833E+00  0.2775E+01
 -12.460  0.2822E+00  0.2781E+01
 -12.440  0.2811E+00  0.2787E+01
 -12.420  0.2800E+00  0.2792E+01
 -12.400  0.2789E+00  0.2798E+01
 -12.380  0.2778E+00  0.2803E+01
 -12.360  0.2767E+00  0.2809E+01
 -12.340  0.2757E+00  0.2814E+01
 -12.320  0.2747E+00  0.2820E+01
 -12.300  0.2738E+00  0.2825E+01
 -12.280  0.2731E+00  0.2831E+01
 -12.260  0.2728E+00  0.2836E+01
 -12.240  0.2733E+00  0.2842E+01
 -12.220  0.2748E+00  0.2847E+01
 -12.200  0.2779E+00  0.2853E+01
 -12.180  0.2828E+00  0.2858E+01
 -12.160  0.2897E+00  0.2864E+01
 -12.140  0.2984E+00  0.2870E+01
 -12.120  0.3084E+00  0.2876E+01
 -12.100  0.3187E+00  0.2883E+01
 -12.080  0.3285E+00  0.2889E+01
 -12.060  0.3370E+00  0.2896E+01
 -12.040  0.3439E+00  0.2903E+01
 -12.020  0.3489E+00  0.2910E+01
 -12.000  0.3524E+00  0.2917E+01
 -11.980  0.3546E+00  0.2924E+01
 -11.960  0.3560E+00  0.2931E+01
 -11.940  0.3568E+00  0.2938E+01
 -11.920  0.3574E+00  0.2945E+01
 -11.900  0.3579E+00  0.2953E+01
 -11.880  0.3583E+00  0.2960E+01
 -11.860  0.3586E+00  0.2967E+01
 -11.840  0.3590E+00  0.2974E+01
 -11.820  0.3593E+00  0.2981E+01
 -11.800  0.3597E+00  0.2988E+01
 -11.780  0.3601E+00  0.2996E+01
 -11.760  0.3604E+00  0.3003E+01
 -11.740  0.3608E+00  0.3010E+01
 -11.720  0.3612E+00  0.3017E+01
 -11.700  0.3615E+00  0.3025E+01
 -11.680  0.3619E+00  0.3032E+01
 -11.660  0.3623E+00  0.3039E+01
 -11.640  0.3627E+00  0.3046E+01
 -11.620  0.3631E+00  0.3054E+01
 -11.600  0.3635E+00  0.3061E+01
 -11.580  0.3639E+00  0.3068E+01
 -11.560  0.3642E+00  0.3075E+01
 -11.540  0.3646E+00  0.3083E+01
 -11.520  0.3650E+00  0.3090E+01
 -11.500  0.3655E+00  0.3097E+01
 -11.480  0.3659E+00  0.3105E+01
 -11.460  0.3663E+00  0.3112E+01
 -11.440  0.3667E+00  0.3119E+01
 -11.420  0.3671E+00  0.3127E+01
 -11.400  0.3675E+00  0.3134E+01
 -11.380  0.3680E+00  0.3141E+01
 -11.360  0.3684E+00  0.3149E+01
 -11.340  0.3689E+00  0.3156E+01
 -11.320  0.3693E+00  0.3163E+01
 -11.300  0.3697E+00  0.3171E+01
 -11.280  0.3702E+00  0.3178E+01
 -11.260  0.3707E+00  0.3186E+01
 -11.240  0.3711E+00  0.3193E+01
 -11.220  0.3716E+00  0.3200E+01
 -11.200  0.3720E+00  0.3208E+01
 -11.180  0.3724E+00  0.3215E+01
 -11.160  0.3729E+00  0.3223E+01
 -11.140  0.3735E+00  0.3230E+01
 -11.120  0.3740E+00  0.3238E+01
 -11.100  0.3745E+00  0.3245E+01
 -11.080  0.3749E+00  0.3253E+01
 -11.060  0.3753E+00  0.3260E+01
 -11.040  0.3759E+00  0.3268E+01
 -11.020  0.3765E+00  0.3275E+01
 -11.000  0.3770E+00  0.3283E+01
 -10.980  0.3775E+00  0.3290E+01
 -10.960  0.3779E+00  0.3298E+01
 -10.940  0.3784E+00  0.3306E+01
 -10.920  0.3790E+00  0.3313E+01
 -10.900  0.3796E+00  0.3321E+01
 -10.880  0.3802E+00  0.3328E+01
 -10.860  0.3807E+00  0.3336E+01
 -10.840  0.3812E+00  0.3344E+01
 -10.820  0.3817E+00  0.3351E+01
 -10.800  0.3823E+00  0.3359E+01
 -10.780  0.3830E+00  0.3366E+01
 -10.760  0.3837E+00  0.3374E+01
 -10.740  0.3842E+00  0.3382E+01
 -10.720  0.3846E+00  0.3390E+01
 -10.700  0.3851E+00  0.3397E+01
 -10.680  0.3858E+00  0.3405E+01
 -10.660  0.3866E+00  0.3413E+01
 -10.640  0.3873E+00  0.3420E+01
 -10.620  0.3879E+00  0.3428E+01
 -10.600  0.3883E+00  0.3436E+01
 -10.580  0.3888E+00  0.3444E+01
 -10.560  0.3895E+00  0.3452E+01
 -10.540  0.3904E+00  0.3459E+01
 -10.520  0.3911E+00  0.3467E+01
 -10.500  0.3918E+00  0.3475E+01
 -10.480  0.3923E+00  0.3483E+01
 -10.460  0.3928E+00  0.3491E+01
 -10.440  0.3935E+00  0.3499E+01
 -10.420  0.3944E+00  0.3506E+01
 -10.400  0.3952E+00  0.3514E+01
 -10.380  0.3959E+00  0.3522E+01
 -10.360  0.3965E+00  0.3530E+01
 -10.340  0.3971E+00  0.3538E+01
 -10.320  0.3978E+00  0.3546E+01
 -10.300  0.3987E+00  0.3554E+01
 -10.280  0.3996E+00  0.3562E+01
 -10.260  0.4004E+00  0.3570E+01
 -10.240  0.4010E+00  0.3578E+01
 -10.220  0.4017E+00  0.3586E+01
 -10.200  0.4025E+00  0.3594E+01
 -10.180  0.4034E+00  0.3602E+01
 -10.160  0.4044E+00  0.3610E+01
 -10.140  0.4052E+00  0.3618E+01
 -10.120  0.4059E+00  0.3627E+01
 -10.100  0.4066E+00  0.3635E+01
 -10.080  0.4075E+00  0.3643E+01
 -10.060  0.4084E+00  0.3651E+01
 -10.040  0.4095E+00  0.3659E+01
 -10.020  0.4104E+00  0.3667E+01
 -10.000  0.4112E+00  0.3676E+01
  -9.980  0.4120E+00  0.3684E+01
  -9.960  0.4129E+00  0.3692E+01
  -9.940  0.4139E+00  0.3700E+01
  -9.920  0.4150E+00  0.3709E+01
  -9.900  0.4160E+00  0.3717E+01
  -9.880  0.4169E+00  0.3725E+01
  -9.860  0.4178E+00  0.3734E+01
  -9.840  0.4188E+00  0.3742E+01
  -9.820  0.4198E+00  0.3750E+01
  -9.800  0.4210E+00  0.3759E+01
  -9.780  0.4220E+00  0.3767E+01
  -9.760  0.4231E+00  0.3776E+01
  -9.740  0.4241E+00  0.3784E+01
  -9.720  0.4252E+00  0.3793E+01
  -9.700  0.4263E+00  0.3801E+01
  -9.680  0.4275E+00  0.3810E+01
  -9.660  0.4287E+00  0.3818E+01
  -9.640  0.4298E+00  0.3827E+01
  -9.620  0.4309E+00  0.3836E+01
  -9.600  0.4322E+00  0.3844E+01
  -9.580  0.4334E+00  0.3853E+01
  -9.560  0.4347E+00  0.3862E+01
  -9.540  0.4360E+00  0.3870E+01
  -9.520  0.4372E+00  0.3879E+01
  -9.500  0.4385E+00  0.3888E+01
  -9.480  0.4399E+00  0.3897E+01
  -9.460  0.4413E+00  0.3906E+01
  -9.440  0.4427E+00  0.3914E+01
  -9.420  0.4441E+00  0.3923E+01
  -9.400  0.4455E+00  0.3932E+01
  -9.380  0.4471E+00  0.3941E+01
  -9.360  0.4490E+00  0.3950E+01
  -9.340  0.4513E+00  0.3959E+01
  -9.320  0.4545E+00  0.3968E+01
  -9.300  0.4592E+00  0.3977E+01
  -9.280  0.4665E+00  0.3987E+01
  -9.260  0.4776E+00  0.3996E+01
  -9.240  0.4936E+00  0.4006E+01
  -9.220  0.5150E+00  0.4016E+01
  -9.200  0.5415E+00  0.4027E+01
  -9.180  0.5718E+00  0.4039E+01
  -9.160  0.6039E+00  0.4051E+01
  -9.140  0.6352E+00  0.4063E+01
  -9.120  0.6634E+00  0.4077E+01
  -9.100  0.6867E+00  0.4090E+01
  -9.080  0.7046E+00  0.4105E+01
  -9.060  0.7175E+00  0.4119E+01
  -9.040  0.7264E+00  0.4133E+01
  -9.020  0.7326E+00  0.4148E+01
  -9.000  0.7370E+00  0.4163E+01
  -8.980  0.7403E+00  0.4178E+01
  -8.960  0.7431E+00  0.4193E+01
  -8.940  0.7456E+00  0.4207E+01
  -8.920  0.7481E+00  0.4222E+01
  -8.900  0.7508E+00  0.4237E+01
  -8.880  0.7535E+00  0.4252E+01
  -8.860  0.7562E+00  0.4268E+01
  -8.840  0.7589E+00  0.4283E+01
  -8.820  0.7617E+00  0.4298E+01
  -8.800  0.7645E+00  0.4313E+01
  -8.780  0.7676E+00  0.4329E+01
  -8.760  0.7707E+00  0.4344E+01
  -8.740  0.7739E+00  0.4360E+01
  -8.720  0.7772E+00  0.4375E+01
  -8.700  0.7805E+00  0.4391E+01
  -8.680  0.7839E+00  0.4406E+01
  -8.660  0.7875E+00  0.4422E+01
  -8.640  0.7913E+00  0.4438E+01
  -8.620  0.7952E+00  0.4454E+01
  -8.600  0.7991E+00  0.4470E+01
  -8.580  0.8032E+00  0.4486E+01
  -8.560  0.8074E+00  0.4502E+01
  -8.540  0.8119E+00  0.4518E+01
  -8.520  0.8166E+00  0.4535E+01
  -8.500  0.8215E+00  0.4551E+01
  -8.480  0.8266E+00  0.4568E+01
  -8.460  0.8318E+00  0.4584E+01
  -8.440  0.8373E+00  0.4601E+01
  -8.420  0.8431E+00  0.4618E+01
  -8.400  0.8493E+00  0.4635E+01
  -8.380  0.8559E+00  0.4652E+01
  -8.360  0.8628E+00  0.4669E+01
  -8.340  0.8700E+00  0.4687E+01
  -8.320  0.8778E+00  0.4704E+01
  -8.300  0.8861E+00  0.4722E+01
  -8.280  0.8952E+00  0.4740E+01
  -8.260  0.9051E+00  0.4758E+01
  -8.240  0.9158E+00  0.4776E+01
  -8.220  0.9276E+00  0.4795E+01
  -8.200  0.9409E+00  0.4814E+01
  -8.180  0.9560E+00  0.4833E+01
  -8.160  0.9736E+00  0.4852E+01
  -8.140  0.9941E+00  0.4872E+01
  -8.120  0.1018E+01  0.4892E+01
  -8.100  0.1045E+01  0.4913E+01
  -8.080  0.1075E+01  0.4935E+01
  -8.060  0.1105E+01  0.4957E+01
  -8.040  0.1134E+01  0.4980E+01
  -8.020  0.1157E+01  0.5003E+01
  -8.000  0.1170E+01  0.5026E+01
  -7.980  0.1173E+01  0.5050E+01
  -7.960  0.1163E+01  0.5073E+01
  -7.940  0.1143E+01  0.5096E+01
  -7.920  0.1116E+01  0.5118E+01
  -7.900  0.1085E+01  0.5140E+01
  -7.880  0.1053E+01  0.5161E+01
  -7.860  0.1023E+01  0.5181E+01
  -7.840  0.9961E+00  0.5201E+01
  -7.820  0.9726E+00  0.5221E+01
  -7.800  0.9524E+00  0.5240E+01
  -7.780  0.9349E+00  0.5258E+01
  -7.760  0.9196E+00  0.5277E+01
  -7.740  0.9059E+00  0.5295E+01
  -7.720  0.8935E+00  0.5313E+01
  -7.700  0.8821E+00  0.5330E+01
  -7.680  0.8716E+00  0.5348E+01
  -7.660  0.8619E+00  0.5365E+01
  -7.640  0.8529E+00  0.5382E+01
  -7.620  0.8444E+00  0.5399E+01
  -7.600  0.8363E+00  0.5416E+01
  -7.580  0.8286E+00  0.5432E+01
  -7.560  0.8213E+00  0.5449E+01
  -7.540  0.8144E+00  0.5465E+01
  -7.520  0.8079E+00  0.5481E+01
  -7.500  0.8016E+00  0.5497E+01
  -7.480  0.7955E+00  0.5513E+01
  -7.460  0.7896E+00  0.5529E+01
  -7.440  0.7839E+00  0.5545E+01
  -7.420  0.7785E+00  0.5560E+01
  -7.400  0.7733E+00  0.5576E+01
  -7.380  0.7682E+00  0.5591E+01
  -7.360  0.7633E+00  0.5606E+01
  -7.340  0.7585E+00  0.5621E+01
  -7.320  0.7538E+00  0.5636E+01
  -7.300  0.7494E+00  0.5651E+01
  -7.280  0.7452E+00  0.5666E+01
  -7.260  0.7411E+00  0.5681E+01
  -7.240  0.7371E+00  0.5696E+01
  -7.220  0.7331E+00  0.5711E+01
  -7.200  0.7292E+00  0.5725E+01
  -7.180  0.7254E+00  0.5740E+01
  -7.160  0.7218E+00  0.5754E+01
  -7.140  0.7183E+00  0.5768E+01
  -7.120  0.7148E+00  0.5783E+01
  -7.100  0.7113E+00  0.5797E+01
  -7.080  0.7079E+00  0.5811E+01
  -7.060  0.7046E+00  0.5825E+01
  -7.040  0.7015E+00  0.5839E+01
  -7.020  0.6984E+00  0.5853E+01
  -7.000  0.6954E+00  0.5867E+01
  -6.980  0.6923E+00  0.5881E+01
  -6.960  0.6893E+00  0.5895E+01
  -6.940  0.6865E+00  0.5909E+01
  -6.920  0.6837E+00  0.5922E+01
  -6.900  0.6810E+00  0.5936E+01
  -6.880  0.6783E+00  0.5949E+01
  -6.860  0.6756E+00  0.5963E+01
  -6.840  0.6729E+00  0.5976E+01
  -6.820  0.6703E+00  0.5990E+01
  -6.800  0.6678E+00  0.6003E+01
  -6.780  0.6654E+00  0.6016E+01
  -6.760  0.6630E+00  0.6030E+01
  -6.740  0.6605E+00  0.6043E+01
  -6.720  0.6582E+00  0.6056E+01
  -6.700  0.6558E+00  0.6069E+01
  -6.680  0.6536E+00  0.6082E+01
  -6.660  0.6514E+00  0.6095E+01
  -6.640  0.6492E+00  0.6108E+01
  -6.620  0.6470E+00  0.6121E+01
  -6.600  0.6449E+00  0.6134E+01
  -6.580  0.6428E+00  0.6147E+01
  -6.560  0.6408E+00  0.6160E+01
  -6.540  0.6388E+00  0.6173E+01
  -6.520  0.6368E+00  0.6185E+01
  -6.500  0.6348E+00  0.6198E+01
  -6.480  0.6329E+00  0.6211E+01
  -6.460  0.6310E+00  0.6223E+01
  -6.440  0.6291E+00  0.6236E+01
  -6.420  0.6273E+00  0.6248E+01
  -6.400  0.6255E+00  0.6261E+01
  -6.380  0.6237E+00  0.6273E+01
  -6.360  0.6219E+00  0.6286E+01
  -6.340  0.6202E+00  0.6298E+01
  -6.320  0.6185E+00  0.6311E+01
  -6.300  0.6169E+00  0.6323E+01
  -6.280  0.6152E+00  0.6335E+01
  -6.260  0.6136E+00  0.6347E+01
  -6.240  0.6120E+00  0.6360E+01
  -6.220  0.6104E+00  0.6372E+01
  -6.200  0.6089E+00  0.6384E+01
  -6.180  0.6073E+00  0.6396E+01
  -6.160  0.6058E+00  0.6408E+01
  -6.140  0.6043E+00  0.6420E+01
  -6.120  0.6029E+00  0.6433E+01
  -6.100  0.6015E+00  0.6445E+01
  -6.080  0.6001E+00  0.6457E+01
  -6.060  0.5987E+00  0.6469E+01
  -6.040  0.5973E+00  0.6480E+01
  -6.020  0.5959E+00  0.6492E+01
  -6.000  0.5946E+00  0.6504E+01
  -5.980  0.5933E+00  0.6516E+01
  -5.960  0.5920E+00  0.6528E+01
  -5.940  0.5908E+00  0.6540E+01
  -5.920  0.5895E+00  0.6552E+01
  -5.900  0.5883E+00  0.6563E+01
  -5.880  0.5871E+00  0.6575E+01
  -5.860  0.5859E+00  0.6587E+01
  -5.840  0.5848E+00  0.6599E+01
  -5.820  0.5837E+00  0.6610E+01
  -5.800  0.5825E+00  0.6622E+01
  -5.780  0.5814E+00  0.6633E+01
  -5.760  0.5803E+00  0.6645E+01
  -5.740  0.5793E+00  0.6657E+01
  -5.720  0.5783E+00  0.6668E+01
  -5.700  0.5773E+00  0.6680E+01
  -5.680  0.5762E+00  0.6691E+01
  -5.660  0.5753E+00  0.6703E+01
  -5.640  0.5743E+00  0.6714E+01
  -5.620  0.5734E+00  0.6726E+01
  -5.600  0.5725E+00  0.6737E+01
  -5.580  0.5716E+00  0.6749E+01
  -5.560  0.5707E+00  0.6760E+01
  -5.540  0.5698E+00  0.6771E+01
  -5.520  0.5690E+00  0.6783E+01
  -5.500  0.5682E+00  0.6794E+01
  -5.480  0.5674E+00  0.6806E+01
  -5.460  0.5666E+00  0.6817E+01
  -5.440  0.5659E+00  0.6828E+01
  -5.420  0.5652E+00  0.6839E+01
  -5.400  0.5645E+00  0.6851E+01
  -5.380  0.5638E+00  0.6862E+01
  -5.360  0.5631E+00  0.6873E+01
  -5.340  0.5625E+00  0.6885E+01
  -5.320  0.5619E+00  0.6896E+01
  -5.300  0.5613E+00  0.6907E+01
  -5.280  0.5608E+00  0.6918E+01
  -5.260  0.5602E+00  0.6929E+01
  -5.240  0.5596E+00  0.6941E+01
  -5.220  0.5591E+00  0.6952E+01
  -5.200  0.5587E+00  0.6963E+01
  -5.180  0.5583E+00  0.6974E+01
  -5.160  0.5579E+00  0.6985E+01
  -5.140  0.5574E+00  0.6996E+01
  -5.120  0.5570E+00  0.7008E+01
  -5.100  0.5567E+00  0.7019E+01
  -5.080  0.5565E+00  0.7030E+01
  -5.060  0.5562E+00  0.7041E+01
  -5.040  0.5559E+00  0.7052E+01
  -5.020  0.5557E+00  0.7063E+01
  -5.000  0.5555E+00  0.7074E+01
  -4.980  0.5554E+00  0.7085E+01
  -4.960  0.5553E+00  0.7097E+01
  -4.940  0.5552E+00  0.7108E+01
  -4.920  0.5551E+00  0.7119E+01
  -4.900  0.5551E+00  0.7130E+01
  -4.880  0.5551E+00  0.7141E+01
  -4.860  0.5553E+00  0.7152E+01
  -4.840  0.5554E+00  0.7163E+01
  -4.820  0.5554E+00  0.7174E+01
  -4.800  0.5552E+00  0.7185E+01
  -4.780  0.5548E+00  0.7196E+01
  -4.760  0.5537E+00  0.7208E+01
  -4.740  0.5513E+00  0.7219E+01
  -4.720  0.5467E+00  0.7230E+01
  -4.700  0.5391E+00  0.7240E+01
  -4.680  0.5275E+00  0.7251E+01
  -4.660  0.5118E+00  0.7261E+01
  -4.640  0.4921E+00  0.7271E+01
  -4.620  0.4695E+00  0.7280E+01
  -4.600  0.4458E+00  0.7289E+01
  -4.580  0.4231E+00  0.7298E+01
  -4.560  0.4035E+00  0.7306E+01
  -4.540  0.3883E+00  0.7314E+01
  -4.520  0.3777E+00  0.7321E+01
  -4.500  0.3712E+00  0.7329E+01
  -4.480  0.3681E+00  0.7336E+01
  -4.460  0.3674E+00  0.7343E+01
  -4.440  0.3684E+00  0.7351E+01
  -4.420  0.3705E+00  0.7358E+01
  -4.400  0.3732E+00  0.7365E+01
  -4.380  0.3761E+00  0.7373E+01
  -4.360  0.3792E+00  0.7381E+01
  -4.340  0.3826E+00  0.7388E+01
  -4.320  0.3863E+00  0.7396E+01
  -4.300  0.3903E+00  0.7404E+01
  -4.280  0.3945E+00  0.7412E+01
  -4.260  0.3990E+00  0.7420E+01
  -4.240  0.4037E+00  0.7428E+01
  -4.220  0.4090E+00  0.7436E+01
  -4.200  0.4148E+00  0.7444E+01
  -4.180  0.4212E+00  0.7453E+01
  -4.160  0.4283E+00  0.7461E+01
  -4.140  0.4362E+00  0.7470E+01
  -4.120  0.4452E+00  0.7479E+01
  -4.100  0.4557E+00  0.7488E+01
  -4.080  0.4682E+00  0.7497E+01
  -4.060  0.4829E+00  0.7507E+01
  -4.040  0.5000E+00  0.7517E+01
  -4.020  0.5193E+00  0.7527E+01
  -4.000  0.5399E+00  0.7538E+01
  -3.980  0.5605E+00  0.7549E+01
  -3.960  0.5785E+00  0.7561E+01
  -3.940  0.5913E+00  0.7573E+01
  -3.920  0.5963E+00  0.7585E+01
  -3.900  0.5923E+00  0.7596E+01
  -3.880  0.5797E+00  0.7608E+01
  -3.860  0.5603E+00  0.7619E+01
  -3.840  0.5364E+00  0.7630E+01
  -3.820  0.5107E+00  0.7640E+01
  -3.800  0.4853E+00  0.7650E+01
  -3.780  0.4618E+00  0.7659E+01
  -3.760  0.4409E+00  0.7668E+01
  -3.740  0.4229E+00  0.7676E+01
  -3.720  0.4071E+00  0.7685E+01
  -3.700  0.3932E+00  0.7692E+01
  -3.680  0.3805E+00  0.7700E+01
  -3.660  0.3691E+00  0.7707E+01
  -3.640  0.3588E+00  0.7715E+01
  -3.620  0.3493E+00  0.7722E+01
  -3.600  0.3405E+00  0.7728E+01
  -3.580  0.3320E+00  0.7735E+01
  -3.560  0.3239E+00  0.7742E+01
  -3.540  0.3163E+00  0.7748E+01
  -3.520  0.3092E+00  0.7754E+01
  -3.500  0.3025E+00  0.7760E+01
  -3.480  0.2959E+00  0.7766E+01
  -3.460  0.2895E+00  0.7772E+01
  -3.440  0.2833E+00  0.7777E+01
  -3.420  0.2774E+00  0.7783E+01
  -3.400  0.2719E+00  0.7788E+01
  -3.380  0.2665E+00  0.7794E+01
  -3.360  0.2612E+00  0.7799E+01
  -3.340  0.2559E+00  0.7804E+01
  -3.320  0.2509E+00  0.7809E+01
  -3.300  0.2460E+00  0.7814E+01
  -3.280  0.2414E+00  0.7819E+01
  -3.260  0.2369E+00  0.7824E+01
  -3.240  0.2323E+00  0.7828E+01
  -3.220  0.2278E+00  0.7833E+01
  -3.200  0.2235E+00  0.7837E+01
  -3.180  0.2193E+00  0.7842E+01
  -3.160  0.2153E+00  0.7846E+01
  -3.140  0.2113E+00  0.7850E+01
  -3.120  0.2073E+00  0.7854E+01
  -3.100  0.2034E+00  0.7858E+01
  -3.080  0.1996E+00  0.7862E+01
  -3.060  0.1959E+00  0.7866E+01
  -3.040  0.1923E+00  0.7870E+01
  -3.020  0.1887E+00  0.7874E+01
  -3.000  0.1851E+00  0.7878E+01
  -2.980  0.1816E+00  0.7881E+01
  -2.960  0.1782E+00  0.7885E+01
  -2.940  0.1748E+00  0.7888E+01
  -2.920  0.1716E+00  0.7892E+01
  -2.900  0.1683E+00  0.7895E+01
  -2.880  0.1650E+00  0.7898E+01
  -2.860  0.1618E+00  0.7902E+01
  -2.840  0.1587E+00  0.7905E+01
  -2.820  0.1556E+00  0.7908E+01
  -2.800  0.1525E+00  0.7911E+01
  -2.780  0.1495E+00  0.7914E+01
  -2.760  0.1465E+00  0.7917E+01
  -2.740  0.1435E+00  0.7920E+01
  -2.720  0.1406E+00  0.7923E+01
  -2.700  0.1378E+00  0.7925E+01
  -2.680  0.1349E+00  0.7928E+01
  -2.660  0.1320E+00  0.7931E+01
  -2.640  0.1292E+00  0.7933E+01
  -2.620  0.1265E+00  0.7936E+01
  -2.600  0.1238E+00  0.7938E+01
  -2.580  0.1211E+00  0.7941E+01
  -2.560  0.1183E+00  0.7943E+01
  -2.540  0.1157E+00  0.7945E+01
  -2.520  0.1130E+00  0.7948E+01
  -2.500  0.1104E+00  0.7950E+01
  -2.480  0.1078E+00  0.7952E+01
  -2.460  0.1052E+00  0.7954E+01
  -2.440  0.1027E+00  0.7956E+01
  -2.420  0.1001E+00  0.7958E+01
  -2.400  0.9761E-01  0.7960E+01
  -2.380  0.9512E-01  0.7962E+01
  -2.360  0.9264E-01  0.7964E+01
  -2.340  0.9016E-01  0.7966E+01
  -2.320  0.8769E-01  0.7967E+01
  -2.300  0.8525E-01  0.7969E+01
  -2.280  0.8284E-01  0.7971E+01
  -2.260  0.8044E-01  0.7972E+01
  -2.240  0.7804E-01  0.7974E+01
  -2.220  0.7564E-01  0.7976E+01
  -2.200  0.7327E-01  0.7977E+01
  -2.180  0.7092E-01  0.7978E+01
  -2.160  0.6858E-01  0.7980E+01
  -2.140  0.6624E-01  0.7981E+01
  -2.120  0.6390E-01  0.7982E+01
  -2.100  0.6158E-01  0.7984E+01
  -2.080  0.5927E-01  0.7985E+01
  -2.060  0.5698E-01  0.7986E+01
  -2.040  0.5469E-01  0.7987E+01
  -2.020  0.5240E-01  0.7988E+01
  -2.000  0.5011E-01  0.7989E+01
  -1.980  0.4784E-01  0.7990E+01
  -1.960  0.4558E-01  0.7991E+01
  -1.940  0.4332E-01  0.7992E+01
  -1.920  0.4107E-01  0.7993E+01
  -1.900  0.3881E-01  0.7993E+01
  -1.880  0.3656E-01  0.7994E+01
  -1.860  0.3432E-01  0.7995E+01
  -1.840  0.3208E-01  0.7995E+01
  -1.820  0.2984E-01  0.7996E+01
  -1.800  0.2761E-01  0.7997E+01
  -1.780  0.2537E-01  0.7997E+01
  -1.760  0.2314E-01  0.7998E+01
  -1.740  0.2092E-01  0.7998E+01
  -1.720  0.1871E-01  0.7998E+01
  -1.700  0.1652E-01  0.7999E+01
  -1.680  0.1438E-01  0.7999E+01
  -1.660  0.1233E-01  0.7999E+01
  -1.640  0.1044E-01  0.7999E+01
  -1.620  0.8776E-02  0.8000E+01
  -1.600  0.7437E-02  0.8000E+01
  -1.580  0.6516E-02  0.8000E+01
  -1.560  0.6086E-02  0.8000E+01
  -1.540  0.6184E-02  0.8000E+01
  -1.520  0.6802E-02  0.8000E+01
  -1.500  0.7896E-02  0.8000E+01
  -1.480  0.9386E-02  0.8001E+01
  -1.460  0.1118E-01  0.8001E+01
  -1.440  0.1318E-01  0.8001E+01
  -1.420  0.1533E-01  0.8001E+01
  -1.400  0.1756E-01  0.8002E+01
  -1.380  0.1985E-01  0.8002E+01
  -1.360  0.2216E-01  0.8003E+01
  -1.340  0.2450E-01  0.8003E+01
  -1.320  0.2685E-01  0.8004E+01
  -1.300  0.2922E-01  0.8004E+01
  -1.280  0.3160E-01  0.8005E+01
  -1.260  0.3400E-01  0.8006E+01
  -1.240  0.3641E-01  0.8006E+01
  -1.220  0.3884E-01  0.8007E+01
  -1.200  0.4128E-01  0.8008E+01
  -1.180  0.4375E-01  0.8009E+01
  -1.160  0.4624E-01  0.8010E+01
  -1.140  0.4875E-01  0.8011E+01
  -1.120  0.5127E-01  0.8012E+01
  -1.100  0.5383E-01  0.8013E+01
  -1.080  0.5641E-01  0.8014E+01
  -1.060  0.5902E-01  0.8015E+01
  -1.040  0.6165E-01  0.8016E+01
  -1.020  0.6430E-01  0.8018E+01
  -1.000  0.6700E-01  0.8019E+01
  -0.980  0.6973E-01  0.8020E+01
  -0.960  0.7249E-01  0.8022E+01
  -0.940  0.7528E-01  0.8023E+01
  -0.920  0.7811E-01  0.8025E+01
  -0.900  0.8098E-01  0.8026E+01
  -0.880  0.8391E-01  0.8028E+01
  -0.860  0.8687E-01  0.8030E+01
  -0.840  0.8987E-01  0.8032E+01
  -0.820  0.9292E-01  0.8034E+01
  -0.800  0.9603E-01  0.8035E+01
  -0.780  0.9921E-01  0.8037E+01
  -0.760  0.1024E+00  0.8039E+01
  -0.740  0.1057E+00  0.8042E+01
  -0.720  0.1091E+00  0.8044E+01
  -0.700  0.1125E+00  0.8046E+01
  -0.680  0.1160E+00  0.8048E+01
  -0.660  0.1196E+00  0.8051E+01
  -0.640  0.1233E+00  0.8053E+01
  -0.620  0.1270E+00  0.8056E+01
  -0.600  0.1308E+00  0.8058E+01
  -0.580  0.1348E+00  0.8061E+01
  -0.560  0.1389E+00  0.8064E+01
  -0.540  0.1431E+00  0.8067E+01
  -0.520  0.1474E+00  0.8070E+01
  -0.500  0.1518E+00  0.8073E+01
  -0.480  0.1564E+00  0.8076E+01
  -0.460  0.1612E+00  0.8079E+01
  -0.440  0.1662E+00  0.8082E+01
  -0.420  0.1714E+00  0.8086E+01
  -0.400  0.1767E+00  0.8089E+01
  -0.380  0.1822E+00  0.8093E+01
  -0.360  0.1880E+00  0.8097E+01
  -0.340  0.1942E+00  0.8101E+01
  -0.320  0.2007E+00  0.8105E+01
  -0.300  0.2074E+00  0.8109E+01
  -0.280  0.2144E+00  0.8113E+01
  -0.260  0.2220E+00  0.8117E+01
  -0.240  0.2302E+00  0.8122E+01
  -0.220  0.2389E+00  0.8127E+01
  -0.200  0.2482E+00  0.8132E+01
  -0.180  0.2582E+00  0.8137E+01
  -0.160  0.2691E+00  0.8142E+01
  -0.140  0.2813E+00  0.8148E+01
  -0.120  0.2949E+00  0.8154E+01
  -0.100  0.3103E+00  0.8160E+01
  -0.080  0.3278E+00  0.8167E+01
  -0.060  0.3485E+00  0.8174E+01
  -0.040  0.3731E+00  0.8181E+01
  -0.020  0.4028E+00  0.8189E+01
  -0.000  0.4381E+00  0.8198E+01
   0.020  0.4788E+00  0.8207E+01
   0.040  0.5237E+00  0.8218E+01
   0.060  0.5701E+00  0.8229E+01
   0.080  0.6137E+00  0.8242E+01
   0.100  0.6495E+00  0.8255E+01
   0.120  0.6728E+00  0.8268E+01
   0.140  0.6811E+00  0.8282E+01
   0.160  0.6743E+00  0.8295E+01
   0.180  0.6551E+00  0.8308E+01
   0.200  0.6276E+00  0.8321E+01
   0.220  0.5965E+00  0.8333E+01
   0.240  0.5655E+00  0.8344E+01
   0.260  0.5368E+00  0.8355E+01
   0.280  0.5117E+00  0.8365E+01
   0.300  0.4905E+00  0.8375E+01
   0.320  0.4728E+00  0.8384E+01
   0.340  0.4580E+00  0.8393E+01
   0.360  0.4455E+00  0.8402E+01
   0.380  0.4351E+00  0.8411E+01
   0.400  0.4269E+00  0.8420E+01
   0.420  0.4214E+00  0.8428E+01
   0.440  0.4195E+00  0.8436E+01
   0.460  0.4219E+00  0.8445E+01
   0.480  0.4294E+00  0.8453E+01
   0.500  0.4418E+00  0.8462E+01
   0.520  0.4586E+00  0.8471E+01
   0.540  0.4785E+00  0.8481E+01
   0.560  0.4993E+00  0.8491E+01
   0.580  0.5189E+00  0.8501E+01
   0.600  0.5352E+00  0.8512E+01
   0.620  0.5471E+00  0.8523E+01
   0.640  0.5545E+00  0.8534E+01
   0.660  0.5582E+00  0.8545E+01
   0.680  0.5590E+00  0.8556E+01
   0.700  0.5581E+00  0.8568E+01
   0.720  0.5561E+00  0.8579E+01
   0.740  0.5534E+00  0.8590E+01
   0.760  0.5504E+00  0.8601E+01
   0.780  0.5472E+00  0.8612E+01
   0.800  0.5443E+00  0.8623E+01
   0.820  0.5416E+00  0.8634E+01
   0.840  0.5390E+00  0.8644E+01
   0.860  0.5364E+00  0.8655E+01
   0.880  0.5338E+00  0.8666E+01
   0.900  0.5311E+00  0.8676E+01
   0.920  0.5286E+00  0.8687E+01
   0.940  0.5264E+00  0.8697E+01
   0.960  0.5243E+00  0.8708E+01
   0.980  0.5223E+00  0.8718E+01
   1.000  0.5201E+00  0.8729E+01
   1.020  0.5178E+00  0.8739E+01
   1.040  0.5157E+00  0.8749E+01
   1.060  0.5137E+00  0.8760E+01
   1.080  0.5120E+00  0.8770E+01
   1.100  0.5103E+00  0.8780E+01
   1.120  0.5085E+00  0.8790E+01
   1.140  0.5065E+00  0.8800E+01
   1.160  0.5046E+00  0.8811E+01
   1.180  0.5028E+00  0.8821E+01
   1.200  0.5013E+00  0.8831E+01
   1.220  0.4999E+00  0.8841E+01
   1.240  0.4984E+00  0.8851E+01
   1.260  0.4968E+00  0.8861E+01
   1.280  0.4950E+00  0.8870E+01
   1.300  0.4934E+00  0.8880E+01
   1.320  0.4919E+00  0.8890E+01
   1.340  0.4907E+00  0.8900E+01
   1.360  0.4895E+00  0.8910E+01
   1.380  0.4881E+00  0.8919E+01
   1.400  0.4866E+00  0.8929E+01
   1.420  0.4850E+00  0.8939E+01
   1.440  0.4836E+00  0.8949E+01
   1.460  0.4825E+00  0.8958E+01
   1.480  0.4815E+00  0.8968E+01
   1.500  0.4807E+00  0.8977E+01
   1.520  0.4800E+00  0.8987E+01
   1.540  0.4798E+00  0.8997E+01
   1.560  0.4809E+00  0.9006E+01
   1.580  0.4843E+00  0.9016E+01
   1.600  0.4909E+00  0.9026E+01
   1.620  0.5017E+00  0.9036E+01
   1.640  0.5169E+00  0.9046E+01
   1.660  0.5366E+00  0.9057E+01
   1.680  0.5598E+00  0.9068E+01
   1.700  0.5849E+00  0.9080E+01
   1.720  0.6100E+00  0.9092E+01
   1.740  0.6327E+00  0.9105E+01
   1.760  0.6515E+00  0.9118E+01
   1.780  0.6653E+00  0.9131E+01
   1.800  0.6744E+00  0.9144E+01
   1.820  0.6797E+00  0.9158E+01
   1.840  0.6823E+00  0.9172E+01
   1.860  0.6835E+00  0.9185E+01
   1.880  0.6838E+00  0.9199E+01
   1.900  0.6836E+00  0.9213E+01
   1.920  0.6828E+00  0.9226E+01
   1.940  0.6817E+00  0.9240E+01
   1.960  0.6806E+00  0.9254E+01
   1.980  0.6796E+00  0.9267E+01
   2.000  0.6788E+00  0.9281E+01
   2.020  0.6783E+00  0.9294E+01
   2.040  0.6776E+00  0.9308E+01
   2.060  0.6767E+00  0.9321E+01
   2.080  0.6756E+00  0.9335E+01
   2.100  0.6745E+00  0.9348E+01
   2.120  0.6736E+00  0.9362E+01
   2.140  0.6729E+00  0.9375E+01
   2.160  0.6724E+00  0.9389E+01
   2.180  0.6718E+00  0.9402E+01
   2.200  0.6710E+00  0.9416E+01
   2.220  0.6699E+00  0.9429E+01
   2.240  0.6688E+00  0.9442E+01
   2.260  0.6680E+00  0.9456E+01
   2.280  0.6674E+00  0.9469E+01
   2.300  0.6670E+00  0.9483E+01
   2.320  0.6665E+00  0.9496E+01
   2.340  0.6656E+00  0.9509E+01
   2.360  0.6646E+00  0.9522E+01
   2.380  0.6635E+00  0.9536E+01
   2.400  0.6628E+00  0.9549E+01
   2.420  0.6623E+00  0.9562E+01
   2.440  0.6620E+00  0.9575E+01
   2.460  0.6615E+00  0.9589E+01
   2.480  0.6607E+00  0.9602E+01
   2.500  0.6596E+00  0.9615E+01
   2.520  0.6586E+00  0.9628E+01
   2.540  0.6579E+00  0.9641E+01
   2.560  0.6575E+00  0.9655E+01
   2.580  0.6572E+00  0.9668E+01
   2.600  0.6568E+00  0.9681E+01
   2.620  0.6560E+00  0.9694E+01
   2.640  0.6551E+00  0.9707E+01
   2.660  0.6541E+00  0.9720E+01
   2.680  0.6534E+00  0.9733E+01
   2.700  0.6530E+00  0.9746E+01
   2.720  0.6528E+00  0.9759E+01
   2.740  0.6524E+00  0.9772E+01
   2.760  0.6517E+00  0.9785E+01
   2.780  0.6508E+00  0.9798E+01
   2.800  0.6498E+00  0.9811E+01
   2.820  0.6491E+00  0.9824E+01
   2.840  0.6488E+00  0.9837E+01
   2.860  0.6487E+00  0.9850E+01
   2.880  0.6485E+00  0.9863E+01
   2.900  0.6482E+00  0.9876E+01
   2.920  0.6480E+00  0.9889E+01
   2.940  0.6487E+00  0.9902E+01
   2.960  0.6509E+00  0.9915E+01
   2.980  0.6559E+00  0.9928E+01
   3.000  0.6644E+00  0.9942E+01
   3.020  0.6771E+00  0.9955E+01
   3.040  0.6943E+00  0.9969E+01
   3.060  0.7157E+00  0.9983E+01
   3.080  0.7402E+00  0.9998E+01
   3.100  0.7663E+00  0.1001E+02
   3.120  0.7917E+00  0.1003E+02
   3.140  0.8144E+00  0.1005E+02
   3.160  0.8328E+00  0.1006E+02
   3.180  0.8462E+00  0.1008E+02
   3.200  0.8548E+00  0.1010E+02
   3.220  0.8597E+00  0.1011E+02
   3.240  0.8623E+00  0.1013E+02
   3.260  0.8637E+00  0.1015E+02
   3.280  0.8645E+00  0.1017E+02
   3.300  0.8649E+00  0.1018E+02
   3.320  0.8649E+00  0.1020E+02
   3.340  0.8645E+00  0.1022E+02
   3.360  0.8638E+00  0.1023E+02
   3.380  0.8633E+00  0.1025E+02
   3.400  0.8631E+00  0.1027E+02
   3.420  0.8632E+00  0.1029E+02
   3.440  0.8636E+00  0.1030E+02
   3.460  0.8639E+00  0.1032E+02
   3.480  0.8640E+00  0.1034E+02
   3.500  0.8640E+00  0.1036E+02
   3.520  0.8641E+00  0.1037E+02
   3.540  0.8647E+00  0.1039E+02
   3.560  0.8661E+00  0.1041E+02
   3.580  0.8683E+00  0.1042E+02
   3.600  0.8712E+00  0.1044E+02
   3.620  0.8742E+00  0.1046E+02
   3.640  0.8769E+00  0.1048E+02
   3.660  0.8789E+00  0.1049E+02
   3.680  0.8793E+00  0.1051E+02
   3.700  0.8768E+00  0.1053E+02
   3.720  0.8701E+00  0.1055E+02
   3.740  0.8578E+00  0.1056E+02
   3.760  0.8401E+00  0.1058E+02
   3.780  0.8186E+00  0.1060E+02
   3.800  0.7966E+00  0.1061E+02
   3.820  0.7782E+00  0.1063E+02
   3.840  0.7670E+00  0.1064E+02
   3.860  0.7652E+00  0.1066E+02
   3.880  0.7729E+00  0.1068E+02
   3.900  0.7885E+00  0.1069E+02
   3.920  0.8087E+00  0.1071E+02
   3.940  0.8297E+00  0.1072E+02
   3.960  0.8484E+00  0.1074E+02
   3.980  0.8625E+00  0.1076E+02
   4.000  0.8713E+00  0.1078E+02
   4.020  0.8752E+00  0.1079E+02
   4.040  0.8754E+00  0.1081E+02
   4.060  0.8731E+00  0.1083E+02
   4.080  0.8696E+00  0.1085E+02
   4.100  0.8660E+00  0.1086E+02
   4.120  0.8630E+00  0.1088E+02
   4.140  0.8611E+00  0.1090E+02
   4.160  0.8604E+00  0.1091E+02
   4.180  0.8607E+00  0.1093E+02
   4.200  0.8618E+00  0.1095E+02
   4.220  0.8633E+00  0.1097E+02
   4.240  0.8653E+00  0.1098E+02
   4.260  0.8679E+00  0.1100E+02
   4.280  0.8710E+00  0.1102E+02
   4.300  0.8740E+00  0.1104E+02
   4.320  0.8752E+00  0.1105E+02
   4.340  0.8724E+00  0.1107E+02
   4.360  0.8636E+00  0.1109E+02
   4.380  0.8476E+00  0.1110E+02
   4.400  0.8252E+00  0.1112E+02
   4.420  0.7990E+00  0.1114E+02
   4.440  0.7728E+00  0.1115E+02
   4.460  0.7509E+00  0.1117E+02
   4.480  0.7372E+00  0.1118E+02
   4.500  0.7344E+00  0.1120E+02
   4.520  0.7434E+00  0.1121E+02
   4.540  0.7632E+00  0.1123E+02
   4.560  0.7908E+00  0.1124E+02
   4.580  0.8221E+00  0.1126E+02
   4.600  0.8532E+00  0.1128E+02
   4.620  0.8814E+00  0.1129E+02
   4.640  0.9060E+00  0.1131E+02
   4.660  0.9281E+00  0.1133E+02
   4.680  0.9495E+00  0.1135E+02
   4.700  0.9712E+00  0.1137E+02
   4.720  0.9934E+00  0.1139E+02
   4.740  0.1014E+01  0.1141E+02
   4.760  0.1033E+01  0.1143E+02
   4.780  0.1047E+01  0.1145E+02
   4.800  0.1057E+01  0.1147E+02
   4.820  0.1064E+01  0.1149E+02
   4.840  0.1067E+01  0.1151E+02
   4.860  0.1070E+01  0.1154E+02
   4.880  0.1071E+01  0.1156E+02
   4.900  0.1072E+01  0.1158E+02
   4.920  0.1073E+01  0.1160E+02
   4.940  0.1074E+01  0.1162E+02
   4.960  0.1075E+01  0.1164E+02
   4.980  0.1077E+01  0.1167E+02
   5.000  0.1080E+01  0.1169E+02
   5.020  0.1084E+01  0.1171E+02
   5.040  0.1089E+01  0.1173E+02
   5.060  0.1095E+01  0.1175E+02
   5.080  0.1102E+01  0.1177E+02
   5.100  0.1108E+01  0.1180E+02
   5.120  0.1111E+01  0.1182E+02
   5.140  0.1110E+01  0.1184E+02
   5.160  0.1102E+01  0.1186E+02
   5.180  0.1086E+01  0.1188E+02
   5.200  0.1060E+01  0.1191E+02
   5.220  0.1027E+01  0.1193E+02
   5.240  0.9881E+00  0.1195E+02
   5.260  0.9488E+00  0.1196E+02
   5.280  0.9132E+00  0.1198E+02
   5.300  0.8856E+00  0.1200E+02
   5.320  0.8702E+00  0.1202E+02
   5.340  0.8702E+00  0.1204E+02
   5.360  0.8866E+00  0.1205E+02
   5.380  0.9181E+00  0.1207E+02
   5.400  0.9603E+00  0.1209E+02
   5.420  0.1006E+01  0.1211E+02
   5.440  0.1049E+01  0.1213E+02
   5.460  0.1082E+01  0.1215E+02
   5.480  0.1103E+01  0.1218E+02
   5.500  0.1113E+01  0.1220E+02
   5.520  0.1114E+01  0.1222E+02
   5.540  0.1109E+01  0.1224E+02
   5.560  0.1101E+01  0.1226E+02
   5.580  0.1093E+01  0.1229E+02
   5.600  0.1086E+01  0.1231E+02
   5.620  0.1081E+01  0.1233E+02
   5.640  0.1078E+01  0.1235E+02
   5.660  0.1077E+01  0.1237E+02
   5.680  0.1082E+01  0.1239E+02
   5.700  0.1091E+01  0.1242E+02
   5.720  0.1109E+01  0.1244E+02
   5.740  0.1136E+01  0.1246E+02
   5.760  0.1174E+01  0.1248E+02
   5.780  0.1225E+01  0.1251E+02
   5.800  0.1284E+01  0.1253E+02
   5.820  0.1349E+01  0.1256E+02
   5.840  0.1413E+01  0.1259E+02
   5.860  0.1472E+01  0.1262E+02
   5.880  0.1520E+01  0.1265E+02
   5.900  0.1556E+01  0.1268E+02
   5.920  0.1579E+01  0.1271E+02
   5.940  0.1590E+01  0.1274E+02
   5.960  0.1591E+01  0.1278E+02
   5.980  0.1586E+01  0.1281E+02
   6.000  0.1579E+01  0.1284E+02
   6.020  0.1573E+01  0.1287E+02
   6.040  0.1572E+01  0.1290E+02
   6.060  0.1578E+01  0.1293E+02
   6.080  0.1591E+01  0.1297E+02
   6.100  0.1607E+01  0.1300E+02
   6.120  0.1622E+01  0.1303E+02
   6.140  0.1630E+01  0.1306E+02
   6.160  0.1627E+01  0.1310E+02
   6.180  0.1609E+01  0.1313E+02
   6.200  0.1575E+01  0.1316E+02
   6.220  0.1525E+01  0.1319E+02
   6.240  0.1462E+01  0.1322E+02
   6.260  0.1391E+01  0.1325E+02
   6.280  0.1316E+01  0.1327E+02
   6.300  0.1244E+01  0.1330E+02
   6.320  0.1177E+01  0.1332E+02
   6.340  0.1119E+01  0.1334E+02
   6.360  0.1069E+01  0.1337E+02
   6.380  0.1027E+01  0.1339E+02
   6.400  0.9931E+00  0.1341E+02
   6.420  0.9662E+00  0.1342E+02
   6.440  0.9459E+00  0.1344E+02
   6.460  0.9310E+00  0.1346E+02
   6.480  0.9202E+00  0.1348E+02
   6.500  0.9114E+00  0.1350E+02
   6.520  0.9031E+00  0.1352E+02
   6.540  0.8944E+00  0.1354E+02
   6.560  0.8853E+00  0.1355E+02
   6.580  0.8767E+00  0.1357E+02
   6.600  0.8694E+00  0.1359E+02
   6.620  0.8636E+00  0.1360E+02
   6.640  0.8589E+00  0.1362E+02
   6.660  0.8543E+00  0.1364E+02
   6.680  0.8490E+00  0.1366E+02
   6.700  0.8427E+00  0.1367E+02
   6.720  0.8360E+00  0.1369E+02
   6.740  0.8298E+00  0.1371E+02
   6.760  0.8246E+00  0.1372E+02
   6.780  0.8207E+00  0.1374E+02
   6.800  0.8175E+00  0.1376E+02
   6.820  0.8141E+00  0.1377E+02
   6.840  0.8100E+00  0.1379E+02
   6.860  0.8052E+00  0.1380E+02
   6.880  0.8000E+00  0.1382E+02
   6.900  0.7952E+00  0.1384E+02
   6.920  0.7912E+00  0.1385E+02
   6.940  0.7880E+00  0.1387E+02
   6.960  0.7854E+00  0.1388E+02
   6.980  0.7829E+00  0.1390E+02
   7.000  0.7798E+00  0.1391E+02
   7.020  0.7760E+00  0.1393E+02
   7.040  0.7718E+00  0.1395E+02
   7.060  0.7678E+00  0.1396E+02
   7.080  0.7646E+00  0.1398E+02
   7.100  0.7621E+00  0.1399E+02
   7.120  0.7600E+00  0.1401E+02
   7.140  0.7576E+00  0.1402E+02
   7.160  0.7547E+00  0.1404E+02
   7.180  0.7514E+00  0.1405E+02
   7.200  0.7484E+00  0.1407E+02
   7.220  0.7460E+00  0.1408E+02
   7.240  0.7440E+00  0.1410E+02
   7.260  0.7417E+00  0.1411E+02
   7.280  0.7386E+00  0.1413E+02
   7.300  0.7351E+00  0.1414E+02
   7.320  0.7322E+00  0.1416E+02
   7.340  0.7305E+00  0.1417E+02
   7.360  0.7301E+00  0.1418E+02
   7.380  0.7296E+00  0.1420E+02
   7.400  0.7277E+00  0.1421E+02
   7.420  0.7238E+00  0.1423E+02
   7.440  0.7187E+00  0.1424E+02
   7.460  0.7145E+00  0.1426E+02
   7.480  0.7130E+00  0.1427E+02
   7.500  0.7142E+00  0.1429E+02
   7.520  0.7161E+00  0.1430E+02
   7.540  0.7162E+00  0.1431E+02
   7.560  0.7130E+00  0.1433E+02
   7.580  0.7070E+00  0.1434E+02
   7.600  0.7008E+00  0.1436E+02
   7.620  0.6974E+00  0.1437E+02
   7.640  0.6979E+00  0.1438E+02
   7.660  0.7010E+00  0.1440E+02
   7.680  0.7037E+00  0.1441E+02
   7.700  0.7034E+00  0.1443E+02
   7.720  0.6992E+00  0.1444E+02
   7.740  0.6927E+00  0.1445E+02
   7.760  0.6868E+00  0.1447E+02
   7.780  0.6841E+00  0.1448E+02
   7.800  0.6852E+00  0.1450E+02
   7.820  0.6885E+00  0.1451E+02
   7.840  0.6913E+00  0.1452E+02
   7.860  0.6913E+00  0.1454E+02
   7.880  0.6878E+00  0.1455E+02
   7.900  0.6820E+00  0.1456E+02
   7.920  0.6763E+00  0.1458E+02
   7.940  0.6732E+00  0.1459E+02
   7.960  0.6735E+00  0.1461E+02
   7.980  0.6764E+00  0.1462E+02
   8.000  0.6797E+00  0.1463E+02
   8.020  0.6810E+00  0.1465E+02
   8.040  0.6789E+00  0.1466E+02
   8.060  0.6739E+00  0.1467E+02
   8.080  0.6681E+00  0.1469E+02
   8.100  0.6641E+00  0.1470E+02
   8.120  0.6635E+00  0.1471E+02
   8.140  0.6660E+00  0.1473E+02
   8.160  0.6697E+00  0.1474E+02
   8.180  0.6720E+00  0.1475E+02
   8.200  0.6712E+00  0.1477E+02
   8.220  0.6673E+00  0.1478E+02
   8.240  0.6620E+00  0.1479E+02
   8.260  0.6579E+00  0.1481E+02
   8.280  0.6565E+00  0.1482E+02
   8.300  0.6582E+00  0.1483E+02
   8.320  0.6613E+00  0.1485E+02
   8.340  0.6638E+00  0.1486E+02
   8.360  0.6642E+00  0.1487E+02
   8.380  0.6620E+00  0.1489E+02
   8.400  0.6585E+00  0.1490E+02
   8.420  0.6551E+00  0.1491E+02
   8.440  0.6533E+00  0.1492E+02
   8.460  0.6537E+00  0.1494E+02
   8.480  0.6555E+00  0.1495E+02
   8.500  0.6577E+00  0.1496E+02
   8.520  0.6590E+00  0.1498E+02
   8.540  0.6589E+00  0.1499E+02
   8.560  0.6577E+00  0.1500E+02
   8.580  0.6561E+00  0.1502E+02
   8.600  0.6549E+00  0.1503E+02
   8.620  0.6545E+00  0.1504E+02
   8.640  0.6550E+00  0.1506E+02
   8.660  0.6560E+00  0.1507E+02
   8.680  0.6573E+00  0.1508E+02
   8.700  0.6588E+00  0.1510E+02
   8.720  0.6604E+00  0.1511E+02
   8.740  0.6620E+00  0.1512E+02
   8.760  0.6634E+00  0.1514E+02
   8.780  0.6644E+00  0.1515E+02
   8.800  0.6653E+00  0.1516E+02
   8.820  0.6668E+00  0.1518E+02
   8.840  0.6705E+00  0.1519E+02
   8.860  0.6778E+00  0.1520E+02
   8.880  0.6898E+00  0.1522E+02
   8.900  0.7070E+00  0.1523E+02
   8.920  0.7295E+00  0.1524E+02
   8.940  0.7573E+00  0.1526E+02
   8.960  0.7905E+00  0.1528E+02
   8.980  0.8286E+00  0.1529E+02
   9.000  0.8694E+00  0.1531E+02
   9.020  0.9086E+00  0.1533E+02
   9.040  0.9404E+00  0.1535E+02
   9.060  0.9587E+00  0.1537E+02
   9.080  0.9599E+00  0.1538E+02
   9.100  0.9441E+00  0.1540E+02
   9.120  0.9147E+00  0.1542E+02
   9.140  0.8777E+00  0.1544E+02
   9.160  0.8392E+00  0.1546E+02
   9.180  0.8038E+00  0.1547E+02
   9.200  0.7735E+00  0.1549E+02
   9.220  0.7481E+00  0.1550E+02
   9.240  0.7258E+00  0.1552E+02
   9.260  0.7046E+00  0.1553E+02
   9.280  0.6831E+00  0.1555E+02
   9.300  0.6612E+00  0.1556E+02
   9.320  0.6400E+00  0.1557E+02
   9.340  0.6208E+00  0.1558E+02
   9.360  0.6046E+00  0.1560E+02
   9.380  0.5913E+00  0.1561E+02
   9.400  0.5800E+00  0.1562E+02
   9.420  0.5693E+00  0.1563E+02
   9.440  0.5581E+00  0.1564E+02
   9.460  0.5464E+00  0.1565E+02
   9.480  0.5349E+00  0.1566E+02
   9.500  0.5251E+00  0.1567E+02
   9.520  0.5182E+00  0.1568E+02
   9.540  0.5147E+00  0.1569E+02
   9.560  0.5135E+00  0.1570E+02
   9.580  0.5128E+00  0.1572E+02
   9.600  0.5107E+00  0.1573E+02
   9.620  0.5060E+00  0.1574E+02
   9.640  0.4986E+00  0.1575E+02
   9.660  0.4889E+00  0.1576E+02
   9.680  0.4771E+00  0.1576E+02
   9.700  0.4627E+00  0.1577E+02
   9.720  0.4445E+00  0.1578E+02
   9.740  0.4215E+00  0.1579E+02
   9.760  0.3936E+00  0.1580E+02
   9.780  0.3622E+00  0.1581E+02
   9.800  0.3299E+00  0.1581E+02
   9.820  0.2993E+00  0.1582E+02
   9.840  0.2727E+00  0.1582E+02
   9.860  0.2508E+00  0.1583E+02
   9.880  0.2337E+00  0.1583E+02
   9.900  0.2203E+00  0.1584E+02
   9.920  0.2098E+00  0.1584E+02
   9.940  0.2016E+00  0.1585E+02
   9.960  0.1949E+00  0.1585E+02
   9.980  0.1895E+00  0.1585E+02
  10.000  0.1849E+00  0.1586E+02
  10.020  0.1805E+00  0.1586E+02
  10.040  0.1761E+00  0.1587E+02
  10.060  0.1717E+00  0.1587E+02
  10.080  0.1674E+00  0.1587E+02
  10.100  0.1636E+00  0.1588E+02
  10.120  0.1605E+00  0.1588E+02
  10.140  0.1581E+00  0.1588E+02
  10.160  0.1560E+00  0.1588E+02
  10.180  0.1539E+00  0.1589E+02
  10.200  0.1516E+00  0.1589E+02
  10.220  0.1491E+00  0.1589E+02
  10.240  0.1465E+00  0.1590E+02
  10.260  0.1441E+00  0.1590E+02
  10.280  0.1419E+00  0.1590E+02
  10.300  0.1400E+00  0.1591E+02
  10.320  0.1384E+00  0.1591E+02
  10.340  0.1369E+00  0.1591E+02
  10.360  0.1355E+00  0.1591E+02
  10.380  0.1343E+00  0.1592E+02
  10.400  0.1332E+00  0.1592E+02
  10.420  0.1321E+00  0.1592E+02
  10.440  0.1306E+00  0.1592E+02
  10.460  0.1288E+00  0.1593E+02
  10.480  0.1267E+00  0.1593E+02
  10.500  0.1245E+00  0.1593E+02
  10.520  0.1227E+00  0.1593E+02
  10.540  0.1215E+00  0.1594E+02
  10.560  0.1210E+00  0.1594E+02
  10.580  0.1207E+00  0.1594E+02
  10.600  0.1201E+00  0.1594E+02
  10.620  0.1188E+00  0.1595E+02
  10.640  0.1165E+00  0.1595E+02
  10.660  0.1136E+00  0.1595E+02
  10.680  0.1107E+00  0.1595E+02
  10.700  0.1084E+00  0.1596E+02
  10.720  0.1070E+00  0.1596E+02
  10.740  0.1062E+00  0.1596E+02
  10.760  0.1053E+00  0.1596E+02
  10.780  0.1036E+00  0.1596E+02
  10.800  0.1009E+00  0.1597E+02
  10.820  0.9746E-01  0.1597E+02
  10.840  0.9403E-01  0.1597E+02
  10.860  0.9124E-01  0.1597E+02
  10.880  0.8935E-01  0.1597E+02
  10.900  0.8807E-01  0.1597E+02
  10.920  0.8674E-01  0.1598E+02
  10.940  0.8480E-01  0.1598E+02
  10.960  0.8210E-01  0.1598E+02
  10.980  0.7900E-01  0.1598E+02
  11.000  0.7619E-01  0.1598E+02
  11.020  0.7420E-01  0.1598E+02
  11.040  0.7318E-01  0.1599E+02
  11.060  0.7276E-01  0.1599E+02
  11.080  0.7233E-01  0.1599E+02
  11.100  0.7131E-01  0.1599E+02
  11.120  0.6939E-01  0.1599E+02
  11.140  0.6650E-01  0.1599E+02
  11.160  0.6266E-01  0.1599E+02
  11.180  0.5784E-01  0.1600E+02
  11.200  0.5200E-01  0.1600E+02
  11.220  0.4516E-01  0.1600E+02
  11.240  0.3757E-01  0.1600E+02
  11.260  0.2972E-01  0.1600E+02
  11.280  0.2220E-01  0.1600E+02
  11.300  0.1560E-01  0.1600E+02
  11.320  0.1026E-01  0.1600E+02
  11.340  0.6305E-02  0.1600E+02
  11.360  0.3611E-02  0.1600E+02
  11.380  0.1923E-02  0.1600E+02
  11.400  0.9513E-03  0.1600E+02
  11.420  0.4362E-03  0.1600E+02
  11.440  0.1852E-03  0.1600E+02
  11.460  0.7267E-04  0.1600E+02
  11.480  0.2633E-04  0.1600E+02
  11.500  0.8802E-05  0.1600E+02
  11.520  0.2711E-05  0.1600E+02
  11.540  0.7686E-06  0.1600E+02
  11.560  0.2004E-06  0.1600E+02
  11.580  0.4805E-07  0.1600E+02
  11.600  0.1058E-07  0.1600E+02
  11.620  0.2140E-08  0.1600E+02
  11.640  0.3973E-09  0.1600E+02
  11.660  0.6767E-10  0.1600E+02
  11.680  0.1057E-10  0.1600E+02
  11.700  0.1514E-11  0.1600E+02
  11.720  0.1988E-12  0.1600E+02
  11.740  0.2393E-13  0.1600E+02
  11.760  0.2639E-14  0.1600E+02
  11.780  0.2667E-15  0.1600E+02
  11.800  0.2470E-16  0.1600E+02
  11.820  0.2095E-17  0.1600E+02
  11.840  0.1628E-18  0.1600E+02
  11.860  0.1159E-19  0.1600E+02
  11.880  0.7552E-21  0.1600E+02
  11.900  0.4509E-22  0.1600E+02
  11.920  0.2465E-23  0.1600E+02
  11.940  0.1234E-24  0.1600E+02
  11.960  0.5659E-26  0.1600E+02
  11.980  0.2376E-27  0.1600E+02
  12.000  0.9135E-29  0.1600E+02
  12.020  0.3216E-30  0.1600E+02
  12.040  0.1037E-31  0.1600E+02
  12.060  0.3060E-33  0.1600E+02
  12.080  0.8270E-35  0.1600E+02
  12.100  0.2047E-36  0.1600E+02
  12.120  0.4638E-38  0.1600E+02
  12.140  0.9622E-40  0.1600E+02
  12.160  0.1828E-41  0.1600E+02
  12.180  0.3179E-43  0.1600E+02
  12.200  0.5063E-45  0.1600E+02
  12.220  0.7382E-47  0.1600E+02
  12.240  0.9856E-49  0.1600E+02
  12.260  0.1205E-50  0.1600E+02
  12.280  0.1348E-52  0.1600E+02
  12.300  0.1382E-54  0.1600E+02
  12.320  0.1296E-56  0.1600E+02
  12.340  0.1114E-58  0.1600E+02
  12.360  0.8760E-61  0.1600E+02
  12.380  0.6308E-63  0.1600E+02
  12.400  0.4159E-65  0.1600E+02
  12.420  0.2511E-67  0.1600E+02
  12.440  0.1388E-69  0.1600E+02
  12.460  0.7024E-72  0.1600E+02
  12.480  0.3255E-74  0.1600E+02
  12.500  0.1381E-76  0.1600E+02
  12.520  0.5363E-79  0.1600E+02
  12.540  0.1909E-81  0.1600E+02
  12.560  0.7522E-84  0.1600E+02
  12.580  0.1330E-84  0.1600E+02
  12.600  0.1312E-84  0.1600E+02
  12.620  0.1312E-84  0.1600E+02
  12.640  0.1312E-84  0.1600E+02
  12.660  0.1312E-84  0.1600E+02
  12.680  0.1312E-84  0.1600E+02
  12.700  0.1312E-84  0.1600E+02
  12.720  0.1312E-84  0.1600E+02
  12.740  0.1312E-84  0.1600E+02
  12.760  0.1312E-84  0.1600E+02
  12.780  0.1312E-84  0.1600E+02
  12.800  0.1312E-84  0.1600E+02
  12.820  0.1312E-84  0.1600E+02
  12.840  0.1312E-84  0.1600E+02
  12.860  0.1312E-84  0.1600E+02
  12.880  0.1312E-84  0.1600E+02
  12.900  0.1312E-84  0.1600E+02
  12.920  0.1312E-84  0.1600E+02
  12.940  0.1312E-84  0.1600E+02
  12.960  0.1312E-84  0.1600E+02
  12.980  0.1312E-84  0.1600E+02
  13.000  0.1312E-84  0.1600E+02
  13.020  0.1312E-84  0.1600E+02
  13.040  0.1312E-84  0.1600E+02
  13.060  0.1312E-84  0.1600E+02
  13.080  0.1312E-84  0.1600E+02
  13.100  0.1312E-84  0.1600E+02
  13.120  0.1312E-84  0.1600E+02
  13.140  0.1312E-84  0.1600E+02
  13.160  0.1312E-84  0.1600E+02
  13.180  0.1312E-84  0.1600E+02
  13.200  0.1312E-84  0.1600E+02
  13.220  0.1312E-84  0.1600E+02
  13.240  0.1312E-84  0.1600E+02
  13.260  0.1312E-84  0.1600E+02
  13.280  0.1312E-84  0.1600E+02
  13.300  0.1312E-84  0.1600E+02
  13.320  0.1312E-84  0.1600E+02
  13.340  0.1312E-84  0.1600E+02
  13.360  0.1312E-84  0.1600E+02
  13.380  0.1312E-84  0.1600E+02
  13.400  0.1312E-84  0.1600E+02
  13.420  0.1312E-84  0.1600E+02
  13.440  0.1312E-84  0.1600E+02
  13.460  0.1312E-84  0.1600E+02
  13.480  0.1312E-84  0.1600E+02
  13.500  0.1312E-84  0.1600E+02
  13.520  0.1312E-84  0.1600E+02
  13.540  0.1312E-84  0.1600E+02
  13.560  0.1312E-84  0.1600E+02
  13.580  0.1312E-84  0.1600E+02
  13.600  0.1312E-84  0.1600E+02
  13.620  0.1312E-84  0.1600E+02
  13.640  0.1312E-84  0.1600E+02
  13.660  0.1312E-84  0.1600E+02
  13.680  0.1312E-84  0.1600E+02
  13.700  0.1312E-84  0.1600E+02
  13.720  0.1312E-84  0.1600E+02
  13.740  0.1312E-84  0.1600E+02
  13.760  0.1312E-84  0.1600E+02
  13.780  0.1312E-84  0.1600E+02
  13.800  0.1312E-84  0.1600E+02
  13.820  0.1312E-84  0.1600E+02
  13.840  0.1312E-84  0.1600E+02
  13.860  0.1312E-84  0.1600E+02
  13.880  0.1312E-84  0.1600E+02
  13.900  0.1312E-84  0.1600E+02
  13.920  0.1312E-84  0.1600E+02
  13.940  0.1312E-84  0.1600E+02
  13.960  0.1312E-84  0.1600E+02
  13.980  0.1312E-84  0.1600E+02
  14.000  0.1312E-84  0.1600E+02
  14.020  0.1312E-84  0.1600E+02
  14.040  0.1312E-84  0.1600E+02
  14.060  0.1312E-84  0.1600E+02
  14.080  0.1312E-84  0.1600E+02
  14.100  0.1312E-84  0.1600E+02
  14.120  0.1312E-84  0.1600E+02
  14.140  0.1312E-84  0.1600E+02
  14.160  0.1312E-84  0.1600E+02
  14.180  0.1312E-84  0.1600E+02
  14.200  0.1312E-84  0.1600E+02
  14.220  0.1312E-84  0.1600E+02
  14.240  0.1312E-84  0.1600E+02
  14.260  0.1312E-84  0.1600E+02
  14.280  0.1312E-84  0.1600E+02
  14.300  0.1312E-84  0.1600E+02
  14.320  0.1312E-84  0.1600E+02
  14.340  0.1312E-84  0.1600E+02
  14.360  0.1312E-84  0.1600E+02
  14.380  0.1312E-84  0.1600E+02
  14.400  0.1312E-84  0.1600E+02
  14.420  0.1312E-84  0.1600E+02
  14.440  0.1312E-84  0.1600E+02
  14.460  0.1312E-84  0.1600E+02
  14.480  0.1312E-84  0.1600E+02
  14.500  0.1312E-84  0.1600E+02
  14.520  0.1312E-84  0.1600E+02
  14.540  0.1312E-84  0.1600E+02
  14.560  0.1312E-84  0.1600E+02
  14.580  0.1312E-84  0.1600E+02
  14.600  0.1312E-84  0.1600E+02
  14.620  0.1312E-84  0.1600E+02
  14.640  0.1312E-84  0.1600E+02
  14.660  0.1312E-84  0.1600E+02
  14.680  0.1312E-84  0.1600E+02
  14.700  0.1312E-84  0.1600E+02
  14.720  0.1312E-84  0.1600E+02
  14.740  0.1312E-84  0.1600E+02
  14.760  0.1312E-84  0.1600E+02
  14.780  0.1312E-84  0.1600E+02
  14.800  0.1312E-84  0.1600E+02
  14.820  0.1312E-84  0.1600E+02
  14.840  0.1312E-84  0.1600E+02
  14.860  0.1312E-84  0.1600E+02
  14.880  0.1312E-84  0.1600E+02
  14.900  0.1312E-84  0.1600E+02
  14.920  0.1312E-84  0.1600E+02
  14.940  0.1312E-84  0.1600E+02
  14.960  0.1312E-84  0.1600E+02
  14.980  0.1312E-84  0.1600E+02
  15.000  0.1312E-84  0.1600E+02
