 &plot nbnd=  22, nks=   401 /
            0.000000  0.000000 -0.500000
  -20.839  -20.763  -18.776  -18.697  -15.326  -15.266  -12.208  -12.140  -10.314  -10.249
   -9.471   -9.420   -9.408   -9.361   -8.645   -8.587   -6.639   -6.580   -1.304   -1.244
    1.268    1.274
            0.000000  0.000000 -0.497500
  -20.841  -20.761  -18.778  -18.695  -15.328  -15.263  -12.211  -12.137  -10.320  -10.243
   -9.472   -9.423   -9.406   -9.359   -8.650   -8.583   -6.642   -6.577   -1.307   -1.241
    1.265    1.276
            0.000000  0.000000 -0.495000
  -20.848  -20.754  -18.783  -18.690  -15.334  -15.257  -12.220  -12.128  -10.333  -10.231
   -9.474   -9.429   -9.402   -9.354   -8.660   -8.573   -6.648   -6.571   -1.314   -1.233
    1.258    1.277
            0.000000  0.000000 -0.492500
  -20.857  -20.744  -18.791  -18.682  -15.342  -15.249  -12.232  -12.116  -10.351  -10.216
   -9.478   -9.437   -9.398   -9.345   -8.673   -8.559   -6.656   -6.563   -1.324   -1.223
    1.249    1.276
            0.000000  0.000000 -0.490000
  -20.868  -20.732  -18.800  -18.673  -15.351  -15.239  -12.246  -12.102  -10.370  -10.199
   -9.483   -9.445   -9.392   -9.336   -8.687   -8.544   -6.666   -6.553   -1.336   -1.211
    1.240    1.274
            0.000000  0.000000 -0.487500
  -20.880  -20.720  -18.809  -18.663  -15.361  -15.228  -12.260  -12.088  -10.390  -10.183
   -9.489   -9.453   -9.386   -9.325   -8.702   -8.529   -6.676   -6.542   -1.348   -1.199
    1.229    1.269
            0.000000  0.000000 -0.485000
  -20.893  -20.707  -18.820  -18.652  -15.372  -15.217  -12.275  -12.073  -10.411  -10.167
   -9.495   -9.461   -9.380   -9.314   -8.717   -8.513   -6.687   -6.531   -1.360   -1.186
    1.217    1.263
            0.000000  0.000000 -0.482500
  -20.905  -20.693  -18.831  -18.640  -15.382  -15.205  -12.290  -12.058  -10.432  -10.152
   -9.503   -9.468   -9.374   -9.303   -8.732   -8.497   -6.698   -6.520   -1.373   -1.172
    1.205    1.255
            0.000000  0.000000 -0.480000
  -20.918  -20.680  -18.842  -18.629  -15.393  -15.194  -12.305  -12.043  -10.454  -10.137
   -9.511   -9.475   -9.367   -9.291   -8.748   -8.481   -6.709   -6.508   -1.385   -1.159
    1.192    1.246
            0.000000  0.000000 -0.477500
  -20.931  -20.666  -18.853  -18.617  -15.404  -15.182  -12.320  -12.028  -10.475  -10.123
   -9.519   -9.480   -9.360   -9.279   -8.763   -8.464   -6.720   -6.497   -1.398   -1.145
    1.179    1.236
            0.000000  0.000000 -0.475000
  -20.944  -20.651  -18.864  -18.605  -15.415  -15.169  -12.336  -12.012  -10.498  -10.111
   -9.528   -9.484   -9.353   -9.267   -8.778   -8.447   -6.731   -6.485   -1.411   -1.131
    1.165    1.224
            0.000000  0.000000 -0.472500
  -20.957  -20.637  -18.876  -18.593  -15.425  -15.157  -12.352  -11.997  -10.520  -10.099
   -9.538   -9.486   -9.346   -9.254   -8.794   -8.431   -6.743   -6.473   -1.423   -1.118
    1.151    1.212
            0.000000  0.000000 -0.470000
  -20.970  -20.622  -18.887  -18.580  -15.436  -15.145  -12.367  -11.982  -10.542  -10.088
   -9.548   -9.488   -9.339   -9.242   -8.809   -8.414   -6.754   -6.461   -1.436   -1.104
    1.137    1.199
            0.000000  0.000000 -0.467500
  -20.983  -20.608  -18.898  -18.568  -15.447  -15.132  -12.383  -11.966  -10.565  -10.079
   -9.558   -9.488   -9.332   -9.229   -8.824   -8.397   -6.765   -6.449   -1.449   -1.089
    1.122    1.185
            0.000000  0.000000 -0.465000
  -20.996  -20.593  -18.910  -18.555  -15.458  -15.120  -12.399  -11.951  -10.587  -10.070
   -9.568   -9.488   -9.326   -9.216   -8.839   -8.380   -6.777   -6.437   -1.462   -1.075
    1.108    1.172
            0.000000  0.000000 -0.462500
  -21.009  -20.578  -18.921  -18.543  -15.468  -15.107  -12.415  -11.935  -10.610  -10.064
   -9.579   -9.486   -9.319   -9.204   -8.854   -8.363   -6.788   -6.424   -1.474   -1.061
    1.093    1.157
            0.000000  0.000000 -0.460000
  -21.022  -20.563  -18.933  -18.530  -15.479  -15.094  -12.430  -11.919  -10.633  -10.058
   -9.589   -9.482   -9.312   -9.191   -8.869   -8.345   -6.799   -6.412   -1.487   -1.047
    1.078    1.143
            0.000000  0.000000 -0.457500
  -21.035  -20.548  -18.944  -18.517  -15.489  -15.082  -12.446  -11.904  -10.656  -10.054
   -9.600   -9.478   -9.306   -9.178   -8.884   -8.328   -6.811   -6.400   -1.499   -1.032
    1.063    1.128
            0.000000  0.000000 -0.455000
  -21.048  -20.533  -18.955  -18.505  -15.500  -15.069  -12.462  -11.888  -10.679  -10.052
   -9.611   -9.472   -9.300   -9.165   -8.899   -8.311   -6.822   -6.388   -1.512   -1.018
    1.048    1.113
            0.000000  0.000000 -0.452500
  -21.060  -20.518  -18.967  -18.492  -15.510  -15.056  -12.478  -11.873  -10.702  -10.051
   -9.621   -9.465   -9.293   -9.152   -8.914   -8.293   -6.833   -6.375   -1.524   -1.004
    1.033    1.098
            0.000000  0.000000 -0.450000
  -21.073  -20.503  -18.978  -18.479  -15.520  -15.043  -12.494  -11.857  -10.725  -10.051
   -9.632   -9.456   -9.287   -9.139   -8.929   -8.275   -6.844   -6.363   -1.537   -0.989
    1.018    1.083
            0.000000  0.000000 -0.447500
  -21.086  -20.487  -18.989  -18.466  -15.531  -15.030  -12.510  -11.841  -10.749  -10.053
   -9.642   -9.447   -9.281   -9.125   -8.944   -8.258   -6.856   -6.351   -1.549   -0.974
    1.002    1.067
            0.000000  0.000000 -0.445000
  -21.098  -20.472  -19.000  -18.453  -15.541  -15.016  -12.526  -11.826  -10.772  -10.056
   -9.653   -9.436   -9.275   -9.112   -8.958   -8.240   -6.867   -6.338   -1.561   -0.960
    0.987    1.052
            0.000000  0.000000 -0.442500
  -21.111  -20.456  -19.012  -18.440  -15.551  -15.003  -12.542  -11.810  -10.795  -10.060
   -9.663   -9.424   -9.270   -9.099   -8.973   -8.222   -6.878   -6.326   -1.573   -0.945
    0.972    1.036
            0.000000  0.000000 -0.440000
  -21.123  -20.441  -19.023  -18.427  -15.561  -14.990  -12.559  -11.794  -10.818  -10.066
   -9.674   -9.412   -9.264   -9.086   -8.987   -8.205   -6.889   -6.314   -1.585   -0.931
    0.957    1.021
            0.000000  0.000000 -0.437500
  -21.136  -20.425  -19.034  -18.414  -15.570  -14.977  -12.575  -11.779  -10.841  -10.072
   -9.685   -9.399   -9.259   -9.072   -9.002   -8.187   -6.900   -6.301   -1.597   -0.916
    0.942    1.005
            0.000000  0.000000 -0.435000
  -21.148  -20.409  -19.045  -18.401  -15.580  -14.963  -12.591  -11.763  -10.865  -10.080
   -9.695   -9.384   -9.254   -9.059   -9.016   -8.169   -6.911   -6.289   -1.609   -0.901
    0.927    0.990
            0.000000  0.000000 -0.432500
  -21.161  -20.394  -19.056  -18.388  -15.590  -14.950  -12.607  -11.748  -10.888  -10.088
   -9.706   -9.370   -9.249   -9.045   -9.031   -8.151   -6.922   -6.276   -1.621   -0.886
    0.912    0.974
            0.000000  0.000000 -0.430000
  -21.173  -20.378  -19.067  -18.375  -15.599  -14.937  -12.623  -11.732  -10.911  -10.097
   -9.716   -9.354   -9.244   -9.045   -9.032   -8.133   -6.933   -6.264   -1.633   -0.871
    0.897    0.959
            0.000000  0.000000 -0.427500
  -21.185  -20.362  -19.078  -18.362  -15.609  -14.923  -12.640  -11.716  -10.934  -10.107
   -9.726   -9.338   -9.239   -9.059   -9.019   -8.114   -6.944   -6.251   -1.645   -0.856
    0.882    0.943
            0.000000  0.000000 -0.425000
  -21.197  -20.346  -19.089  -18.349  -15.618  -14.909  -12.656  -11.701  -10.957  -10.118
   -9.737   -9.322   -9.234   -9.073   -9.005   -8.096   -6.955   -6.239   -1.657   -0.841
    0.867    0.928
            0.000000  0.000000 -0.422500
  -21.209  -20.330  -19.099  -18.336  -15.628  -14.896  -12.672  -11.685  -10.981  -10.129
   -9.747   -9.305   -9.229   -9.087   -8.992   -8.078   -6.966   -6.226   -1.668   -0.826
    0.852    0.912
            0.000000  0.000000 -0.420000
  -21.221  -20.314  -19.110  -18.323  -15.637  -14.882  -12.689  -11.670  -11.004  -10.141
   -9.758   -9.288   -9.225   -9.101   -8.978   -8.059   -6.976   -6.214   -1.680   -0.811
    0.837    0.897
            0.000000  0.000000 -0.417500
  -21.233  -20.298  -19.121  -18.309  -15.646  -14.869  -12.705  -11.654  -11.027  -10.154
   -9.768   -9.271   -9.220   -9.115   -8.964   -8.041   -6.987   -6.201   -1.692   -0.796
    0.822    0.881
            0.000000  0.000000 -0.415000
  -21.245  -20.281  -19.131  -18.296  -15.655  -14.855  -12.722  -11.638  -11.050  -10.167
   -9.778   -9.254   -9.215   -9.129   -8.951   -8.023   -6.998   -6.189   -1.703   -0.781
    0.808    0.866
            0.000000  0.000000 -0.412500
  -21.257  -20.265  -19.142  -18.283  -15.664  -14.841  -12.738  -11.623  -11.073  -10.180
   -9.788   -9.239   -9.208   -9.142   -8.937   -8.004   -7.008   -6.176   -1.714   -0.766
    0.793    0.851
            0.000000  0.000000 -0.410000
  -21.268  -20.249  -19.152  -18.270  -15.673  -14.827  -12.755  -11.607  -11.096  -10.194
   -9.798   -9.227   -9.199   -9.156   -8.924   -7.985   -7.019   -6.164   -1.726   -0.751
    0.778    0.835
            0.000000  0.000000 -0.407500
  -21.280  -20.232  -19.163  -18.257  -15.681  -14.813  -12.772  -11.592  -11.118  -10.208
   -9.808   -9.218   -9.186   -9.170   -8.910   -7.967   -7.029   -6.151   -1.737   -0.736
    0.764    0.820
            0.000000  0.000000 -0.405000
  -21.292  -20.216  -19.173  -18.243  -15.690  -14.800  -12.788  -11.576  -11.141  -10.223
   -9.819   -9.213   -9.183   -9.169   -8.896   -7.948   -7.040   -6.139   -1.748   -0.721
    0.749    0.805
            0.000000  0.000000 -0.402500
  -21.303  -20.200  -19.184  -18.230  -15.698  -14.786  -12.805  -11.561  -11.164  -10.238
   -9.829   -9.209   -9.196   -9.152   -8.883   -7.929   -7.050   -6.126   -1.759   -0.705
    0.735    0.790
            0.000000  0.000000 -0.400000
  -21.315  -20.183  -19.194  -18.217  -15.707  -14.772  -12.822  -11.545  -11.187  -10.253
   -9.838   -9.210   -9.205   -9.133   -8.869   -7.910   -7.061   -6.113   -1.770   -0.690
    0.721    0.775
            0.000000  0.000000 -0.397500
  -21.326  -20.166  -19.204  -18.204  -15.715  -14.758  -12.839  -11.530  -11.209  -10.269
   -9.848   -9.223   -9.203   -9.114   -8.855   -7.891   -7.071   -6.101   -1.781   -0.675
    0.706    0.760
            0.000000  0.000000 -0.395000
  -21.337  -20.150  -19.214  -18.190  -15.723  -14.744  -12.856  -11.514  -11.231  -10.285
   -9.858   -9.236   -9.200   -9.095   -8.841   -7.872   -7.081   -6.088   -1.792   -0.659
    0.692    0.745
            0.000000  0.000000 -0.392500
  -21.348  -20.133  -19.224  -18.177  -15.731  -14.730  -12.872  -11.499  -11.254  -10.301
   -9.868   -9.249   -9.198   -9.076   -8.828   -7.853   -7.092   -6.076   -1.803   -0.644
    0.678    0.730
            0.000000  0.000000 -0.390000
  -21.360  -20.116  -19.234  -18.164  -15.739  -14.716  -12.889  -11.483  -11.276  -10.317
   -9.878   -9.262   -9.196   -9.057   -8.814   -7.834   -7.102   -6.063   -1.814   -0.629
    0.664    0.715
            0.000000  0.000000 -0.387500
  -21.371  -20.099  -19.244  -18.151  -15.747  -14.702  -12.906  -11.468  -11.298  -10.334
   -9.887   -9.275   -9.194   -9.038   -8.800   -7.815   -7.112   -6.051   -1.824   -0.613
    0.650    0.701
            0.000000  0.000000 -0.385000
  -21.382  -20.083  -19.254  -18.138  -15.755  -14.688  -12.924  -11.452  -11.320  -10.351
   -9.897   -9.288   -9.193   -9.019   -8.786   -7.796   -7.122   -6.038   -1.835   -0.598
    0.636    0.686
            0.000000  0.000000 -0.382500
  -21.393  -20.066  -19.264  -18.124  -15.762  -14.673  -12.941  -11.437  -11.342  -10.368
   -9.906   -9.301   -9.192   -8.999   -8.773   -7.777   -7.132   -6.026   -1.845   -0.583
    0.622    0.672
            0.000000  0.000000 -0.380000
  -21.404  -20.049  -19.273  -18.111  -15.770  -14.659  -12.958  -11.422  -11.364  -10.385
   -9.916   -9.314   -9.191   -8.980   -8.759   -7.758   -7.142   -6.013   -1.856   -0.567
    0.608    0.657
            0.000000  0.000000 -0.377500
  -21.415  -20.032  -19.283  -18.098  -15.777  -14.645  -12.975  -11.407  -11.385  -10.403
   -9.925   -9.326   -9.190   -8.961   -8.745   -7.738   -7.152   -6.001   -1.866   -0.552
    0.594    0.643
            0.000000  0.000000 -0.375000
  -21.425  -20.015  -19.293  -18.085  -15.784  -14.631  -12.992  -11.408  -11.390  -10.421
   -9.934   -9.339   -9.190   -8.941   -8.731   -7.719   -7.162   -5.988   -1.876   -0.536
    0.581    0.623
            0.000000  0.000000 -0.372500
  -21.436  -19.998  -19.302  -18.072  -15.791  -14.617  -13.010  -11.429  -11.376  -10.439
   -9.943   -9.351   -9.189   -8.922   -8.718   -7.699   -7.172   -5.976   -1.886   -0.521
    0.567    0.599
            0.000000  0.000000 -0.370000
  -21.447  -19.981  -19.311  -18.059  -15.798  -14.603  -13.027  -11.451  -11.361  -10.457
   -9.952   -9.364   -9.189   -8.903   -8.704   -7.680   -7.181   -5.963   -1.896   -0.505
    0.554    0.575
            0.000000  0.000000 -0.367500
  -21.457  -19.964  -19.321  -18.046  -15.805  -14.589  -13.044  -11.472  -11.346  -10.475
   -9.961   -9.376   -9.190   -8.884   -8.690   -7.660   -7.191   -5.951   -1.906   -0.490
    0.540    0.550
            0.000000  0.000000 -0.365000
  -21.468  -19.946  -19.330  -18.033  -15.811  -14.574  -13.062  -11.493  -11.330  -10.493
   -9.970   -9.388   -9.190   -8.865   -8.676   -7.641   -7.201   -5.938   -1.916   -0.474
    0.526    0.527
            0.000000  0.000000 -0.362500
  -21.478  -19.929  -19.339  -18.020  -15.818  -14.560  -13.079  -11.514  -11.315  -10.512
   -9.979   -9.400   -9.190   -8.846   -8.662   -7.621   -7.210   -5.926   -1.926   -0.459
    0.502    0.514
            0.000000  0.000000 -0.360000
  -21.488  -19.912  -19.348  -18.007  -15.824  -14.546  -13.097  -11.535  -11.300  -10.530
   -9.988   -9.413   -9.191   -8.827   -8.649   -7.601   -7.220   -5.914   -1.936   -0.443
    0.478    0.500
            0.000000  0.000000 -0.357500
  -21.499  -19.895  -19.357  -17.994  -15.830  -14.532  -13.115  -11.555  -11.285  -10.549
   -9.997   -9.425   -9.192   -8.808   -8.635   -7.582   -7.229   -5.901   -1.946   -0.428
    0.454    0.487
            0.000000  0.000000 -0.355000
  -21.509  -19.878  -19.365  -17.981  -15.837  -14.518  -13.132  -11.576  -11.271  -10.568
  -10.005   -9.437   -9.193   -8.789   -8.621   -7.562   -7.239   -5.889   -1.955   -0.412
    0.430    0.474
            0.000000  0.000000 -0.352500
  -21.519  -19.861  -19.374  -17.968  -15.843  -14.504  -13.150  -11.596  -11.256  -10.587
  -10.014   -9.448   -9.195   -8.771   -8.607   -7.542   -7.248   -5.876   -1.965   -0.397
    0.406    0.461
            0.000000  0.000000 -0.350000
  -21.529  -19.844  -19.382  -17.955  -15.848  -14.490  -13.168  -11.616  -11.241  -10.606
  -10.022   -9.460   -9.196   -8.752   -8.594   -7.523   -7.257   -5.864   -1.974   -0.381
    0.381    0.448
            0.000000  0.000000 -0.347500
  -21.539  -19.827  -19.391  -17.942  -15.854  -14.476  -13.186  -11.636  -11.227  -10.625
  -10.030   -9.472   -9.198   -8.734   -8.580   -7.503   -7.266   -5.852   -1.984   -0.366
    0.357    0.436
            0.000000  0.000000 -0.345000
  -21.549  -19.810  -19.399  -17.929  -15.859  -14.462  -13.203  -11.656  -11.212  -10.644
  -10.038   -9.483   -9.200   -8.715   -8.566   -7.483   -7.275   -5.839   -1.993   -0.350
    0.333    0.423
            0.000000  0.000000 -0.342500
  -21.559  -19.793  -19.407  -17.917  -15.865  -14.448  -13.221  -11.676  -11.198  -10.664
  -10.046   -9.495   -9.202   -8.697   -8.552   -7.464   -7.283   -5.827   -2.002   -0.335
    0.309    0.410
            0.000000  0.000000 -0.340000
  -21.569  -19.776  -19.414  -17.904  -15.870  -14.434  -13.239  -11.696  -11.183  -10.683
  -10.054   -9.506   -9.205   -8.679   -8.539   -7.444   -7.292   -5.815   -2.011   -0.319
    0.284    0.398
            0.000000  0.000000 -0.337500
  -21.578  -19.759  -19.421  -17.891  -15.875  -14.420  -13.257  -11.715  -11.169  -10.703
  -10.062   -9.518   -9.207   -8.661   -8.525   -7.425   -7.300   -5.803   -2.020   -0.304
    0.260    0.385
            0.000000  0.000000 -0.335000
  -21.588  -19.743  -19.428  -17.879  -15.880  -14.407  -13.275  -11.734  -11.155  -10.722
  -10.069   -9.529   -9.210   -8.643   -8.511   -7.407   -7.307   -5.791   -2.029   -0.288
    0.236    0.373
            0.000000  0.000000 -0.332500
  -21.598  -19.727  -19.435  -17.866  -15.885  -14.393  -13.293  -11.753  -11.141  -10.742
  -10.077   -9.540   -9.213   -8.626   -8.498   -7.390   -7.313   -5.778   -2.038   -0.273
    0.212    0.360
            0.000000  0.000000 -0.330000
  -21.607  -19.711  -19.441  -17.854  -15.889  -14.380  -13.310  -11.772  -11.128  -10.761
  -10.084   -9.551   -9.216   -8.608   -8.484   -7.375   -7.316   -5.766   -2.047   -0.257
    0.187    0.348
            0.000000  0.000000 -0.327500
  -21.617  -19.696  -19.446  -17.842  -15.893  -14.366  -13.328  -11.791  -11.114  -10.780
  -10.091   -9.562   -9.220   -8.591   -8.470   -7.367   -7.313   -5.754   -2.055   -0.242
    0.163    0.336
            0.000000  0.000000 -0.325000
  -21.626  -19.681  -19.451  -17.829  -15.898  -14.353  -13.346  -11.810  -11.101  -10.800
  -10.098   -9.573   -9.223   -8.573   -8.457   -7.366   -7.302   -5.742   -2.064   -0.227
    0.139    0.324
            0.000000  0.000000 -0.322500
  -21.635  -19.668  -19.455  -17.817  -15.902  -14.340  -13.364  -11.828  -11.088  -10.819
  -10.105   -9.584   -9.227   -8.556   -8.443   -7.370   -7.287   -5.730   -2.073   -0.212
    0.115    0.312
            0.000000  0.000000 -0.320000
  -21.645  -19.655  -19.457  -17.805  -15.905  -14.327  -13.381  -11.846  -11.076  -10.838
  -10.112   -9.595   -9.231   -8.539   -8.430   -7.376   -7.269   -5.718   -2.081   -0.197
    0.091    0.300
            0.000000  0.000000 -0.317500
  -21.654  -19.644  -19.458  -17.793  -15.909  -14.314  -13.399  -11.864  -11.065  -10.856
  -10.119   -9.606   -9.235   -8.522   -8.416   -7.383   -7.250   -5.706   -2.089   -0.182
    0.067    0.288
            0.000000  0.000000 -0.315000
  -21.663  -19.634  -19.458  -17.781  -15.913  -14.301  -13.416  -11.882  -11.054  -10.873
  -10.125   -9.616   -9.239   -8.506   -8.402   -7.390   -7.230   -5.694   -2.098   -0.168
    0.044    0.276
            0.000000  0.000000 -0.312500
  -21.672  -19.626  -19.455  -17.769  -15.916  -14.289  -13.434  -11.899  -11.045  -10.890
  -10.131   -9.627   -9.244   -8.489   -8.389   -7.398   -7.210   -5.682   -2.106   -0.154
    0.021    0.265
            0.000000  0.000000 -0.310000
  -21.681  -19.620  -19.450  -17.757  -15.919  -14.277  -13.451  -11.917  -11.038  -10.904
  -10.137   -9.638   -9.249   -8.473   -8.375   -7.406   -7.190   -5.670   -2.114   -0.142
   -0.001    0.253
            0.000000  0.000000 -0.307500
  -21.690  -19.617  -19.443  -17.745  -15.922  -14.265  -13.468  -11.934  -11.035  -10.915
  -10.143   -9.648   -9.253   -8.457   -8.362   -7.414   -7.170   -5.658   -2.122   -0.131
   -0.020    0.242
            0.000000  0.000000 -0.305000
  -21.699  -19.615  -19.434  -17.734  -15.924  -14.254  -13.484  -11.951  -11.035  -10.922
  -10.148   -9.658   -9.259   -8.441   -8.348   -7.422   -7.149   -5.647   -2.130   -0.125
   -0.036    0.230
            0.000000  0.000000 -0.302500
  -21.707  -19.615  -19.423  -17.722  -15.927  -14.242  -13.501  -11.968  -11.041  -10.924
  -10.154   -9.669   -9.264   -8.425   -8.335   -7.430   -7.129   -5.635   -2.138   -0.126
   -0.044    0.219
            0.000000  0.000000 -0.300000
  -21.716  -19.617  -19.410  -17.711  -15.929  -14.232  -13.517  -11.985  -11.052  -10.922
  -10.159   -9.679   -9.269   -8.409   -8.322   -7.438   -7.108   -5.623   -2.145   -0.137
   -0.043    0.208
            0.000000  0.000000 -0.297500
  -21.725  -19.620  -19.396  -17.700  -15.931  -14.221  -13.533  -12.001  -11.066  -10.916
  -10.164   -9.689   -9.275   -8.393   -8.308   -7.446   -7.087   -5.612   -2.153   -0.154
   -0.035    0.196
            0.000000  0.000000 -0.295000
  -21.733  -19.623  -19.381  -17.688  -15.933  -14.212  -13.548  -12.017  -11.083  -10.909
  -10.168   -9.699   -9.281   -8.378   -8.295   -7.454   -7.066   -5.600   -2.161   -0.174
   -0.024    0.185
            0.000000  0.000000 -0.292500
  -21.742  -19.628  -19.365  -17.677  -15.935  -14.203  -13.563  -12.033  -11.101  -10.900
  -10.173   -9.709   -9.287   -8.363   -8.282   -7.462   -7.045   -5.588   -2.168   -0.197
   -0.011    0.174
            0.000000  0.000000 -0.290000
  -21.750  -19.633  -19.349  -17.666  -15.936  -14.194  -13.577  -12.049  -11.119  -10.891
  -10.177   -9.719   -9.293   -8.348   -8.268   -7.470   -7.024   -5.577   -2.175   -0.220
    0.003    0.163
            0.000000  0.000000 -0.287500
  -21.758  -19.638  -19.332  -17.655  -15.938  -14.187  -13.591  -12.065  -11.139  -10.881
  -10.181   -9.728   -9.299   -8.333   -8.255   -7.478   -7.004   -5.565   -2.183   -0.243
    0.017    0.153
            0.000000  0.000000 -0.285000
  -21.766  -19.643  -19.315  -17.645  -15.939  -14.180  -13.604  -12.080  -11.159  -10.871
  -10.184   -9.738   -9.306   -8.318   -8.242   -7.486   -6.983   -5.554   -2.190   -0.267
    0.031    0.142
            0.000000  0.000000 -0.282500
  -21.775  -19.649  -19.297  -17.634  -15.940  -14.174  -13.616  -12.095  -11.179  -10.861
  -10.187   -9.748   -9.312   -8.304   -8.229   -7.494   -6.961   -5.543   -2.197   -0.292
    0.046    0.131
            0.000000  0.000000 -0.280000
  -21.783  -19.655  -19.279  -17.624  -15.940  -14.169  -13.627  -12.110  -11.200  -10.851
  -10.190   -9.757   -9.319   -8.290   -8.216   -7.501   -6.940   -5.531   -2.204   -0.316
    0.061    0.121
            0.000000  0.000000 -0.277500
  -21.791  -19.661  -19.260  -17.613  -15.941  -14.166  -13.637  -12.125  -11.221  -10.841
  -10.193   -9.766   -9.326   -8.276   -8.203   -7.509   -6.919   -5.520   -2.211   -0.341
    0.076    0.110
            0.000000  0.000000 -0.275000
  -21.799  -19.668  -19.242  -17.603  -15.941  -14.163  -13.646  -12.139  -11.242  -10.831
  -10.195   -9.776   -9.333   -8.262   -8.190   -7.517   -6.898   -5.509   -2.218   -0.365
    0.090    0.100
            0.000000  0.000000 -0.272500
  -21.807  -19.674  -19.223  -17.593  -15.941  -14.162  -13.654  -12.154  -11.263  -10.822
  -10.197   -9.785   -9.340   -8.248   -8.177   -7.524   -6.877   -5.498   -2.225   -0.390
    0.089    0.105
            0.000000  0.000000 -0.270000
  -21.814  -19.680  -19.204  -17.583  -15.940  -14.162  -13.660  -12.168  -11.284  -10.813
  -10.198   -9.794   -9.348   -8.234   -8.164   -7.532   -6.856   -5.487   -2.231   -0.414
    0.079    0.107
            0.000000  0.000000 -0.267500
  -21.822  -19.687  -19.185  -17.573  -15.940  -14.164  -13.665  -12.182  -11.305  -10.804
  -10.199   -9.803   -9.355   -8.221   -8.151   -7.539   -6.834   -5.476   -2.238   -0.439
    0.069    0.096
            0.000000  0.000000 -0.265000
  -21.830  -19.693  -19.166  -17.563  -15.939  -14.168  -13.669  -12.196  -11.327  -10.796
  -10.200   -9.812   -9.363   -8.208   -8.138   -7.546   -6.813   -5.465   -2.244   -0.464
    0.059    0.086
            0.000000  0.000000 -0.262500
  -21.838  -19.700  -19.147  -17.554  -15.938  -14.172  -13.671  -12.209  -11.348  -10.788
  -10.200   -9.821   -9.371   -8.195   -8.125   -7.554   -6.792   -5.454   -2.251   -0.489
    0.049    0.076
            0.000000  0.000000 -0.260000
  -21.845  -19.706  -19.127  -17.545  -15.937  -14.179  -13.672  -12.222  -11.370  -10.780
  -10.199   -9.830   -9.379   -8.182   -8.112   -7.561   -6.771   -5.443   -2.257   -0.513
    0.039    0.066
            0.000000  0.000000 -0.257500
  -21.853  -19.713  -19.108  -17.535  -15.935  -14.187  -13.671  -12.235  -11.391  -10.772
  -10.199   -9.839   -9.387   -8.170   -8.100   -7.568   -6.749   -5.432   -2.263   -0.538
    0.029    0.056
            0.000000  0.000000 -0.255000
  -21.860  -19.719  -19.088  -17.526  -15.934  -14.196  -13.670  -12.248  -11.413  -10.766
  -10.197   -9.848   -9.396   -8.157   -8.087   -7.575   -6.728   -5.421   -2.269   -0.563
    0.019    0.046
            0.000000  0.000000 -0.252500
  -21.867  -19.726  -19.068  -17.517  -15.932  -14.207  -13.667  -12.261  -11.435  -10.759
  -10.196   -9.856   -9.404   -8.145   -8.074   -7.582   -6.706   -5.411   -2.275   -0.588
    0.010    0.036
            0.000000  0.000000 -0.250000
  -21.874  -19.732  -19.048  -17.509  -15.929  -14.218  -13.662  -12.273  -11.456  -10.753
  -10.193   -9.865   -9.413   -8.133   -8.062   -7.589   -6.685   -5.400   -2.281   -0.613
    0.000    0.026
            0.000000  0.000000 -0.247500
  -21.882  -19.738  -19.028  -17.500  -15.927  -14.231  -13.657  -12.286  -11.478  -10.747
  -10.191   -9.873   -9.421   -8.121   -8.049   -7.596   -6.664   -5.390   -2.287   -0.638
   -0.009    0.016
            0.000000  0.000000 -0.245000
  -21.889  -19.745  -19.008  -17.492  -15.924  -14.246  -13.651  -12.298  -11.500  -10.742
  -10.188   -9.881   -9.430   -8.110   -8.037   -7.603   -6.642   -5.379   -2.293   -0.662
   -0.019    0.007
            0.000000  0.000000 -0.242500
  -21.896  -19.751  -18.988  -17.483  -15.921  -14.261  -13.644  -12.309  -11.522  -10.737
  -10.184   -9.890   -9.439   -8.098   -8.025   -7.610   -6.621   -5.369   -2.299   -0.687
   -0.028   -0.003
            0.000000  0.000000 -0.240000
  -21.903  -19.757  -18.968  -17.475  -15.918  -14.277  -13.636  -12.321  -11.544  -10.733
  -10.180   -9.898   -9.448   -8.087   -8.012   -7.617   -6.599   -5.359   -2.304   -0.712
   -0.037   -0.012
            0.000000  0.000000 -0.237500
  -21.910  -19.763  -18.948  -17.468  -15.915  -14.293  -13.628  -12.332  -11.565  -10.729
  -10.175   -9.906   -9.458   -8.076   -8.000   -7.623   -6.578   -5.348   -2.310   -0.737
   -0.046   -0.021
            0.000000  0.000000 -0.235000
  -21.917  -19.769  -18.928  -17.460  -15.911  -14.311  -13.619  -12.343  -11.587  -10.725
  -10.170   -9.914   -9.467   -8.065   -7.988   -7.630   -6.556   -5.338   -2.315   -0.762
   -0.055   -0.030
            0.000000  0.000000 -0.232500
  -21.923  -19.776  -18.907  -17.452  -15.907  -14.329  -13.610  -12.354  -11.609  -10.722
  -10.165   -9.922   -9.476   -8.054   -7.976   -7.636   -6.535   -5.328   -2.321   -0.787
   -0.064   -0.039
            0.000000  0.000000 -0.230000
  -21.930  -19.782  -18.887  -17.445  -15.903  -14.347  -13.600  -12.365  -11.631  -10.720
  -10.159   -9.930   -9.486   -8.044   -7.964   -7.643   -6.513   -5.318   -2.326   -0.811
   -0.073   -0.048
            0.000000  0.000000 -0.227500
  -21.937  -19.788  -18.866  -17.438  -15.898  -14.367  -13.589  -12.375  -11.653  -10.717
  -10.152   -9.938   -9.496   -8.034   -7.952   -7.649   -6.492   -5.308   -2.331   -0.836
   -0.082   -0.057
            0.000000  0.000000 -0.225000
  -21.943  -19.794  -18.846  -17.431  -15.894  -14.386  -13.579  -12.386  -11.674  -10.716
  -10.146   -9.945   -9.506   -8.024   -7.940   -7.656   -6.470   -5.298   -2.336   -0.861
   -0.091   -0.066
            0.000000  0.000000 -0.222500
  -21.950  -19.799  -18.825  -17.424  -15.889  -14.406  -13.568  -12.396  -11.696  -10.714
  -10.138   -9.953   -9.515   -8.014   -7.928   -7.662   -6.449   -5.289   -2.341   -0.886
   -0.099   -0.075
            0.000000  0.000000 -0.220000
  -21.956  -19.805  -18.805  -17.417  -15.884  -14.427  -13.557  -12.405  -11.718  -10.713
  -10.131   -9.960   -9.525   -8.004   -7.916   -7.668   -6.427   -5.279   -2.346   -0.910
   -0.108   -0.083
            0.000000  0.000000 -0.217500
  -21.962  -19.811  -18.784  -17.411  -15.878  -14.447  -13.545  -12.415  -11.740  -10.712
  -10.123   -9.968   -9.536   -7.995   -7.904   -7.674   -6.406   -5.269   -2.351   -0.935
   -0.116   -0.092
            0.000000  0.000000 -0.215000
  -21.969  -19.817  -18.763  -17.404  -15.873  -14.469  -13.534  -12.424  -11.762  -10.712
  -10.115   -9.975   -9.546   -7.986   -7.893   -7.680   -6.384   -5.260   -2.356   -0.960
   -0.124   -0.100
            0.000000  0.000000 -0.212500
  -21.975  -19.822  -18.742  -17.398  -15.867  -14.490  -13.522  -12.433  -11.783  -10.711
  -10.106   -9.982   -9.556   -7.977   -7.881   -7.686   -6.363   -5.250   -2.360   -0.984
   -0.133   -0.108
            0.000000  0.000000 -0.210000
  -21.981  -19.828  -18.721  -17.392  -15.861  -14.512  -13.510  -12.442  -11.805  -10.711
  -10.098   -9.990   -9.567   -7.968   -7.870   -7.692   -6.341   -5.241   -2.365   -1.009
   -0.141   -0.117
            0.000000  0.000000 -0.207500
  -21.987  -19.834  -18.701  -17.386  -15.854  -14.534  -13.498  -12.451  -11.827  -10.712
  -10.089   -9.997   -9.577   -7.959   -7.858   -7.698   -6.320   -5.232   -2.369   -1.033
   -0.149   -0.125
            0.000000  0.000000 -0.205000
  -21.993  -19.839  -18.680  -17.381  -15.848  -14.556  -13.486  -12.459  -11.849  -10.712
  -10.079  -10.004   -9.588   -7.951   -7.847   -7.704   -6.298   -5.223   -2.374   -1.058
   -0.157   -0.133
            0.000000  0.000000 -0.202500
  -21.999  -19.845  -18.659  -17.375  -15.841  -14.578  -13.474  -12.467  -11.870  -10.713
  -10.070  -10.011   -9.598   -7.942   -7.836   -7.710   -6.277   -5.214   -2.378   -1.082
   -0.165   -0.140
            0.000000  0.000000 -0.200000
  -22.005  -19.850  -18.637  -17.370  -15.834  -14.601  -13.462  -12.475  -11.892  -10.714
  -10.060  -10.018   -9.609   -7.934   -7.825   -7.716   -6.255   -5.205   -2.382   -1.107
   -0.173   -0.148
            0.000000  0.000000 -0.197500
  -22.010  -19.855  -18.616  -17.365  -15.827  -14.623  -13.450  -12.483  -11.913  -10.715
  -10.050  -10.024   -9.620   -7.927   -7.814   -7.721   -6.234   -5.196   -2.386   -1.131
   -0.180   -0.156
            0.000000  0.000000 -0.195000
  -22.016  -19.860  -18.595  -17.360  -15.819  -14.646  -13.438  -12.490  -11.935  -10.717
  -10.040  -10.031   -9.631   -7.919   -7.803   -7.727   -6.213   -5.187   -2.390   -1.155
   -0.188   -0.164
            0.000000  0.000000 -0.192500
  -22.022  -19.866  -18.574  -17.355  -15.812  -14.669  -13.426  -12.497  -11.956  -10.718
  -10.038  -10.030   -9.642   -7.911   -7.792   -7.732   -6.191   -5.178   -2.394   -1.180
   -0.195   -0.171
            0.000000  0.000000 -0.190000
  -22.027  -19.871  -18.553  -17.350  -15.804  -14.692  -13.414  -12.504  -11.978  -10.720
  -10.044  -10.019   -9.653   -7.904   -7.781   -7.738   -6.170   -5.169   -2.398   -1.204
   -0.203   -0.178
            0.000000  0.000000 -0.187500
  -22.033  -19.876  -18.531  -17.346  -15.796  -14.716  -13.402  -12.511  -11.999  -10.722
  -10.051  -10.009   -9.664   -7.897   -7.770   -7.743   -6.149   -5.161   -2.402   -1.228
   -0.210   -0.186
            0.000000  0.000000 -0.185000
  -22.038  -19.881  -18.510  -17.342  -15.787  -14.739  -13.390  -12.517  -12.021  -10.724
  -10.057   -9.998   -9.675   -7.890   -7.760   -7.748   -6.127   -5.153   -2.406   -1.252
   -0.217   -0.193
            0.000000  0.000000 -0.182500
  -22.043  -19.886  -18.489  -17.337  -15.779  -14.763  -13.379  -12.523  -12.042  -10.726
  -10.063   -9.987   -9.686   -7.883   -7.754   -7.749   -6.106   -5.144   -2.409   -1.276
   -0.225   -0.200
            0.000000  0.000000 -0.180000
  -22.049  -19.891  -18.467  -17.333  -15.770  -14.786  -13.367  -12.529  -12.063  -10.728
  -10.069   -9.976   -9.697   -7.877   -7.759   -7.739   -6.085   -5.136   -2.413   -1.300
   -0.232   -0.207
            0.000000  0.000000 -0.177500
  -22.054  -19.896  -18.446  -17.329  -15.761  -14.810  -13.356  -12.534  -12.084  -10.730
  -10.075   -9.965   -9.708   -7.871   -7.764   -7.729   -6.064   -5.128   -2.416   -1.324
   -0.239   -0.214
            0.000000  0.000000 -0.175000
  -22.059  -19.900  -18.424  -17.326  -15.752  -14.834  -13.344  -12.539  -12.105  -10.732
  -10.081   -9.955   -9.720   -7.864   -7.769   -7.718   -6.043   -5.120   -2.420   -1.348
   -0.245   -0.221
            0.000000  0.000000 -0.172500
  -22.064  -19.905  -18.403  -17.322  -15.743  -14.857  -13.333  -12.544  -12.126  -10.735
  -10.087   -9.943   -9.731   -7.858   -7.774   -7.708   -6.022   -5.112   -2.423   -1.371
   -0.252   -0.227
            0.000000  0.000000 -0.170000
  -22.069  -19.910  -18.381  -17.319  -15.734  -14.881  -13.322  -12.549  -12.147  -10.737
  -10.093   -9.932   -9.742   -7.853   -7.779   -7.698   -6.001   -5.104   -2.426   -1.395
   -0.259   -0.234
            0.000000  0.000000 -0.167500
  -22.074  -19.914  -18.360  -17.315  -15.724  -14.905  -13.311  -12.553  -12.168  -10.740
  -10.099   -9.921   -9.754   -7.847   -7.783   -7.688   -5.980   -5.096   -2.430   -1.419
   -0.266   -0.240
            0.000000  0.000000 -0.165000
  -22.079  -19.919  -18.338  -17.312  -15.715  -14.929  -13.301  -12.557  -12.189  -10.742
  -10.105   -9.910   -9.765   -7.842   -7.788   -7.678   -5.959   -5.089   -2.433   -1.442
   -0.272   -0.247
            0.000000  0.000000 -0.162500
  -22.083  -19.923  -18.316  -17.309  -15.705  -14.953  -13.290  -12.561  -12.210  -10.745
  -10.110   -9.899   -9.776   -7.836   -7.793   -7.669   -5.938   -5.081   -2.436   -1.465
   -0.278   -0.253
            0.000000  0.000000 -0.160000
  -22.088  -19.927  -18.295  -17.306  -15.695  -14.978  -13.280  -12.564  -12.230  -10.747
  -10.116   -9.888   -9.788   -7.831   -7.797   -7.659   -5.917   -5.074   -2.439   -1.489
   -0.285   -0.259
            0.000000  0.000000 -0.157500
  -22.093  -19.932  -18.273  -17.303  -15.685  -15.002  -13.270  -12.567  -12.251  -10.750
  -10.121   -9.877   -9.799   -7.826   -7.802   -7.650   -5.897   -5.066   -2.441   -1.512
   -0.291   -0.266
            0.000000  0.000000 -0.155000
  -22.097  -19.936  -18.251  -17.301  -15.675  -15.026  -13.260  -12.570  -12.271  -10.753
  -10.126   -9.866   -9.811   -7.821   -7.806   -7.640   -5.876   -5.059   -2.444   -1.535
   -0.297   -0.272
            0.000000  0.000000 -0.152500
  -22.102  -19.940  -18.229  -17.298  -15.664  -15.050  -13.250  -12.572  -12.291  -10.755
  -10.132   -9.855   -9.822   -7.817   -7.811   -7.631   -5.856   -5.052   -2.447   -1.558
   -0.303   -0.277
            0.000000  0.000000 -0.150000
  -22.106  -19.944  -18.208  -17.296  -15.654  -15.074  -13.241  -12.574  -12.312  -10.758
  -10.137   -9.844   -9.833   -7.815   -7.812   -7.622   -5.835   -5.045   -2.450   -1.580
   -0.309   -0.283
            0.000000  0.000000 -0.147500
  -22.110  -19.948  -18.186  -17.293  -15.643  -15.099  -13.232  -12.576  -12.332  -10.761
  -10.142   -9.845   -9.832   -7.819   -7.808   -7.613   -5.815   -5.038   -2.452   -1.603
   -0.315   -0.289
            0.000000  0.000000 -0.145000
  -22.114  -19.952  -18.164  -17.291  -15.633  -15.123  -13.223  -12.577  -12.352  -10.763
  -10.147   -9.857   -9.822   -7.824   -7.804   -7.604   -5.795   -5.031   -2.455   -1.626
   -0.321   -0.295
            0.000000  0.000000 -0.142500
  -22.119  -19.956  -18.142  -17.289  -15.622  -15.147  -13.215  -12.578  -12.371  -10.766
  -10.152   -9.868   -9.811   -7.828   -7.800   -7.595   -5.775   -5.024   -2.457   -1.648
   -0.326   -0.300
            0.000000  0.000000 -0.140000
  -22.123  -19.960  -18.120  -17.287  -15.611  -15.172  -13.207  -12.579  -12.391  -10.769
  -10.157   -9.879   -9.800   -7.832   -7.796   -7.587   -5.755   -5.018   -2.460   -1.670
   -0.332   -0.306
            0.000000  0.000000 -0.137500
  -22.127  -19.964  -18.098  -17.285  -15.600  -15.196  -13.199  -12.579  -12.411  -10.772
  -10.161   -9.891   -9.789   -7.836   -7.793   -7.578   -5.735   -5.011   -2.462   -1.692
   -0.337   -0.311
            0.000000  0.000000 -0.135000
  -22.131  -19.967  -18.077  -17.283  -15.589  -15.220  -13.191  -12.579  -12.430  -10.774
  -10.166   -9.902   -9.779   -7.840   -7.789   -7.570   -5.715   -5.005   -2.464   -1.714
   -0.343   -0.316
            0.000000  0.000000 -0.132500
  -22.135  -19.971  -18.055  -17.281  -15.578  -15.244  -13.184  -12.579  -12.449  -10.777
  -10.171   -9.913   -9.768   -7.844   -7.786   -7.561   -5.695   -4.999   -2.466   -1.736
   -0.348   -0.321
            0.000000  0.000000 -0.130000
  -22.138  -19.975  -18.033  -17.280  -15.567  -15.269  -13.177  -12.578  -12.469  -10.780
  -10.175   -9.925   -9.758   -7.847   -7.783   -7.553   -5.676   -4.993   -2.468   -1.758
   -0.353   -0.326
            0.000000  0.000000 -0.127500
  -22.142  -19.978  -18.011  -17.278  -15.556  -15.293  -13.171  -12.577  -12.488  -10.782
  -10.180   -9.936   -9.747   -7.851   -7.779   -7.545   -5.656   -4.987   -2.471   -1.779
   -0.358   -0.331
            0.000000  0.000000 -0.125000
  -22.146  -19.982  -17.989  -17.276  -15.545  -15.317  -13.164  -12.575  -12.506  -10.785
  -10.184   -9.947   -9.737   -7.855   -7.777   -7.537   -5.637   -4.981   -2.473   -1.801
   -0.363   -0.336
            0.000000  0.000000 -0.122500
  -22.149  -19.985  -17.967  -17.275  -15.534  -15.342  -13.159  -12.574  -12.525  -10.787
  -10.188   -9.958   -9.727   -7.858   -7.774   -7.529   -5.618   -4.975   -2.474   -1.822
   -0.368   -0.341
            0.000000  0.000000 -0.120000
  -22.153  -19.988  -17.945  -17.274  -15.523  -15.366  -13.153  -12.571  -12.543  -10.790
  -10.192   -9.969   -9.717   -7.862   -7.771   -7.522   -5.599   -4.969   -2.476   -1.843
   -0.373   -0.346
            0.000000  0.000000 -0.117500
  -22.156  -19.992  -17.923  -17.272  -15.512  -15.390  -13.148  -12.569  -12.562  -10.792
  -10.196   -9.980   -9.707   -7.865   -7.769   -7.514   -5.580   -4.964   -2.478   -1.864
   -0.378   -0.350
            0.000000  0.000000 -0.115000
  -22.160  -19.995  -17.902  -17.271  -15.501  -15.414  -13.143  -12.580  -12.566  -10.795
  -10.200   -9.991   -9.697   -7.868   -7.766   -7.507   -5.562   -4.958   -2.480   -1.884
   -0.383   -0.355
            0.000000  0.000000 -0.112500
  -22.163  -19.998  -17.880  -17.270  -15.489  -15.438  -13.138  -12.598  -12.563  -10.797
  -10.204  -10.001   -9.687   -7.872   -7.764   -7.500   -5.543   -4.953   -2.482   -1.904
   -0.387   -0.359
            0.000000  0.000000 -0.110000
  -22.166  -20.001  -17.858  -17.269  -15.478  -15.462  -13.134  -12.616  -12.560  -10.800
  -10.208  -10.012   -9.677   -7.875   -7.762   -7.493   -5.525   -4.948   -2.483   -1.924
   -0.391   -0.363
            0.000000  0.000000 -0.107500
  -22.169  -20.004  -17.836  -17.268  -15.486  -15.467  -13.130  -12.633  -12.556  -10.802
  -10.212  -10.023   -9.668   -7.878   -7.760   -7.486   -5.507   -4.942   -2.485   -1.944
   -0.396   -0.367
            0.000000  0.000000 -0.105000
  -22.172  -20.007  -17.814  -17.267  -15.510  -15.456  -13.126  -12.651  -12.552  -10.804
  -10.215  -10.033   -9.658   -7.881   -7.758   -7.479   -5.489   -4.937   -2.486   -1.964
   -0.400   -0.371
            0.000000  0.000000 -0.102500
  -22.175  -20.010  -17.793  -17.266  -15.534  -15.445  -13.122  -12.668  -12.548  -10.807
  -10.219  -10.043   -9.649   -7.884   -7.756   -7.472   -5.471   -4.933   -2.488   -1.983
   -0.404   -0.375
            0.000000  0.000000 -0.100000
  -22.178  -20.012  -17.771  -17.265  -15.557  -15.434  -13.119  -12.685  -12.544  -10.809
  -10.222  -10.054   -9.640   -7.887   -7.754   -7.466   -5.454   -4.928   -2.489   -2.002
   -0.408   -0.379
            0.000000  0.000000 -0.097500
  -22.181  -20.015  -17.750  -17.264  -15.581  -15.423  -13.116  -12.701  -12.539  -10.811
  -10.226  -10.064   -9.631   -7.890   -7.752   -7.459   -5.437   -4.923   -2.491   -2.021
   -0.412   -0.383
            0.000000  0.000000 -0.095000
  -22.184  -20.018  -17.728  -17.264  -15.605  -15.412  -13.114  -12.718  -12.535  -10.813
  -10.229  -10.074   -9.623   -7.893   -7.751   -7.453   -5.420   -4.919   -2.492   -2.040
   -0.416   -0.387
            0.000000  0.000000 -0.092500
  -22.187  -20.020  -17.706  -17.263  -15.628  -15.401  -13.111  -12.734  -12.530  -10.815
  -10.232  -10.084   -9.614   -7.895   -7.749   -7.447   -5.403   -4.914   -2.493   -2.058
   -0.420   -0.390
            0.000000  0.000000 -0.090000
  -22.189  -20.023  -17.685  -17.262  -15.651  -15.391  -13.109  -12.750  -12.525  -10.818
  -10.235  -10.093   -9.606   -7.898   -7.748   -7.441   -5.386   -4.910   -2.495   -2.076
   -0.423   -0.394
            0.000000  0.000000 -0.087500
  -22.192  -20.025  -17.664  -17.262  -15.675  -15.380  -13.107  -12.765  -12.520  -10.820
  -10.238  -10.103   -9.597   -7.900   -7.747   -7.435   -5.370   -4.906   -2.496   -2.094
   -0.427   -0.397
            0.000000  0.000000 -0.085000
  -22.194  -20.027  -17.642  -17.261  -15.698  -15.370  -13.105  -12.780  -12.514  -10.822
  -10.241  -10.112   -9.589   -7.903   -7.746   -7.429   -5.354   -4.902   -2.497   -2.111
   -0.430   -0.400
            0.000000  0.000000 -0.082500
  -22.197  -20.030  -17.621  -17.261  -15.721  -15.359  -13.103  -12.796  -12.509  -10.824
  -10.244  -10.121   -9.581   -7.905   -7.745   -7.424   -5.338   -4.898   -2.498   -2.129
   -0.434   -0.404
            0.000000  0.000000 -0.080000
  -22.199  -20.032  -17.600  -17.260  -15.743  -15.349  -13.102  -12.810  -12.504  -10.825
  -10.247  -10.131   -9.574   -7.908   -7.744   -7.419   -5.323   -4.894   -2.499   -2.145
   -0.437   -0.407
            0.000000  0.000000 -0.077500
  -22.202  -20.034  -17.579  -17.260  -15.766  -15.339  -13.100  -12.825  -12.498  -10.827
  -10.250  -10.139   -9.566   -7.910   -7.743   -7.413   -5.308   -4.890   -2.500   -2.162
   -0.440   -0.410
            0.000000  0.000000 -0.075000
  -22.204  -20.036  -17.559  -17.259  -15.788  -15.329  -13.099  -12.839  -12.493  -10.829
  -10.252  -10.148   -9.559   -7.912   -7.742   -7.408   -5.293   -4.886   -2.501   -2.178
   -0.443   -0.413
            0.000000  0.000000 -0.072500
  -22.206  -20.038  -17.538  -17.259  -15.811  -15.320  -13.098  -12.853  -12.487  -10.831
  -10.255  -10.157   -9.552   -7.914   -7.741   -7.403   -5.279   -4.883   -2.502   -2.193
   -0.446   -0.416
            0.000000  0.000000 -0.070000
  -22.208  -20.040  -17.518  -17.258  -15.833  -15.310  -13.097  -12.866  -12.482  -10.832
  -10.257  -10.165   -9.545   -7.916   -7.740   -7.399   -5.265   -4.880   -2.503   -2.209
   -0.449   -0.418
            0.000000  0.000000 -0.067500
  -22.210  -20.042  -17.497  -17.258  -15.854  -15.301  -13.096  -12.879  -12.476  -10.834
  -10.260  -10.173   -9.538   -7.918   -7.740   -7.394   -5.251   -4.876   -2.504   -2.224
   -0.452   -0.421
            0.000000  0.000000 -0.065000
  -22.212  -20.044  -17.477  -17.258  -15.876  -15.292  -13.096  -12.892  -12.471  -10.836
  -10.262  -10.181   -9.532   -7.920   -7.739   -7.390   -5.238   -4.873   -2.504   -2.238
   -0.455   -0.423
            0.000000  0.000000 -0.062500
  -22.214  -20.046  -17.457  -17.257  -15.897  -15.283  -13.095  -12.904  -12.466  -10.837
  -10.264  -10.188   -9.525   -7.922   -7.738   -7.385   -5.225   -4.870   -2.505   -2.252
   -0.457   -0.426
            0.000000  0.000000 -0.060000
  -22.216  -20.047  -17.438  -17.257  -15.918  -15.274  -13.095  -12.916  -12.460  -10.839
  -10.266  -10.196   -9.519   -7.924   -7.738   -7.381   -5.212   -4.867   -2.506   -2.266
   -0.460   -0.428
            0.000000  0.000000 -0.057500
  -22.217  -20.049  -17.418  -17.257  -15.939  -15.266  -13.094  -12.928  -12.455  -10.840
  -10.268  -10.203   -9.513   -7.926   -7.737   -7.377   -5.200   -4.864   -2.507   -2.279
   -0.462   -0.430
            0.000000  0.000000 -0.055000
  -22.219  -20.050  -17.399  -17.257  -15.959  -15.258  -13.094  -12.939  -12.450  -10.841
  -10.270  -10.210   -9.508   -7.927   -7.737   -7.374   -5.188   -4.862   -2.507   -2.292
   -0.464   -0.433
            0.000000  0.000000 -0.052500
  -22.220  -20.052  -17.380  -17.256  -15.979  -15.250  -13.094  -12.950  -12.445  -10.843
  -10.272  -10.217   -9.502   -7.929   -7.737   -7.370   -5.176   -4.859   -2.508   -2.304
   -0.466   -0.435
            0.000000  0.000000 -0.050000
  -22.222  -20.053  -17.362  -17.256  -15.999  -15.242  -13.093  -12.960  -12.440  -10.844
  -10.274  -10.223   -9.497   -7.930   -7.736   -7.367   -5.165   -4.857   -2.508   -2.316
   -0.468   -0.437
            0.000000  0.000000 -0.047500
  -22.223  -20.055  -17.344  -17.256  -16.018  -15.235  -13.093  -12.970  -12.436  -10.845
  -10.275  -10.229   -9.492   -7.932   -7.736   -7.363   -5.155   -4.854   -2.509   -2.327
   -0.470   -0.438
            0.000000  0.000000 -0.045000
  -22.225  -20.056  -17.326  -17.256  -16.037  -15.228  -13.093  -12.980  -12.431  -10.846
  -10.277  -10.235   -9.487   -7.933   -7.736   -7.360   -5.145   -4.852   -2.510   -2.338
   -0.472   -0.440
            0.000000  0.000000 -0.042500
  -22.226  -20.057  -17.309  -17.256  -16.055  -15.221  -13.093  -12.989  -12.427  -10.847
  -10.278  -10.241   -9.483   -7.934   -7.736   -7.357   -5.135   -4.850   -2.510   -2.349
   -0.474   -0.442
            0.000000  0.000000 -0.040000
  -22.227  -20.058  -17.293  -17.256  -16.072  -15.215  -13.093  -12.998  -12.423  -10.848
  -10.280  -10.246   -9.479   -7.936   -7.735   -7.354   -5.126   -4.848   -2.510   -2.358
   -0.476   -0.443
            0.000000  0.000000 -0.037500
  -22.228  -20.059  -17.276  -17.255  -16.089  -15.209  -13.093  -13.006  -12.419  -10.849
  -10.281  -10.251   -9.475   -7.937   -7.735   -7.352   -5.118   -4.846   -2.511   -2.368
   -0.477   -0.445
            0.000000  0.000000 -0.035000
  -22.229  -20.060  -17.261  -17.255  -16.106  -15.203  -13.093  -13.013  -12.415  -10.850
  -10.282  -10.256   -9.471   -7.938   -7.735   -7.349   -5.109   -4.845   -2.511   -2.377
   -0.479   -0.446
            0.000000  0.000000 -0.032500
  -22.230  -20.061  -17.255  -17.246  -16.121  -15.198  -13.093  -13.021  -12.412  -10.851
  -10.284  -10.260   -9.467   -7.939   -7.735   -7.347   -5.102   -4.843   -2.512   -2.385
   -0.480   -0.448
            0.000000  0.000000 -0.030000
  -22.231  -20.062  -17.255  -17.232  -16.136  -15.193  -13.093  -13.027  -12.408  -10.852
  -10.285  -10.264   -9.464   -7.940   -7.735   -7.345   -5.095   -4.842   -2.512   -2.392
   -0.481   -0.449
            0.000000  0.000000 -0.027500
  -22.232  -20.063  -17.255  -17.219  -16.150  -15.188  -13.093  -13.033  -12.405  -10.852
  -10.286  -10.268   -9.461   -7.940   -7.735   -7.343   -5.088   -4.840   -2.512   -2.399
   -0.483   -0.450
            0.000000  0.000000 -0.025000
  -22.233  -20.064  -17.255  -17.206  -16.163  -15.184  -13.093  -13.039  -12.402  -10.853
  -10.287  -10.272   -9.458   -7.941   -7.735   -7.341   -5.082   -4.839   -2.513   -2.406
   -0.484   -0.451
            0.000000  0.000000 -0.022500
  -22.233  -20.064  -17.255  -17.195  -16.175  -15.180  -13.093  -13.044  -12.400  -10.853
  -10.287  -10.275   -9.456   -7.942   -7.734   -7.340   -5.077   -4.838   -2.513   -2.412
   -0.485   -0.452
            0.000000  0.000000 -0.020000
  -22.234  -20.065  -17.255  -17.184  -16.186  -15.176  -13.093  -13.049  -12.397  -10.854
  -10.288  -10.278   -9.454   -7.942   -7.734   -7.338   -5.072   -4.837   -2.513   -2.417
   -0.485   -0.453
            0.000000  0.000000 -0.017500
  -22.235  -20.065  -17.255  -17.174  -16.196  -15.173  -13.093  -13.053  -12.395  -10.854
  -10.289  -10.280   -9.452   -7.943   -7.734   -7.337   -5.067   -4.836   -2.513   -2.422
   -0.486   -0.453
            0.000000  0.000000 -0.015000
  -22.235  -20.066  -17.255  -17.166  -16.205  -15.171  -13.093  -13.057  -12.394  -10.855
  -10.289  -10.282   -9.450   -7.943   -7.734   -7.336   -5.064   -4.835   -2.513   -2.426
   -0.487   -0.454
            0.000000  0.000000 -0.012500
  -22.236  -20.066  -17.255  -17.159  -16.213  -15.168  -13.093  -13.060  -12.392  -10.855
  -10.290  -10.284   -9.448   -7.944   -7.734   -7.335   -5.060   -4.834   -2.514   -2.429
   -0.487   -0.454
            0.000000  0.000000 -0.010000
  -22.236  -20.067  -17.255  -17.153  -16.219  -15.166  -13.093  -13.062  -12.391  -10.855
  -10.290  -10.286   -9.447   -7.944   -7.734   -7.334   -5.058   -4.834   -2.514   -2.432
   -0.488   -0.455
            0.000000  0.000000 -0.007500
  -22.236  -20.067  -17.255  -17.148  -16.224  -15.165  -13.093  -13.064  -12.390  -10.856
  -10.290  -10.287   -9.446   -7.944   -7.734   -7.333   -5.056   -4.834   -2.514   -2.434
   -0.488   -0.455
            0.000000  0.000000 -0.005000
  -22.236  -20.067  -17.255  -17.144  -16.228  -15.164  -13.093  -13.065  -12.389  -10.856
  -10.291  -10.288   -9.446   -7.945   -7.734   -7.333   -5.054   -4.833   -2.514   -2.436
   -0.488   -0.455
            0.000000  0.000000 -0.002500
  -22.236  -20.067  -17.255  -17.142  -16.230  -15.163  -13.093  -13.066  -12.389  -10.856
  -10.291  -10.288   -9.445   -7.945   -7.734   -7.333   -5.053   -4.833   -2.514   -2.437
   -0.489   -0.456
            0.000000  0.000000  0.000000
  -22.236  -20.067  -17.255  -17.142  -16.231  -15.163  -13.093  -13.066  -12.389  -10.856
  -10.291  -10.289   -9.445   -7.945   -7.734   -7.333   -5.053   -4.833   -2.514   -2.437
   -0.489   -0.456
            0.000000  0.000000  0.002500
  -22.236  -20.067  -17.255  -17.142  -16.230  -15.163  -13.093  -13.066  -12.389  -10.856
  -10.291  -10.288   -9.445   -7.945   -7.734   -7.333   -5.053   -4.833   -2.514   -2.437
   -0.489   -0.456
            0.000000  0.000000  0.005000
  -22.236  -20.067  -17.255  -17.144  -16.228  -15.164  -13.093  -13.065  -12.389  -10.856
  -10.291  -10.288   -9.446   -7.945   -7.734   -7.333   -5.054   -4.833   -2.514   -2.436
   -0.488   -0.455
            0.000000  0.000000  0.007500
  -22.236  -20.067  -17.255  -17.148  -16.224  -15.165  -13.093  -13.064  -12.390  -10.856
  -10.290  -10.287   -9.446   -7.944   -7.734   -7.333   -5.056   -4.834   -2.514   -2.434
   -0.488   -0.455
            0.000000  0.000000  0.010000
  -22.236  -20.067  -17.255  -17.153  -16.219  -15.166  -13.093  -13.062  -12.391  -10.855
  -10.290  -10.286   -9.447   -7.944   -7.734   -7.334   -5.058   -4.834   -2.514   -2.432
   -0.488   -0.455
            0.000000  0.000000  0.012500
  -22.236  -20.066  -17.255  -17.159  -16.213  -15.168  -13.093  -13.060  -12.392  -10.855
  -10.290  -10.284   -9.448   -7.944   -7.734   -7.335   -5.060   -4.834   -2.514   -2.429
   -0.487   -0.454
            0.000000  0.000000  0.015000
  -22.235  -20.066  -17.255  -17.166  -16.205  -15.171  -13.093  -13.057  -12.394  -10.855
  -10.289  -10.282   -9.450   -7.943   -7.734   -7.336   -5.064   -4.835   -2.513   -2.426
   -0.487   -0.454
            0.000000  0.000000  0.017500
  -22.235  -20.065  -17.255  -17.174  -16.196  -15.173  -13.093  -13.053  -12.395  -10.854
  -10.289  -10.280   -9.452   -7.943   -7.734   -7.337   -5.067   -4.836   -2.513   -2.422
   -0.486   -0.453
            0.000000  0.000000  0.020000
  -22.234  -20.065  -17.255  -17.184  -16.186  -15.176  -13.093  -13.049  -12.397  -10.854
  -10.288  -10.278   -9.454   -7.942   -7.734   -7.338   -5.072   -4.837   -2.513   -2.417
   -0.485   -0.453
            0.000000  0.000000  0.022500
  -22.233  -20.064  -17.255  -17.195  -16.175  -15.180  -13.093  -13.044  -12.400  -10.853
  -10.287  -10.275   -9.456   -7.942   -7.734   -7.340   -5.077   -4.838   -2.513   -2.412
   -0.485   -0.452
            0.000000  0.000000  0.025000
  -22.233  -20.064  -17.255  -17.206  -16.163  -15.184  -13.093  -13.039  -12.402  -10.853
  -10.287  -10.272   -9.458   -7.941   -7.735   -7.341   -5.082   -4.839   -2.513   -2.406
   -0.484   -0.451
            0.000000  0.000000  0.027500
  -22.232  -20.063  -17.255  -17.219  -16.150  -15.188  -13.093  -13.033  -12.405  -10.852
  -10.286  -10.268   -9.461   -7.940   -7.735   -7.343   -5.088   -4.840   -2.512   -2.399
   -0.483   -0.450
            0.000000  0.000000  0.030000
  -22.231  -20.062  -17.255  -17.232  -16.136  -15.193  -13.093  -13.027  -12.408  -10.852
  -10.285  -10.264   -9.464   -7.940   -7.735   -7.345   -5.095   -4.842   -2.512   -2.392
   -0.481   -0.449
            0.000000  0.000000  0.032500
  -22.230  -20.061  -17.255  -17.246  -16.121  -15.198  -13.093  -13.021  -12.412  -10.851
  -10.284  -10.260   -9.467   -7.939   -7.735   -7.347   -5.102   -4.843   -2.512   -2.385
   -0.480   -0.448
            0.000000  0.000000  0.035000
  -22.229  -20.060  -17.261  -17.255  -16.106  -15.203  -13.093  -13.013  -12.415  -10.850
  -10.282  -10.256   -9.471   -7.938   -7.735   -7.349   -5.109   -4.845   -2.511   -2.377
   -0.479   -0.446
            0.000000  0.000000  0.037500
  -22.228  -20.059  -17.276  -17.255  -16.089  -15.209  -13.093  -13.006  -12.419  -10.849
  -10.281  -10.251   -9.475   -7.937   -7.735   -7.352   -5.118   -4.846   -2.511   -2.368
   -0.477   -0.445
            0.000000  0.000000  0.040000
  -22.227  -20.058  -17.293  -17.256  -16.072  -15.215  -13.093  -12.998  -12.423  -10.848
  -10.280  -10.246   -9.479   -7.936   -7.735   -7.354   -5.126   -4.848   -2.510   -2.358
   -0.476   -0.443
            0.000000  0.000000  0.042500
  -22.226  -20.057  -17.309  -17.256  -16.055  -15.221  -13.093  -12.989  -12.427  -10.847
  -10.278  -10.241   -9.483   -7.934   -7.736   -7.357   -5.135   -4.850   -2.510   -2.349
   -0.474   -0.442
            0.000000  0.000000  0.045000
  -22.225  -20.056  -17.326  -17.256  -16.037  -15.228  -13.093  -12.980  -12.431  -10.846
  -10.277  -10.235   -9.487   -7.933   -7.736   -7.360   -5.145   -4.852   -2.510   -2.338
   -0.472   -0.440
            0.000000  0.000000  0.047500
  -22.223  -20.055  -17.344  -17.256  -16.018  -15.235  -13.093  -12.970  -12.436  -10.845
  -10.275  -10.229   -9.492   -7.932   -7.736   -7.363   -5.155   -4.854   -2.509   -2.327
   -0.470   -0.438
            0.000000  0.000000  0.050000
  -22.222  -20.053  -17.362  -17.256  -15.999  -15.242  -13.093  -12.960  -12.440  -10.844
  -10.274  -10.223   -9.497   -7.930   -7.736   -7.367   -5.165   -4.857   -2.508   -2.316
   -0.468   -0.437
            0.000000  0.000000  0.052500
  -22.220  -20.052  -17.380  -17.256  -15.979  -15.250  -13.094  -12.950  -12.445  -10.843
  -10.272  -10.217   -9.502   -7.929   -7.737   -7.370   -5.176   -4.859   -2.508   -2.304
   -0.466   -0.435
            0.000000  0.000000  0.055000
  -22.219  -20.050  -17.399  -17.257  -15.959  -15.258  -13.094  -12.939  -12.450  -10.841
  -10.270  -10.210   -9.508   -7.927   -7.737   -7.374   -5.188   -4.862   -2.507   -2.292
   -0.464   -0.433
            0.000000  0.000000  0.057500
  -22.217  -20.049  -17.418  -17.257  -15.939  -15.266  -13.094  -12.928  -12.455  -10.840
  -10.268  -10.203   -9.513   -7.926   -7.737   -7.377   -5.200   -4.864   -2.507   -2.279
   -0.462   -0.430
            0.000000  0.000000  0.060000
  -22.216  -20.047  -17.438  -17.257  -15.918  -15.274  -13.095  -12.916  -12.460  -10.839
  -10.266  -10.196   -9.519   -7.924   -7.738   -7.381   -5.212   -4.867   -2.506   -2.266
   -0.460   -0.428
            0.000000  0.000000  0.062500
  -22.214  -20.046  -17.457  -17.257  -15.897  -15.283  -13.095  -12.904  -12.466  -10.837
  -10.264  -10.188   -9.525   -7.922   -7.738   -7.385   -5.225   -4.870   -2.505   -2.252
   -0.457   -0.426
            0.000000  0.000000  0.065000
  -22.212  -20.044  -17.477  -17.258  -15.876  -15.292  -13.096  -12.892  -12.471  -10.836
  -10.262  -10.181   -9.532   -7.920   -7.739   -7.390   -5.238   -4.873   -2.504   -2.238
   -0.455   -0.423
            0.000000  0.000000  0.067500
  -22.210  -20.042  -17.497  -17.258  -15.854  -15.301  -13.096  -12.879  -12.476  -10.834
  -10.260  -10.173   -9.538   -7.918   -7.740   -7.394   -5.251   -4.876   -2.504   -2.224
   -0.452   -0.421
            0.000000  0.000000  0.070000
  -22.208  -20.040  -17.518  -17.258  -15.833  -15.310  -13.097  -12.866  -12.482  -10.832
  -10.257  -10.165   -9.545   -7.916   -7.740   -7.399   -5.265   -4.880   -2.503   -2.209
   -0.449   -0.418
            0.000000  0.000000  0.072500
  -22.206  -20.038  -17.538  -17.259  -15.811  -15.320  -13.098  -12.853  -12.487  -10.831
  -10.255  -10.157   -9.552   -7.914   -7.741   -7.403   -5.279   -4.883   -2.502   -2.193
   -0.446   -0.416
            0.000000  0.000000  0.075000
  -22.204  -20.036  -17.559  -17.259  -15.788  -15.329  -13.099  -12.839  -12.493  -10.829
  -10.252  -10.148   -9.559   -7.912   -7.742   -7.408   -5.293   -4.886   -2.501   -2.178
   -0.443   -0.413
            0.000000  0.000000  0.077500
  -22.202  -20.034  -17.579  -17.260  -15.766  -15.339  -13.100  -12.825  -12.498  -10.827
  -10.250  -10.139   -9.566   -7.910   -7.743   -7.413   -5.308   -4.890   -2.500   -2.162
   -0.440   -0.410
            0.000000  0.000000  0.080000
  -22.199  -20.032  -17.600  -17.260  -15.743  -15.349  -13.102  -12.810  -12.504  -10.825
  -10.247  -10.131   -9.574   -7.908   -7.744   -7.419   -5.323   -4.894   -2.499   -2.145
   -0.437   -0.407
            0.000000  0.000000  0.082500
  -22.197  -20.030  -17.621  -17.261  -15.721  -15.359  -13.103  -12.796  -12.509  -10.824
  -10.244  -10.121   -9.581   -7.905   -7.745   -7.424   -5.338   -4.898   -2.498   -2.129
   -0.434   -0.404
            0.000000  0.000000  0.085000
  -22.194  -20.027  -17.642  -17.261  -15.698  -15.370  -13.105  -12.780  -12.514  -10.822
  -10.241  -10.112   -9.589   -7.903   -7.746   -7.429   -5.354   -4.902   -2.497   -2.111
   -0.430   -0.400
            0.000000  0.000000  0.087500
  -22.192  -20.025  -17.664  -17.262  -15.675  -15.380  -13.107  -12.765  -12.520  -10.820
  -10.238  -10.103   -9.597   -7.900   -7.747   -7.435   -5.370   -4.906   -2.496   -2.094
   -0.427   -0.397
            0.000000  0.000000  0.090000
  -22.189  -20.023  -17.685  -17.262  -15.651  -15.391  -13.109  -12.750  -12.525  -10.818
  -10.235  -10.093   -9.606   -7.898   -7.748   -7.441   -5.386   -4.910   -2.495   -2.076
   -0.423   -0.394
            0.000000  0.000000  0.092500
  -22.187  -20.020  -17.706  -17.263  -15.628  -15.401  -13.111  -12.734  -12.530  -10.815
  -10.232  -10.084   -9.614   -7.895   -7.749   -7.447   -5.403   -4.914   -2.493   -2.058
   -0.420   -0.390
            0.000000  0.000000  0.095000
  -22.184  -20.018  -17.728  -17.264  -15.605  -15.412  -13.114  -12.718  -12.535  -10.813
  -10.229  -10.074   -9.623   -7.893   -7.751   -7.453   -5.420   -4.919   -2.492   -2.040
   -0.416   -0.387
            0.000000  0.000000  0.097500
  -22.181  -20.015  -17.750  -17.264  -15.581  -15.423  -13.116  -12.701  -12.539  -10.811
  -10.226  -10.064   -9.631   -7.890   -7.752   -7.459   -5.437   -4.923   -2.491   -2.021
   -0.412   -0.383
            0.000000  0.000000  0.100000
  -22.178  -20.012  -17.771  -17.265  -15.557  -15.434  -13.119  -12.685  -12.544  -10.809
  -10.222  -10.054   -9.640   -7.887   -7.754   -7.466   -5.454   -4.928   -2.489   -2.002
   -0.408   -0.379
            0.000000  0.000000  0.102500
  -22.175  -20.010  -17.793  -17.266  -15.534  -15.445  -13.122  -12.668  -12.548  -10.807
  -10.219  -10.043   -9.649   -7.884   -7.756   -7.472   -5.471   -4.933   -2.488   -1.983
   -0.404   -0.375
            0.000000  0.000000  0.105000
  -22.172  -20.007  -17.814  -17.267  -15.510  -15.456  -13.126  -12.651  -12.552  -10.804
  -10.215  -10.033   -9.658   -7.881   -7.758   -7.479   -5.489   -4.937   -2.486   -1.964
   -0.400   -0.371
            0.000000  0.000000  0.107500
  -22.169  -20.004  -17.836  -17.268  -15.486  -15.467  -13.130  -12.633  -12.556  -10.802
  -10.212  -10.023   -9.668   -7.878   -7.760   -7.486   -5.507   -4.942   -2.485   -1.944
   -0.396   -0.367
            0.000000  0.000000  0.110000
  -22.166  -20.001  -17.858  -17.269  -15.478  -15.462  -13.134  -12.616  -12.560  -10.800
  -10.208  -10.012   -9.677   -7.875   -7.762   -7.493   -5.525   -4.948   -2.483   -1.924
   -0.391   -0.363
            0.000000  0.000000  0.112500
  -22.163  -19.998  -17.880  -17.270  -15.489  -15.438  -13.138  -12.598  -12.563  -10.797
  -10.204  -10.001   -9.687   -7.872   -7.764   -7.500   -5.543   -4.953   -2.482   -1.904
   -0.387   -0.359
            0.000000  0.000000  0.115000
  -22.160  -19.995  -17.902  -17.271  -15.501  -15.414  -13.143  -12.580  -12.566  -10.795
  -10.200   -9.991   -9.697   -7.868   -7.766   -7.507   -5.562   -4.958   -2.480   -1.884
   -0.383   -0.355
            0.000000  0.000000  0.117500
  -22.156  -19.992  -17.923  -17.272  -15.512  -15.390  -13.148  -12.569  -12.562  -10.792
  -10.196   -9.980   -9.707   -7.865   -7.769   -7.514   -5.580   -4.964   -2.478   -1.864
   -0.378   -0.350
            0.000000  0.000000  0.120000
  -22.153  -19.988  -17.945  -17.274  -15.523  -15.366  -13.153  -12.571  -12.543  -10.790
  -10.192   -9.969   -9.717   -7.862   -7.771   -7.522   -5.599   -4.969   -2.476   -1.843
   -0.373   -0.346
            0.000000  0.000000  0.122500
  -22.149  -19.985  -17.967  -17.275  -15.534  -15.342  -13.159  -12.574  -12.525  -10.787
  -10.188   -9.958   -9.727   -7.858   -7.774   -7.529   -5.618   -4.975   -2.474   -1.822
   -0.368   -0.341
            0.000000  0.000000  0.125000
  -22.146  -19.982  -17.989  -17.276  -15.545  -15.317  -13.164  -12.575  -12.506  -10.785
  -10.184   -9.947   -9.737   -7.855   -7.777   -7.537   -5.637   -4.981   -2.473   -1.801
   -0.363   -0.336
            0.000000  0.000000  0.127500
  -22.142  -19.978  -18.011  -17.278  -15.556  -15.293  -13.171  -12.577  -12.488  -10.782
  -10.180   -9.936   -9.747   -7.851   -7.779   -7.545   -5.656   -4.987   -2.471   -1.779
   -0.358   -0.331
            0.000000  0.000000  0.130000
  -22.138  -19.975  -18.033  -17.280  -15.567  -15.269  -13.177  -12.578  -12.469  -10.780
  -10.175   -9.925   -9.758   -7.847   -7.783   -7.553   -5.676   -4.993   -2.468   -1.758
   -0.353   -0.326
            0.000000  0.000000  0.132500
  -22.135  -19.971  -18.055  -17.281  -15.578  -15.244  -13.184  -12.579  -12.449  -10.777
  -10.171   -9.913   -9.768   -7.844   -7.786   -7.561   -5.695   -4.999   -2.466   -1.736
   -0.348   -0.321
            0.000000  0.000000  0.135000
  -22.131  -19.967  -18.077  -17.283  -15.589  -15.220  -13.191  -12.579  -12.430  -10.774
  -10.166   -9.902   -9.779   -7.840   -7.789   -7.570   -5.715   -5.005   -2.464   -1.714
   -0.343   -0.316
            0.000000  0.000000  0.137500
  -22.127  -19.964  -18.098  -17.285  -15.600  -15.196  -13.199  -12.579  -12.411  -10.772
  -10.161   -9.891   -9.789   -7.836   -7.793   -7.578   -5.735   -5.011   -2.462   -1.692
   -0.337   -0.311
            0.000000  0.000000  0.140000
  -22.123  -19.960  -18.120  -17.287  -15.611  -15.172  -13.207  -12.579  -12.391  -10.769
  -10.157   -9.879   -9.800   -7.832   -7.796   -7.587   -5.755   -5.018   -2.460   -1.670
   -0.332   -0.306
            0.000000  0.000000  0.142500
  -22.119  -19.956  -18.142  -17.289  -15.622  -15.147  -13.215  -12.578  -12.371  -10.766
  -10.152   -9.868   -9.811   -7.828   -7.800   -7.595   -5.775   -5.024   -2.457   -1.648
   -0.326   -0.300
            0.000000  0.000000  0.145000
  -22.114  -19.952  -18.164  -17.291  -15.633  -15.123  -13.223  -12.577  -12.352  -10.763
  -10.147   -9.857   -9.822   -7.824   -7.804   -7.604   -5.795   -5.031   -2.455   -1.626
   -0.321   -0.295
            0.000000  0.000000  0.147500
  -22.110  -19.948  -18.186  -17.293  -15.643  -15.099  -13.232  -12.576  -12.332  -10.761
  -10.142   -9.845   -9.832   -7.819   -7.808   -7.613   -5.815   -5.038   -2.452   -1.603
   -0.315   -0.289
            0.000000  0.000000  0.150000
  -22.106  -19.944  -18.208  -17.296  -15.654  -15.074  -13.241  -12.574  -12.312  -10.758
  -10.137   -9.844   -9.833   -7.815   -7.812   -7.622   -5.835   -5.045   -2.450   -1.580
   -0.309   -0.283
            0.000000  0.000000  0.152500
  -22.102  -19.940  -18.229  -17.298  -15.664  -15.050  -13.250  -12.572  -12.291  -10.755
  -10.132   -9.855   -9.822   -7.817   -7.811   -7.631   -5.856   -5.052   -2.447   -1.558
   -0.303   -0.277
            0.000000  0.000000  0.155000
  -22.097  -19.936  -18.251  -17.301  -15.675  -15.026  -13.260  -12.570  -12.271  -10.753
  -10.126   -9.866   -9.811   -7.821   -7.806   -7.640   -5.876   -5.059   -2.444   -1.535
   -0.297   -0.272
            0.000000  0.000000  0.157500
  -22.093  -19.932  -18.273  -17.303  -15.685  -15.002  -13.270  -12.567  -12.251  -10.750
  -10.121   -9.877   -9.799   -7.826   -7.802   -7.650   -5.897   -5.066   -2.441   -1.512
   -0.291   -0.266
            0.000000  0.000000  0.160000
  -22.088  -19.927  -18.295  -17.306  -15.695  -14.978  -13.280  -12.564  -12.230  -10.747
  -10.116   -9.888   -9.788   -7.831   -7.797   -7.659   -5.917   -5.074   -2.439   -1.489
   -0.285   -0.259
            0.000000  0.000000  0.162500
  -22.083  -19.923  -18.316  -17.309  -15.705  -14.953  -13.290  -12.561  -12.210  -10.745
  -10.110   -9.899   -9.776   -7.836   -7.793   -7.669   -5.938   -5.081   -2.436   -1.465
   -0.278   -0.253
            0.000000  0.000000  0.165000
  -22.079  -19.919  -18.338  -17.312  -15.715  -14.929  -13.301  -12.557  -12.189  -10.742
  -10.105   -9.910   -9.765   -7.842   -7.788   -7.678   -5.959   -5.089   -2.433   -1.442
   -0.272   -0.247
            0.000000  0.000000  0.167500
  -22.074  -19.914  -18.360  -17.315  -15.724  -14.905  -13.311  -12.553  -12.168  -10.740
  -10.099   -9.921   -9.754   -7.847   -7.783   -7.688   -5.980   -5.096   -2.430   -1.419
   -0.266   -0.240
            0.000000  0.000000  0.170000
  -22.069  -19.910  -18.381  -17.319  -15.734  -14.881  -13.322  -12.549  -12.147  -10.737
  -10.093   -9.932   -9.742   -7.853   -7.779   -7.698   -6.001   -5.104   -2.426   -1.395
   -0.259   -0.234
            0.000000  0.000000  0.172500
  -22.064  -19.905  -18.403  -17.322  -15.743  -14.857  -13.333  -12.544  -12.126  -10.735
  -10.087   -9.943   -9.731   -7.858   -7.774   -7.708   -6.022   -5.112   -2.423   -1.371
   -0.252   -0.227
            0.000000  0.000000  0.175000
  -22.059  -19.900  -18.424  -17.326  -15.752  -14.834  -13.344  -12.539  -12.105  -10.732
  -10.081   -9.955   -9.720   -7.864   -7.769   -7.718   -6.043   -5.120   -2.420   -1.348
   -0.245   -0.221
            0.000000  0.000000  0.177500
  -22.054  -19.896  -18.446  -17.329  -15.761  -14.810  -13.356  -12.534  -12.084  -10.730
  -10.075   -9.965   -9.708   -7.871   -7.764   -7.729   -6.064   -5.128   -2.416   -1.324
   -0.239   -0.214
            0.000000  0.000000  0.180000
  -22.049  -19.891  -18.467  -17.333  -15.770  -14.786  -13.367  -12.529  -12.063  -10.728
  -10.069   -9.976   -9.697   -7.877   -7.759   -7.739   -6.085   -5.136   -2.413   -1.300
   -0.232   -0.207
            0.000000  0.000000  0.182500
  -22.043  -19.886  -18.489  -17.337  -15.779  -14.763  -13.379  -12.523  -12.042  -10.726
  -10.063   -9.987   -9.686   -7.883   -7.754   -7.749   -6.106   -5.144   -2.409   -1.276
   -0.225   -0.200
            0.000000  0.000000  0.185000
  -22.038  -19.881  -18.510  -17.342  -15.787  -14.739  -13.390  -12.517  -12.021  -10.724
  -10.057   -9.998   -9.675   -7.890   -7.760   -7.748   -6.127   -5.153   -2.406   -1.252
   -0.217   -0.193
            0.000000  0.000000  0.187500
  -22.033  -19.876  -18.531  -17.346  -15.796  -14.716  -13.402  -12.511  -11.999  -10.722
  -10.051  -10.009   -9.664   -7.897   -7.770   -7.743   -6.149   -5.161   -2.402   -1.228
   -0.210   -0.186
            0.000000  0.000000  0.190000
  -22.027  -19.871  -18.553  -17.350  -15.804  -14.692  -13.414  -12.504  -11.978  -10.720
  -10.044  -10.019   -9.653   -7.904   -7.781   -7.738   -6.170   -5.169   -2.398   -1.204
   -0.203   -0.178
            0.000000  0.000000  0.192500
  -22.022  -19.866  -18.574  -17.355  -15.812  -14.669  -13.426  -12.497  -11.956  -10.718
  -10.038  -10.030   -9.642   -7.911   -7.792   -7.732   -6.191   -5.178   -2.394   -1.180
   -0.195   -0.171
            0.000000  0.000000  0.195000
  -22.016  -19.860  -18.595  -17.360  -15.819  -14.646  -13.438  -12.490  -11.935  -10.717
  -10.040  -10.031   -9.631   -7.919   -7.803   -7.727   -6.213   -5.187   -2.390   -1.155
   -0.188   -0.164
            0.000000  0.000000  0.197500
  -22.010  -19.855  -18.616  -17.365  -15.827  -14.623  -13.450  -12.483  -11.913  -10.715
  -10.050  -10.024   -9.620   -7.927   -7.814   -7.721   -6.234   -5.196   -2.386   -1.131
   -0.180   -0.156
            0.000000  0.000000  0.200000
  -22.005  -19.850  -18.637  -17.370  -15.834  -14.601  -13.462  -12.475  -11.892  -10.714
  -10.060  -10.018   -9.609   -7.934   -7.825   -7.716   -6.255   -5.205   -2.382   -1.107
   -0.173   -0.148
            0.000000  0.000000  0.202500
  -21.999  -19.845  -18.659  -17.375  -15.841  -14.578  -13.474  -12.467  -11.870  -10.713
  -10.070  -10.011   -9.598   -7.942   -7.836   -7.710   -6.277   -5.214   -2.378   -1.082
   -0.165   -0.140
            0.000000  0.000000  0.205000
  -21.993  -19.839  -18.680  -17.381  -15.848  -14.556  -13.486  -12.459  -11.849  -10.712
  -10.079  -10.004   -9.588   -7.951   -7.847   -7.704   -6.298   -5.223   -2.374   -1.058
   -0.157   -0.133
            0.000000  0.000000  0.207500
  -21.987  -19.834  -18.701  -17.386  -15.854  -14.534  -13.498  -12.451  -11.827  -10.712
  -10.089   -9.997   -9.577   -7.959   -7.858   -7.698   -6.320   -5.232   -2.369   -1.033
   -0.149   -0.125
            0.000000  0.000000  0.210000
  -21.981  -19.828  -18.721  -17.392  -15.861  -14.512  -13.510  -12.442  -11.805  -10.711
  -10.098   -9.990   -9.567   -7.968   -7.870   -7.692   -6.341   -5.241   -2.365   -1.009
   -0.141   -0.117
            0.000000  0.000000  0.212500
  -21.975  -19.822  -18.742  -17.398  -15.867  -14.490  -13.522  -12.433  -11.783  -10.711
  -10.106   -9.982   -9.556   -7.977   -7.881   -7.686   -6.363   -5.250   -2.360   -0.984
   -0.133   -0.108
            0.000000  0.000000  0.215000
  -21.969  -19.817  -18.763  -17.404  -15.873  -14.469  -13.534  -12.424  -11.762  -10.712
  -10.115   -9.975   -9.546   -7.986   -7.893   -7.680   -6.384   -5.260   -2.356   -0.960
   -0.124   -0.100
            0.000000  0.000000  0.217500
  -21.962  -19.811  -18.784  -17.411  -15.878  -14.447  -13.545  -12.415  -11.740  -10.712
  -10.123   -9.968   -9.536   -7.995   -7.904   -7.674   -6.406   -5.269   -2.351   -0.935
   -0.116   -0.092
            0.000000  0.000000  0.220000
  -21.956  -19.805  -18.805  -17.417  -15.884  -14.427  -13.557  -12.405  -11.718  -10.713
  -10.131   -9.960   -9.525   -8.004   -7.916   -7.668   -6.427   -5.279   -2.346   -0.910
   -0.108   -0.083
            0.000000  0.000000  0.222500
  -21.950  -19.799  -18.825  -17.424  -15.889  -14.406  -13.568  -12.396  -11.696  -10.714
  -10.138   -9.953   -9.515   -8.014   -7.928   -7.662   -6.449   -5.289   -2.341   -0.886
   -0.099   -0.075
            0.000000  0.000000  0.225000
  -21.943  -19.794  -18.846  -17.431  -15.894  -14.386  -13.579  -12.386  -11.674  -10.716
  -10.146   -9.945   -9.506   -8.024   -7.940   -7.656   -6.470   -5.298   -2.336   -0.861
   -0.091   -0.066
            0.000000  0.000000  0.227500
  -21.937  -19.788  -18.866  -17.438  -15.898  -14.367  -13.589  -12.375  -11.653  -10.717
  -10.152   -9.938   -9.496   -8.034   -7.952   -7.649   -6.492   -5.308   -2.331   -0.836
   -0.082   -0.057
            0.000000  0.000000  0.230000
  -21.930  -19.782  -18.887  -17.445  -15.903  -14.347  -13.600  -12.365  -11.631  -10.720
  -10.159   -9.930   -9.486   -8.044   -7.964   -7.643   -6.513   -5.318   -2.326   -0.811
   -0.073   -0.048
            0.000000  0.000000  0.232500
  -21.923  -19.776  -18.907  -17.452  -15.907  -14.329  -13.610  -12.354  -11.609  -10.722
  -10.165   -9.922   -9.476   -8.054   -7.976   -7.636   -6.535   -5.328   -2.321   -0.787
   -0.064   -0.039
            0.000000  0.000000  0.235000
  -21.917  -19.769  -18.928  -17.460  -15.911  -14.311  -13.619  -12.343  -11.587  -10.725
  -10.170   -9.914   -9.467   -8.065   -7.988   -7.630   -6.556   -5.338   -2.315   -0.762
   -0.055   -0.030
            0.000000  0.000000  0.237500
  -21.910  -19.763  -18.948  -17.468  -15.915  -14.293  -13.628  -12.332  -11.565  -10.729
  -10.175   -9.906   -9.458   -8.076   -8.000   -7.623   -6.578   -5.348   -2.310   -0.737
   -0.046   -0.021
            0.000000  0.000000  0.240000
  -21.903  -19.757  -18.968  -17.475  -15.918  -14.277  -13.636  -12.321  -11.544  -10.733
  -10.180   -9.898   -9.448   -8.087   -8.012   -7.617   -6.599   -5.359   -2.304   -0.712
   -0.037   -0.012
            0.000000  0.000000  0.242500
  -21.896  -19.751  -18.988  -17.483  -15.921  -14.261  -13.644  -12.309  -11.522  -10.737
  -10.184   -9.890   -9.439   -8.098   -8.025   -7.610   -6.621   -5.369   -2.299   -0.687
   -0.028   -0.003
            0.000000  0.000000  0.245000
  -21.889  -19.745  -19.008  -17.492  -15.924  -14.246  -13.651  -12.298  -11.500  -10.742
  -10.188   -9.881   -9.430   -8.110   -8.037   -7.603   -6.642   -5.379   -2.293   -0.662
   -0.019    0.007
            0.000000  0.000000  0.247500
  -21.882  -19.738  -19.028  -17.500  -15.927  -14.231  -13.657  -12.286  -11.478  -10.747
  -10.191   -9.873   -9.421   -8.121   -8.049   -7.596   -6.664   -5.390   -2.287   -0.638
   -0.009    0.016
            0.000000  0.000000  0.250000
  -21.874  -19.732  -19.048  -17.509  -15.929  -14.218  -13.662  -12.273  -11.456  -10.753
  -10.193   -9.865   -9.413   -8.133   -8.062   -7.589   -6.685   -5.400   -2.281   -0.613
    0.000    0.026
            0.000000  0.000000  0.252500
  -21.867  -19.726  -19.068  -17.517  -15.932  -14.207  -13.667  -12.261  -11.435  -10.759
  -10.196   -9.856   -9.404   -8.145   -8.074   -7.582   -6.706   -5.411   -2.275   -0.588
    0.010    0.036
            0.000000  0.000000  0.255000
  -21.860  -19.719  -19.088  -17.526  -15.934  -14.196  -13.670  -12.248  -11.413  -10.766
  -10.197   -9.848   -9.396   -8.157   -8.087   -7.575   -6.728   -5.421   -2.269   -0.563
    0.019    0.046
            0.000000  0.000000  0.257500
  -21.853  -19.713  -19.108  -17.535  -15.935  -14.187  -13.671  -12.235  -11.391  -10.772
  -10.199   -9.839   -9.387   -8.170   -8.100   -7.568   -6.749   -5.432   -2.263   -0.538
    0.029    0.056
            0.000000  0.000000  0.260000
  -21.845  -19.706  -19.127  -17.545  -15.937  -14.179  -13.672  -12.222  -11.370  -10.780
  -10.199   -9.830   -9.379   -8.182   -8.112   -7.561   -6.771   -5.443   -2.257   -0.513
    0.039    0.066
            0.000000  0.000000  0.262500
  -21.838  -19.700  -19.147  -17.554  -15.938  -14.172  -13.671  -12.209  -11.348  -10.788
  -10.200   -9.821   -9.371   -8.195   -8.125   -7.554   -6.792   -5.454   -2.251   -0.489
    0.049    0.076
            0.000000  0.000000  0.265000
  -21.830  -19.693  -19.166  -17.563  -15.939  -14.168  -13.669  -12.196  -11.327  -10.796
  -10.200   -9.812   -9.363   -8.208   -8.138   -7.546   -6.813   -5.465   -2.244   -0.464
    0.059    0.086
            0.000000  0.000000  0.267500
  -21.822  -19.687  -19.185  -17.573  -15.940  -14.164  -13.665  -12.182  -11.305  -10.804
  -10.199   -9.803   -9.355   -8.221   -8.151   -7.539   -6.834   -5.476   -2.238   -0.439
    0.069    0.096
            0.000000  0.000000  0.270000
  -21.814  -19.680  -19.204  -17.583  -15.940  -14.162  -13.660  -12.168  -11.284  -10.813
  -10.198   -9.794   -9.348   -8.234   -8.164   -7.532   -6.856   -5.487   -2.231   -0.414
    0.079    0.107
            0.000000  0.000000  0.272500
  -21.807  -19.674  -19.223  -17.593  -15.941  -14.162  -13.654  -12.154  -11.263  -10.822
  -10.197   -9.785   -9.340   -8.248   -8.177   -7.524   -6.877   -5.498   -2.225   -0.390
    0.089    0.105
            0.000000  0.000000  0.275000
  -21.799  -19.668  -19.242  -17.603  -15.941  -14.163  -13.646  -12.139  -11.242  -10.831
  -10.195   -9.776   -9.333   -8.262   -8.190   -7.517   -6.898   -5.509   -2.218   -0.365
    0.090    0.100
            0.000000  0.000000  0.277500
  -21.791  -19.661  -19.260  -17.613  -15.941  -14.166  -13.637  -12.125  -11.221  -10.841
  -10.193   -9.766   -9.326   -8.276   -8.203   -7.509   -6.919   -5.520   -2.211   -0.341
    0.076    0.110
            0.000000  0.000000  0.280000
  -21.783  -19.655  -19.279  -17.624  -15.940  -14.169  -13.627  -12.110  -11.200  -10.851
  -10.190   -9.757   -9.319   -8.290   -8.216   -7.501   -6.940   -5.531   -2.204   -0.316
    0.061    0.121
            0.000000  0.000000  0.282500
  -21.775  -19.649  -19.297  -17.634  -15.940  -14.174  -13.616  -12.095  -11.179  -10.861
  -10.187   -9.748   -9.312   -8.304   -8.229   -7.494   -6.961   -5.543   -2.197   -0.292
    0.046    0.131
            0.000000  0.000000  0.285000
  -21.766  -19.643  -19.315  -17.645  -15.939  -14.180  -13.604  -12.080  -11.159  -10.871
  -10.184   -9.738   -9.306   -8.318   -8.242   -7.486   -6.983   -5.554   -2.190   -0.267
    0.031    0.142
            0.000000  0.000000  0.287500
  -21.758  -19.638  -19.332  -17.655  -15.938  -14.187  -13.591  -12.065  -11.139  -10.881
  -10.181   -9.728   -9.299   -8.333   -8.255   -7.478   -7.004   -5.565   -2.183   -0.243
    0.017    0.153
            0.000000  0.000000  0.290000
  -21.750  -19.633  -19.349  -17.666  -15.936  -14.194  -13.577  -12.049  -11.119  -10.891
  -10.177   -9.719   -9.293   -8.348   -8.268   -7.470   -7.024   -5.577   -2.175   -0.220
    0.003    0.163
            0.000000  0.000000  0.292500
  -21.742  -19.628  -19.365  -17.677  -15.935  -14.203  -13.563  -12.033  -11.101  -10.900
  -10.173   -9.709   -9.287   -8.363   -8.282   -7.462   -7.045   -5.588   -2.168   -0.197
   -0.011    0.174
            0.000000  0.000000  0.295000
  -21.733  -19.623  -19.381  -17.688  -15.933  -14.212  -13.548  -12.017  -11.083  -10.909
  -10.168   -9.699   -9.281   -8.378   -8.295   -7.454   -7.066   -5.600   -2.161   -0.174
   -0.024    0.185
            0.000000  0.000000  0.297500
  -21.725  -19.620  -19.396  -17.700  -15.931  -14.221  -13.533  -12.001  -11.066  -10.916
  -10.164   -9.689   -9.275   -8.393   -8.308   -7.446   -7.087   -5.612   -2.153   -0.154
   -0.035    0.196
            0.000000  0.000000  0.300000
  -21.716  -19.617  -19.410  -17.711  -15.929  -14.232  -13.517  -11.985  -11.052  -10.922
  -10.159   -9.679   -9.269   -8.409   -8.322   -7.438   -7.108   -5.623   -2.145   -0.137
   -0.043    0.208
            0.000000  0.000000  0.302500
  -21.707  -19.615  -19.423  -17.722  -15.927  -14.242  -13.501  -11.968  -11.041  -10.924
  -10.154   -9.669   -9.264   -8.425   -8.335   -7.430   -7.129   -5.635   -2.138   -0.126
   -0.044    0.219
            0.000000  0.000000  0.305000
  -21.699  -19.615  -19.434  -17.734  -15.924  -14.254  -13.484  -11.951  -11.035  -10.922
  -10.148   -9.658   -9.259   -8.441   -8.348   -7.422   -7.149   -5.647   -2.130   -0.125
   -0.036    0.230
            0.000000  0.000000  0.307500
  -21.690  -19.617  -19.443  -17.745  -15.922  -14.265  -13.468  -11.934  -11.035  -10.915
  -10.143   -9.648   -9.253   -8.457   -8.362   -7.414   -7.170   -5.658   -2.122   -0.131
   -0.020    0.242
            0.000000  0.000000  0.310000
  -21.681  -19.620  -19.450  -17.757  -15.919  -14.277  -13.451  -11.917  -11.038  -10.904
  -10.137   -9.638   -9.249   -8.473   -8.375   -7.406   -7.190   -5.670   -2.114   -0.142
   -0.001    0.253
            0.000000  0.000000  0.312500
  -21.672  -19.626  -19.455  -17.769  -15.916  -14.289  -13.434  -11.899  -11.045  -10.890
  -10.131   -9.627   -9.244   -8.489   -8.389   -7.398   -7.210   -5.682   -2.106   -0.154
    0.021    0.265
            0.000000  0.000000  0.315000
  -21.663  -19.634  -19.458  -17.781  -15.913  -14.301  -13.416  -11.882  -11.054  -10.873
  -10.125   -9.616   -9.239   -8.506   -8.402   -7.390   -7.230   -5.694   -2.098   -0.168
    0.044    0.276
            0.000000  0.000000  0.317500
  -21.654  -19.644  -19.458  -17.793  -15.909  -14.314  -13.399  -11.864  -11.065  -10.856
  -10.119   -9.606   -9.235   -8.522   -8.416   -7.383   -7.250   -5.706   -2.089   -0.182
    0.067    0.288
            0.000000  0.000000  0.320000
  -21.645  -19.655  -19.457  -17.805  -15.905  -14.327  -13.381  -11.846  -11.076  -10.838
  -10.112   -9.595   -9.231   -8.539   -8.430   -7.376   -7.269   -5.718   -2.081   -0.197
    0.091    0.300
            0.000000  0.000000  0.322500
  -21.635  -19.668  -19.455  -17.817  -15.902  -14.340  -13.364  -11.828  -11.088  -10.819
  -10.105   -9.584   -9.227   -8.556   -8.443   -7.370   -7.287   -5.730   -2.073   -0.212
    0.115    0.312
            0.000000  0.000000  0.325000
  -21.626  -19.681  -19.451  -17.829  -15.898  -14.353  -13.346  -11.810  -11.101  -10.800
  -10.098   -9.573   -9.223   -8.573   -8.457   -7.366   -7.302   -5.742   -2.064   -0.227
    0.139    0.324
            0.000000  0.000000  0.327500
  -21.617  -19.696  -19.446  -17.842  -15.893  -14.366  -13.328  -11.791  -11.114  -10.780
  -10.091   -9.562   -9.220   -8.591   -8.470   -7.367   -7.313   -5.754   -2.055   -0.242
    0.163    0.336
            0.000000  0.000000  0.330000
  -21.607  -19.711  -19.441  -17.854  -15.889  -14.380  -13.310  -11.772  -11.128  -10.761
  -10.084   -9.551   -9.216   -8.608   -8.484   -7.375   -7.316   -5.766   -2.047   -0.257
    0.187    0.348
            0.000000  0.000000  0.332500
  -21.598  -19.727  -19.435  -17.866  -15.885  -14.393  -13.293  -11.753  -11.141  -10.742
  -10.077   -9.540   -9.213   -8.626   -8.498   -7.390   -7.313   -5.778   -2.038   -0.273
    0.212    0.360
            0.000000  0.000000  0.335000
  -21.588  -19.743  -19.428  -17.879  -15.880  -14.407  -13.275  -11.734  -11.155  -10.722
  -10.069   -9.529   -9.210   -8.643   -8.511   -7.407   -7.307   -5.791   -2.029   -0.288
    0.236    0.373
            0.000000  0.000000  0.337500
  -21.578  -19.759  -19.421  -17.891  -15.875  -14.420  -13.257  -11.715  -11.169  -10.703
  -10.062   -9.518   -9.207   -8.661   -8.525   -7.425   -7.300   -5.803   -2.020   -0.304
    0.260    0.385
            0.000000  0.000000  0.340000
  -21.569  -19.776  -19.414  -17.904  -15.870  -14.434  -13.239  -11.696  -11.183  -10.683
  -10.054   -9.506   -9.205   -8.679   -8.539   -7.444   -7.292   -5.815   -2.011   -0.319
    0.284    0.398
            0.000000  0.000000  0.342500
  -21.559  -19.793  -19.407  -17.917  -15.865  -14.448  -13.221  -11.676  -11.198  -10.664
  -10.046   -9.495   -9.202   -8.697   -8.552   -7.464   -7.283   -5.827   -2.002   -0.335
    0.309    0.410
            0.000000  0.000000  0.345000
  -21.549  -19.810  -19.399  -17.929  -15.859  -14.462  -13.203  -11.656  -11.212  -10.644
  -10.038   -9.483   -9.200   -8.715   -8.566   -7.483   -7.275   -5.839   -1.993   -0.350
    0.333    0.423
            0.000000  0.000000  0.347500
  -21.539  -19.827  -19.391  -17.942  -15.854  -14.476  -13.186  -11.636  -11.227  -10.625
  -10.030   -9.472   -9.198   -8.734   -8.580   -7.503   -7.266   -5.852   -1.984   -0.366
    0.357    0.436
            0.000000  0.000000  0.350000
  -21.529  -19.844  -19.382  -17.955  -15.848  -14.490  -13.168  -11.616  -11.241  -10.606
  -10.022   -9.460   -9.196   -8.752   -8.594   -7.523   -7.257   -5.864   -1.974   -0.381
    0.381    0.448
            0.000000  0.000000  0.352500
  -21.519  -19.861  -19.374  -17.968  -15.843  -14.504  -13.150  -11.596  -11.256  -10.587
  -10.014   -9.448   -9.195   -8.771   -8.607   -7.542   -7.248   -5.876   -1.965   -0.397
    0.406    0.461
            0.000000  0.000000  0.355000
  -21.509  -19.878  -19.365  -17.981  -15.837  -14.518  -13.132  -11.576  -11.271  -10.568
  -10.005   -9.437   -9.193   -8.789   -8.621   -7.562   -7.239   -5.889   -1.955   -0.412
    0.430    0.474
            0.000000  0.000000  0.357500
  -21.499  -19.895  -19.357  -17.994  -15.830  -14.532  -13.115  -11.555  -11.285  -10.549
   -9.997   -9.425   -9.192   -8.808   -8.635   -7.582   -7.229   -5.901   -1.946   -0.428
    0.454    0.487
            0.000000  0.000000  0.360000
  -21.488  -19.912  -19.348  -18.007  -15.824  -14.546  -13.097  -11.535  -11.300  -10.530
   -9.988   -9.413   -9.191   -8.827   -8.649   -7.601   -7.220   -5.914   -1.936   -0.443
    0.478    0.500
            0.000000  0.000000  0.362500
  -21.478  -19.929  -19.339  -18.020  -15.818  -14.560  -13.079  -11.514  -11.315  -10.512
   -9.979   -9.400   -9.190   -8.846   -8.662   -7.621   -7.210   -5.926   -1.926   -0.459
    0.502    0.514
            0.000000  0.000000  0.365000
  -21.468  -19.946  -19.330  -18.033  -15.811  -14.574  -13.062  -11.493  -11.330  -10.493
   -9.970   -9.388   -9.190   -8.865   -8.676   -7.641   -7.201   -5.938   -1.916   -0.474
    0.526    0.527
            0.000000  0.000000  0.367500
  -21.457  -19.964  -19.321  -18.046  -15.805  -14.589  -13.044  -11.472  -11.346  -10.475
   -9.961   -9.376   -9.190   -8.884   -8.690   -7.660   -7.191   -5.951   -1.906   -0.490
    0.540    0.550
            0.000000  0.000000  0.370000
  -21.447  -19.981  -19.311  -18.059  -15.798  -14.603  -13.027  -11.451  -11.361  -10.457
   -9.952   -9.364   -9.189   -8.903   -8.704   -7.680   -7.181   -5.963   -1.896   -0.505
    0.554    0.575
            0.000000  0.000000  0.372500
  -21.436  -19.998  -19.302  -18.072  -15.791  -14.617  -13.010  -11.429  -11.376  -10.439
   -9.943   -9.351   -9.189   -8.922   -8.718   -7.699   -7.172   -5.976   -1.886   -0.521
    0.567    0.599
            0.000000  0.000000  0.375000
  -21.425  -20.015  -19.293  -18.085  -15.784  -14.631  -12.992  -11.408  -11.390  -10.421
   -9.934   -9.339   -9.190   -8.941   -8.731   -7.719   -7.162   -5.988   -1.876   -0.536
    0.581    0.623
            0.000000  0.000000  0.377500
  -21.415  -20.032  -19.283  -18.098  -15.777  -14.645  -12.975  -11.407  -11.385  -10.403
   -9.925   -9.326   -9.190   -8.961   -8.745   -7.738   -7.152   -6.001   -1.866   -0.552
    0.594    0.643
            0.000000  0.000000  0.380000
  -21.404  -20.049  -19.273  -18.111  -15.770  -14.659  -12.958  -11.422  -11.364  -10.385
   -9.916   -9.314   -9.191   -8.980   -8.759   -7.758   -7.142   -6.013   -1.856   -0.567
    0.608    0.657
            0.000000  0.000000  0.382500
  -21.393  -20.066  -19.264  -18.124  -15.762  -14.673  -12.941  -11.437  -11.342  -10.368
   -9.906   -9.301   -9.192   -8.999   -8.773   -7.777   -7.132   -6.026   -1.845   -0.583
    0.622    0.672
            0.000000  0.000000  0.385000
  -21.382  -20.083  -19.254  -18.138  -15.755  -14.688  -12.924  -11.452  -11.320  -10.351
   -9.897   -9.288   -9.193   -9.019   -8.786   -7.796   -7.122   -6.038   -1.835   -0.598
    0.636    0.686
            0.000000  0.000000  0.387500
  -21.371  -20.099  -19.244  -18.151  -15.747  -14.702  -12.906  -11.468  -11.298  -10.334
   -9.887   -9.275   -9.194   -9.038   -8.800   -7.815   -7.112   -6.051   -1.824   -0.613
    0.650    0.701
            0.000000  0.000000  0.390000
  -21.360  -20.116  -19.234  -18.164  -15.739  -14.716  -12.889  -11.483  -11.276  -10.317
   -9.878   -9.262   -9.196   -9.057   -8.814   -7.834   -7.102   -6.063   -1.814   -0.629
    0.664    0.715
            0.000000  0.000000  0.392500
  -21.348  -20.133  -19.224  -18.177  -15.731  -14.730  -12.872  -11.499  -11.254  -10.301
   -9.868   -9.249   -9.198   -9.076   -8.828   -7.853   -7.092   -6.076   -1.803   -0.644
    0.678    0.730
            0.000000  0.000000  0.395000
  -21.337  -20.150  -19.214  -18.190  -15.723  -14.744  -12.856  -11.514  -11.231  -10.285
   -9.858   -9.236   -9.200   -9.095   -8.841   -7.872   -7.081   -6.088   -1.792   -0.659
    0.692    0.745
            0.000000  0.000000  0.397500
  -21.326  -20.166  -19.204  -18.204  -15.715  -14.758  -12.839  -11.530  -11.209  -10.269
   -9.848   -9.223   -9.203   -9.114   -8.855   -7.891   -7.071   -6.101   -1.781   -0.675
    0.706    0.760
            0.000000  0.000000  0.400000
  -21.315  -20.183  -19.194  -18.217  -15.707  -14.772  -12.822  -11.545  -11.187  -10.253
   -9.838   -9.210   -9.205   -9.133   -8.869   -7.910   -7.061   -6.113   -1.770   -0.690
    0.721    0.775
            0.000000  0.000000  0.402500
  -21.303  -20.200  -19.184  -18.230  -15.698  -14.786  -12.805  -11.561  -11.164  -10.238
   -9.829   -9.209   -9.196   -9.152   -8.883   -7.929   -7.050   -6.126   -1.759   -0.705
    0.735    0.790
            0.000000  0.000000  0.405000
  -21.292  -20.216  -19.173  -18.243  -15.690  -14.800  -12.788  -11.576  -11.141  -10.223
   -9.819   -9.213   -9.183   -9.169   -8.896   -7.948   -7.040   -6.139   -1.748   -0.721
    0.749    0.805
            0.000000  0.000000  0.407500
  -21.280  -20.232  -19.163  -18.257  -15.681  -14.813  -12.772  -11.592  -11.118  -10.208
   -9.808   -9.218   -9.186   -9.170   -8.910   -7.967   -7.029   -6.151   -1.737   -0.736
    0.764    0.820
            0.000000  0.000000  0.410000
  -21.268  -20.249  -19.152  -18.270  -15.673  -14.827  -12.755  -11.607  -11.096  -10.194
   -9.798   -9.227   -9.199   -9.156   -8.924   -7.985   -7.019   -6.164   -1.726   -0.751
    0.778    0.835
            0.000000  0.000000  0.412500
  -21.257  -20.265  -19.142  -18.283  -15.664  -14.841  -12.738  -11.623  -11.073  -10.180
   -9.788   -9.239   -9.208   -9.142   -8.937   -8.004   -7.008   -6.176   -1.714   -0.766
    0.793    0.851
            0.000000  0.000000  0.415000
  -21.245  -20.281  -19.131  -18.296  -15.655  -14.855  -12.722  -11.638  -11.050  -10.167
   -9.778   -9.254   -9.215   -9.129   -8.951   -8.023   -6.998   -6.189   -1.703   -0.781
    0.808    0.866
            0.000000  0.000000  0.417500
  -21.233  -20.298  -19.121  -18.309  -15.646  -14.869  -12.705  -11.654  -11.027  -10.154
   -9.768   -9.271   -9.220   -9.115   -8.964   -8.041   -6.987   -6.201   -1.692   -0.796
    0.822    0.881
            0.000000  0.000000  0.420000
  -21.221  -20.314  -19.110  -18.323  -15.637  -14.882  -12.689  -11.670  -11.004  -10.141
   -9.758   -9.288   -9.225   -9.101   -8.978   -8.059   -6.976   -6.214   -1.680   -0.811
    0.837    0.897
            0.000000  0.000000  0.422500
  -21.209  -20.330  -19.099  -18.336  -15.628  -14.896  -12.672  -11.685  -10.981  -10.129
   -9.747   -9.305   -9.229   -9.087   -8.992   -8.078   -6.966   -6.226   -1.668   -0.826
    0.852    0.912
            0.000000  0.000000  0.425000
  -21.197  -20.346  -19.089  -18.349  -15.618  -14.909  -12.656  -11.701  -10.957  -10.118
   -9.737   -9.322   -9.234   -9.073   -9.005   -8.096   -6.955   -6.239   -1.657   -0.841
    0.867    0.928
            0.000000  0.000000  0.427500
  -21.185  -20.362  -19.078  -18.362  -15.609  -14.923  -12.640  -11.716  -10.934  -10.107
   -9.726   -9.338   -9.239   -9.059   -9.019   -8.114   -6.944   -6.251   -1.645   -0.856
    0.882    0.943
            0.000000  0.000000  0.430000
  -21.173  -20.378  -19.067  -18.375  -15.599  -14.937  -12.623  -11.732  -10.911  -10.097
   -9.716   -9.354   -9.244   -9.045   -9.032   -8.133   -6.933   -6.264   -1.633   -0.871
    0.897    0.959
            0.000000  0.000000  0.432500
  -21.161  -20.394  -19.056  -18.388  -15.590  -14.950  -12.607  -11.748  -10.888  -10.088
   -9.706   -9.370   -9.249   -9.045   -9.031   -8.151   -6.922   -6.276   -1.621   -0.886
    0.912    0.974
            0.000000  0.000000  0.435000
  -21.148  -20.409  -19.045  -18.401  -15.580  -14.963  -12.591  -11.763  -10.865  -10.080
   -9.695   -9.384   -9.254   -9.059   -9.016   -8.169   -6.911   -6.289   -1.609   -0.901
    0.927    0.990
            0.000000  0.000000  0.437500
  -21.136  -20.425  -19.034  -18.414  -15.570  -14.977  -12.575  -11.779  -10.841  -10.072
   -9.685   -9.399   -9.259   -9.072   -9.002   -8.187   -6.900   -6.301   -1.597   -0.916
    0.942    1.005
            0.000000  0.000000  0.440000
  -21.123  -20.441  -19.023  -18.427  -15.561  -14.990  -12.559  -11.794  -10.818  -10.066
   -9.674   -9.412   -9.264   -9.086   -8.987   -8.205   -6.889   -6.314   -1.585   -0.931
    0.957    1.021
            0.000000  0.000000  0.442500
  -21.111  -20.456  -19.012  -18.440  -15.551  -15.003  -12.542  -11.810  -10.795  -10.060
   -9.663   -9.424   -9.270   -9.099   -8.973   -8.222   -6.878   -6.326   -1.573   -0.945
    0.972    1.036
            0.000000  0.000000  0.445000
  -21.098  -20.472  -19.000  -18.453  -15.541  -15.016  -12.526  -11.826  -10.772  -10.056
   -9.653   -9.436   -9.275   -9.112   -8.958   -8.240   -6.867   -6.338   -1.561   -0.960
    0.987    1.052
            0.000000  0.000000  0.447500
  -21.086  -20.487  -18.989  -18.466  -15.531  -15.030  -12.510  -11.841  -10.749  -10.053
   -9.642   -9.447   -9.281   -9.125   -8.944   -8.258   -6.856   -6.351   -1.549   -0.974
    1.002    1.067
            0.000000  0.000000  0.450000
  -21.073  -20.503  -18.978  -18.479  -15.520  -15.043  -12.494  -11.857  -10.725  -10.051
   -9.632   -9.456   -9.287   -9.139   -8.929   -8.275   -6.844   -6.363   -1.537   -0.989
    1.018    1.083
            0.000000  0.000000  0.452500
  -21.060  -20.518  -18.967  -18.492  -15.510  -15.056  -12.478  -11.873  -10.702  -10.051
   -9.621   -9.465   -9.293   -9.152   -8.914   -8.293   -6.833   -6.375   -1.524   -1.004
    1.033    1.098
            0.000000  0.000000  0.455000
  -21.048  -20.533  -18.955  -18.505  -15.500  -15.069  -12.462  -11.888  -10.679  -10.052
   -9.611   -9.472   -9.300   -9.165   -8.899   -8.311   -6.822   -6.388   -1.512   -1.018
    1.048    1.113
            0.000000  0.000000  0.457500
  -21.035  -20.548  -18.944  -18.517  -15.489  -15.082  -12.446  -11.904  -10.656  -10.054
   -9.600   -9.478   -9.306   -9.178   -8.884   -8.328   -6.811   -6.400   -1.499   -1.032
    1.063    1.128
            0.000000  0.000000  0.460000
  -21.022  -20.563  -18.933  -18.530  -15.479  -15.094  -12.430  -11.919  -10.633  -10.058
   -9.589   -9.482   -9.312   -9.191   -8.869   -8.345   -6.799   -6.412   -1.487   -1.047
    1.078    1.143
            0.000000  0.000000  0.462500
  -21.009  -20.578  -18.921  -18.543  -15.468  -15.107  -12.415  -11.935  -10.610  -10.064
   -9.579   -9.486   -9.319   -9.204   -8.854   -8.363   -6.788   -6.424   -1.474   -1.061
    1.093    1.157
            0.000000  0.000000  0.465000
  -20.996  -20.593  -18.910  -18.555  -15.458  -15.120  -12.399  -11.951  -10.587  -10.070
   -9.568   -9.488   -9.326   -9.216   -8.839   -8.380   -6.777   -6.437   -1.462   -1.075
    1.108    1.172
            0.000000  0.000000  0.467500
  -20.983  -20.608  -18.898  -18.568  -15.447  -15.132  -12.383  -11.966  -10.565  -10.079
   -9.558   -9.488   -9.332   -9.229   -8.824   -8.397   -6.765   -6.449   -1.449   -1.089
    1.122    1.185
            0.000000  0.000000  0.470000
  -20.970  -20.622  -18.887  -18.580  -15.436  -15.145  -12.367  -11.982  -10.542  -10.088
   -9.548   -9.488   -9.339   -9.242   -8.809   -8.414   -6.754   -6.461   -1.436   -1.104
    1.137    1.199
            0.000000  0.000000  0.472500
  -20.957  -20.637  -18.876  -18.593  -15.425  -15.157  -12.352  -11.997  -10.520  -10.099
   -9.538   -9.486   -9.346   -9.254   -8.794   -8.431   -6.743   -6.473   -1.423   -1.118
    1.151    1.212
            0.000000  0.000000  0.475000
  -20.944  -20.651  -18.864  -18.605  -15.415  -15.169  -12.336  -12.012  -10.498  -10.111
   -9.528   -9.484   -9.353   -9.267   -8.778   -8.447   -6.731   -6.485   -1.411   -1.131
    1.165    1.224
            0.000000  0.000000  0.477500
  -20.931  -20.666  -18.853  -18.617  -15.404  -15.182  -12.320  -12.028  -10.475  -10.123
   -9.519   -9.480   -9.360   -9.279   -8.763   -8.464   -6.720   -6.497   -1.398   -1.145
    1.179    1.236
            0.000000  0.000000  0.480000
  -20.918  -20.680  -18.842  -18.629  -15.393  -15.194  -12.305  -12.043  -10.454  -10.137
   -9.511   -9.475   -9.367   -9.291   -8.748   -8.481   -6.709   -6.508   -1.385   -1.159
    1.192    1.246
            0.000000  0.000000  0.482500
  -20.905  -20.693  -18.831  -18.640  -15.382  -15.205  -12.290  -12.058  -10.432  -10.152
   -9.503   -9.468   -9.374   -9.303   -8.732   -8.497   -6.698   -6.520   -1.373   -1.172
    1.205    1.255
            0.000000  0.000000  0.485000
  -20.893  -20.707  -18.820  -18.652  -15.372  -15.217  -12.275  -12.073  -10.411  -10.167
   -9.495   -9.461   -9.380   -9.314   -8.717   -8.513   -6.687   -6.531   -1.360   -1.186
    1.217    1.263
            0.000000  0.000000  0.487500
  -20.880  -20.720  -18.809  -18.663  -15.361  -15.228  -12.260  -12.088  -10.390  -10.183
   -9.489   -9.453   -9.386   -9.325   -8.702   -8.529   -6.676   -6.542   -1.348   -1.199
    1.229    1.269
            0.000000  0.000000  0.490000
  -20.868  -20.732  -18.800  -18.673  -15.351  -15.239  -12.246  -12.102  -10.370  -10.199
   -9.483   -9.445   -9.392   -9.336   -8.687   -8.544   -6.666   -6.553   -1.336   -1.211
    1.240    1.274
            0.000000  0.000000  0.492500
  -20.857  -20.744  -18.791  -18.682  -15.342  -15.249  -12.232  -12.116  -10.351  -10.216
   -9.478   -9.437   -9.398   -9.345   -8.673   -8.559   -6.656   -6.563   -1.324   -1.223
    1.249    1.276
            0.000000  0.000000  0.495000
  -20.848  -20.754  -18.783  -18.690  -15.334  -15.257  -12.220  -12.128  -10.333  -10.231
   -9.474   -9.429   -9.402   -9.354   -8.660   -8.573   -6.648   -6.571   -1.314   -1.233
    1.258    1.277
            0.000000  0.000000  0.497500
  -20.841  -20.761  -18.778  -18.695  -15.328  -15.263  -12.211  -12.137  -10.320  -10.243
   -9.472   -9.423   -9.406   -9.359   -8.650   -8.583   -6.642   -6.577   -1.307   -1.241
    1.265    1.276
            0.000000  0.000000  0.500000
  -20.839  -20.763  -18.776  -18.697  -15.326  -15.266  -12.208  -12.140  -10.314  -10.249
   -9.471   -9.420   -9.408   -9.361   -8.645   -8.587   -6.639   -6.580   -1.304   -1.244
    1.268    1.274
