    0.000000000    0.095143749    0.144135464
    0.094486306    0.095290540    0.138745802
    0.188972612    0.097186555    0.133742655
    0.283458919    0.096970730    0.129193575
    0.377945225    0.098270955    0.125011241
    0.472431531    0.098818677    0.121264588
    0.566917837    0.099459365    0.117916609
    0.661404143    0.100437822    0.114969644
    0.755890450    0.100907505    0.112450260
    0.850376756    0.101836426    0.110315360
    0.944863062    0.102493601    0.108608397
    1.039349368    0.103193151    0.107301965
    1.133835674    0.104039116    0.106394467
    1.228321981    0.104640792    0.105922914
    1.322808287    0.105482192    0.105817238
    1.417294593    0.106168520    0.106166869
    1.511780899    0.106888063    0.106901918
    1.606267205    0.107686783    0.107656626
    1.700753511    0.108338930    0.108372737
    1.795239818    0.109144797    0.109120689
    1.889726124    0.109843435    0.109849631
    1.984212430    0.110572301    0.110584741
    2.078698736    0.111348498    0.111323425
    2.173185042    0.112025494    0.112053286
    2.267671349    0.112813353    0.112792744
    2.362157655    0.113518344    0.113525214
    2.456643961    0.114252307    0.114260365
    2.551130267    0.115016054    0.114997089
    2.645616573    0.115707032    0.115729379
    2.740102880    0.116484593    0.116466921
    2.834589186    0.117193245    0.117200329
    2.929075492    0.117930271    0.117935503
    3.023561798    0.118686507    0.118671538
    3.118048104    0.119386003    0.119404736
    3.212534411    0.120157234    0.120141503
    3.307020717    0.120868137    0.120875299
    3.401507023    0.121607117    0.121610484
    3.495993329    0.122358568    0.122346183
    3.590479635    0.123063509    0.123079820
    3.684965942    0.123830681    0.123816189
    3.779452248    0.124543012    0.124550177
    3.873938554    0.125283286    0.125285360
    3.968424860    0.126031594    0.126020865
    4.062911166    0.126740098    0.126754735
    4.157397473    0.127504609    0.127490865
    4.251883779    0.128217818    0.128224948
    4.346370085    0.128958935    0.128960113
    4.440856391    0.129705135    0.129695482
    4.535342697    0.130415934    0.130429468
    4.629829003    0.131178701    0.131165426
    4.724315310    0.131892467    0.131899533
    4.818801616    0.132634161    0.132634647
    4.913287922    0.133378983    0.133369889
    5.007774228    0.134091251    0.134103889
    5.102260534    0.134852924    0.134839678
    5.196746841    0.135566973    0.135573725
    5.291233147    0.136309026    0.136308716
    5.385719453    0.137052957    0.137043774
    5.480205759    0.137766036    0.137777654
    5.574692065    0.138527061    0.138513188
    5.669178372    0.139241149    0.139247018
    5.763664678    0.139983363    0.139981718
    5.858150984    0.140726723    0.140716414
    5.952637290    0.141440052    0.141449915
    6.047123596    0.142200708    0.142184939
    6.141609903    0.142914554    0.142918208
    6.236096209    0.143656676    0.143652217
    6.330582515    0.144399605    0.144386090
    6.425068821    0.145112591    0.145118624
    6.519555127    0.145872958    0.145852479
    6.614041434    0.146586133    0.146584371
    6.708527740    0.147327734    0.147316726
    6.803014046    0.148070076    0.148048643
    6.897500352    0.148781885    0.148778832
    6.991986658    0.149541657    0.149509907
    7.086472964    0.150253329    0.150238482
    7.180959271    0.150993515    0.150966879
    7.275445577    0.151734514    0.151694110
    7.369931883    0.152443656    0.152418680
    7.464418189    0.153201692    0.153143110
    7.558904495    0.153910037    0.153863747
    7.653390802    0.154646739    0.154582695
    7.747877108    0.155384220    0.155298720
    7.842363414    0.156087543    0.156009890
    7.936849720    0.156840748    0.156718456
    8.031336026    0.157541597    0.157420176
    8.125822333    0.158269984    0.158116634
    8.220308639    0.158998447    0.158805973
    8.314794945    0.159688806    0.159485326
    8.409281251    0.160429362    0.160156178
    8.503767557    0.161112886    0.160813002
    8.598253864    0.161821463    0.161456127
    8.692740170    0.162527529    0.162082172
    8.787226476    0.163188382    0.162686216
    8.881712782    0.163897392    0.163267768
    8.976199088    0.164540451    0.163818432
    9.070685395    0.165201927    0.164335504
    9.165171701    0.165853446    0.164811947
    9.259658007    0.166445882    0.165238177
    9.354144313    0.167078132    0.165608792
    9.448630619    0.167626276    0.165908853
    9.543116926    0.168176347    0.166128403
    9.637603232    0.168697254    0.166251677
    9.732089538    0.169129998    0.166258301
    9.826575844    0.169578293    0.166130875
    9.921062150    0.169903220    0.165839229
   10.015548456    0.170190183    0.165356060
   10.110034763    0.170400931    0.164644813
   10.204521069    0.170459866    0.163659879
   10.299007375    0.170471764    0.162355052
   10.393493681    0.170272293    0.160664548
   10.487979987    0.169939263    0.158519953
   10.582466294    0.169416470    0.155835673
   10.676952600    0.168597354    0.152507339
   10.771438906    0.167576596    0.148421090
   10.865925212    0.166142647    0.143429130
   10.960411518    0.164347647    0.137368393
   11.054897825    0.162091488    0.130041515
   11.149384131    0.159203769    0.121212258
   11.243870437    0.155738601    0.110615693
   11.338356743    0.151388358    0.097924643
   11.432843049    0.146134633    0.082772956
   11.527329356    0.139772823    0.064728051
   11.621815662    0.131994572    0.043284328
   11.716301968    0.122738745    0.017879517
   11.810788274    0.111491752   -0.012151077
   11.905274580    0.098058006   -0.047538857
   11.999760887    0.081989265   -0.089178816
   12.094247193    0.062675086   -0.138023951
   12.188733499    0.039772153   -0.194575662
   12.283219805    0.012327370   -0.258822127
   12.377706111   -0.020256549   -0.330388962
   12.472192418   -0.058956880   -0.408418504
   12.566678724   -0.105009710   -0.491559567
   12.661165030   -0.159363518   -0.577988389
   12.755651336   -0.223844259   -0.665478347
   12.850137642   -0.299799068   -0.751648641
   12.944623948   -0.389201884   -0.834261861
   13.039110255   -0.494354479   -0.911479619
   13.133596561   -0.617089282   -0.981919550
   13.228082867   -0.760476648   -1.044688563
   13.322569173   -0.926748899   -1.099361551
   13.417055479   -1.120899461   -1.145862356
   13.511541786   -1.344782714   -1.184617403
   13.606028092   -1.584505693   -1.216480195
   13.700514398   -1.824063805   -1.242234047
   13.795000704   -2.052429227   -1.262469845
   13.889487010   -2.254568172   -1.277686598
   13.983973317   -2.415281461   -1.288253486
   14.078459623   -2.520089711   -1.294439338
   14.172945929   -2.556450090   -1.296408940
   14.267432235   -2.519890777   -1.294204014
   14.361918541   -2.414875190   -1.287778915
   14.456404848   -2.253977655   -1.276966335
   14.550891154   -2.051643280   -1.261492892
   14.645377460   -1.823100658   -1.240987201
   14.739863766   -1.583370889   -1.214946959
   14.834350072   -1.343466965   -1.182778258
   14.928836379   -1.119417166   -1.143696415
   15.023322685   -0.925071468   -1.096844705
   15.117808991   -0.758597271   -1.041795951
   15.212295297   -0.614982369   -0.978624507
   15.306781603   -0.491975892   -0.907753861
   15.401267910   -0.386530396   -0.830077010
   15.495754216   -0.296771128   -0.746974109
   15.590240522   -0.220421179   -0.660283566
   15.684726828   -0.155491567   -0.572241496
   15.779213134   -0.100621006   -0.485227360
   15.873699440   -0.054011875   -0.401467851
   15.968185747   -0.014677763   -0.322784555
   16.062672053    0.018587153   -0.250528727
   16.157158359    0.046770835   -0.185556810
   16.251644665    0.070480849   -0.128242023
   16.346130971    0.090637665   -0.078596656
   16.440617278    0.107620302   -0.036117700
   16.535103584    0.122005672    0.000146904
   16.629589890    0.134250949    0.031092296
   16.724076196    0.144560795    0.057449819
   16.818562502    0.153414212    0.079882323
   16.913048809    0.160908468    0.098952373
   17.007535115    0.167317134    0.115163301
   17.102021421    0.172854078    0.128946646
   17.196507727    0.177547441    0.140667467
   17.290994033    0.181669592    0.150650161
   17.385480340    0.185204529    0.159159284
   17.479966646    0.188287393    0.166428226
   17.574452952    0.191028749    0.172652938
   17.668939258    0.193387506    0.177995203
   17.763425564    0.195539423    0.182599906
   17.857911871    0.197430456    0.186580642
   17.952398177    0.199131285    0.190039046
   18.046884483    0.200709879    0.193059548
   18.141370789    0.202100833    0.195709633
   18.235857095    0.203431731    0.198052473
   18.330343402    0.204641147    0.200134499
   18.424829708    0.205767662    0.201998965
   18.519316014    0.206862488    0.203681723
   18.613802320    0.207853893    0.205209646
   18.708288626    0.208842522    0.206610660
   18.802774932    0.209770944    0.207902922
   18.897261239    0.210659440    0.209104806
   18.991747545    0.211553196    0.210231791
   19.086233851    0.212381077    0.211293837
   19.180720157    0.213226620    0.212303893
   19.275206463    0.214040491    0.213268566
   19.369692770    0.214830824    0.214195662
   19.464179076    0.215641247    0.215092230
   19.558665382    0.216403579    0.215961300
   19.653151688    0.217188838    0.216809388
   19.747637994    0.217957007    0.217638544
   19.842124301    0.218706908    0.218452006
   19.936610607    0.219482625    0.219253363
   20.031096913    0.220219694    0.220042845
   20.125583219    0.220978877    0.220824094
   20.220069525    0.221729713    0.221597485
   20.314555832    0.222462927    0.222364188
   20.409042138    0.223223948    0.223126400
   20.503528444    0.223952182    0.223883286
   20.598014750    0.224699227    0.224637091
   20.692501056    0.225444283    0.225387719
   20.786987363    0.226170424    0.226135314
   20.881473669    0.226924917    0.226881535
   20.975959975    0.227651027    0.227625201
   21.070446281    0.228391557    0.228367779
   21.164932587    0.229135582    0.229109211
   21.259418893    0.229858476    0.229849046
   21.353905200    0.230609710    0.230588762
   21.448391506    0.231336452    0.231327151
   21.542877812    0.232072599    0.232065124
   21.637364118    0.232817630    0.232802904
   21.731850424    0.233538760    0.233539602
   21.826336731    0.234288017    0.234276664
   21.920823037    0.235016646    0.235013008
   22.015309343    0.235749044    0.235749046
   22.109795649    0.236496083    0.236485428
   22.204281955    0.237215941    0.237220858
   22.298768262    0.237963653    0.237956811
   22.393254568    0.238694916    0.238692436
   22.487740874    0.239423485    0.239427590
   22.582227180    0.240173241    0.240163495
   22.676713486    0.240891891    0.240898404
   22.771199793    0.241638098    0.241633849
   22.865686099    0.242372674    0.242369319
   22.960172405    0.243096850    0.243103969
   23.054658711    0.243850072    0.243839794
   23.149145017    0.244567343    0.244574477
   23.243631324    0.245311851    0.245309614
   23.338117630    0.246050623    0.246045215
   23.432603936    0.246769357    0.246779434
   23.527090242    0.247527073    0.247515389
   23.621576548    0.248242593    0.248249959
   23.716062855    0.248984976    0.248984803
   23.810549161    0.249729280    0.249720783
   23.905035467    0.250440816    0.250454443
   23.999521773    0.251204627    0.251190730
   24.094008079    0.251917756    0.251925229
   24.188494385    0.252657260    0.252659627
   24.282980692    0.253409284    0.253396396
   24.377466998    0.254110601    0.254129063
   24.471953304    0.254883172    0.254866059
   24.566439610    0.255592789    0.255600498
   24.660925916    0.256328011    0.256333923
   24.755412223    0.257091670    0.257072637
   24.849898529    0.257777412    0.257802808
   24.944384835    0.258563658    0.258541795
   25.038871141    0.259267765    0.259276168
   25.133357447    0.259996082    0.260006037
   25.227843754    0.260779038    0.260753279
   25.322330060    0.261438394    0.261469641
   25.416816366    0.262248358    0.262224686
   25.511302672    0.262942729    0.262958975
   25.605788978    0.263658215    0.263309510
   25.700275285    0.264477947    0.263203160
   25.794761591    0.265085340    0.262731801
   25.889247897    0.265943720    0.261824675
   25.983734203    0.266617686    0.260517464
   26.078220509    0.267303521    0.258811387
   26.172706816    0.268211983    0.256675852
   26.267193122    0.268685925    0.254156612
   26.361679428    0.269677949    0.251210057
   26.456165734    0.270292637    0.247861284
   26.550652040    0.270868543    0.244115501
   26.645138347    0.272149487    0.239932569
   26.739624653    0.271936488    0.235383585
   26.834110959    0.273847210    0.230380885
   26.928597265    0.273967582    0.224990414
   27.023083571    0.262784347    0.219582279
   27.117569877    0.249360402    0.214212225
   27.212056184    0.238797169    0.208808766
   27.306542490    0.225989687    0.203427657
   27.401028796    0.214359642    0.198036527
   27.495515102    0.202704406    0.192644323
   27.590001408    0.190126409    0.187261558
   27.684487715    0.178995232    0.181864640
   27.778974021    0.166434213    0.176482398
   27.873460327    0.154751698    0.171089354
   27.967946633    0.143148497    0.165699048
   28.062432939    0.130325174    0.160317454
   28.156919246    0.119760532    0.154913948
   28.251405552    0.106354708    0.149544454
