#  E (eV)   dos(E)     Int dos(E) EFermi =   -1.613 eV
 -24.000  0.1312E-84  0.2623E-86
 -23.980  0.1312E-84  0.5247E-86
 -23.960  0.1312E-84  0.7870E-86
 -23.940  0.1312E-84  0.1049E-85
 -23.920  0.1312E-84  0.1312E-85
 -23.900  0.1312E-84  0.1574E-85
 -23.880  0.1312E-84  0.1836E-85
 -23.860  0.1312E-84  0.2099E-85
 -23.840  0.1312E-84  0.2361E-85
 -23.820  0.1312E-84  0.2623E-85
 -23.800  0.1312E-84  0.2886E-85
 -23.780  0.1312E-84  0.3148E-85
 -23.760  0.1312E-84  0.3410E-85
 -23.740  0.1312E-84  0.3673E-85
 -23.720  0.1312E-84  0.3935E-85
 -23.700  0.1312E-84  0.4197E-85
 -23.680  0.1312E-84  0.4460E-85
 -23.660  0.1312E-84  0.4722E-85
 -23.640  0.1312E-84  0.4984E-85
 -23.620  0.1312E-84  0.5247E-85
 -23.600  0.1312E-84  0.5509E-85
 -23.580  0.1312E-84  0.5771E-85
 -23.560  0.1312E-84  0.6034E-85
 -23.540  0.1312E-84  0.6296E-85
 -23.520  0.1312E-84  0.6558E-85
 -23.500  0.1312E-84  0.6821E-85
 -23.480  0.1312E-84  0.7083E-85
 -23.460  0.1312E-84  0.7345E-85
 -23.440  0.1312E-84  0.7608E-85
 -23.420  0.1312E-84  0.7870E-85
 -23.400  0.1312E-84  0.8132E-85
 -23.380  0.1312E-84  0.8395E-85
 -23.360  0.1312E-84  0.8657E-85
 -23.340  0.1312E-84  0.8919E-85
 -23.320  0.1312E-84  0.9182E-85
 -23.300  0.1312E-84  0.9444E-85
 -23.280  0.1312E-84  0.9706E-85
 -23.260  0.1312E-84  0.9969E-85
 -23.240  0.1312E-84  0.1023E-84
 -23.220  0.1312E-84  0.1049E-84
 -23.200  0.1312E-84  0.1076E-84
 -23.180  0.1312E-84  0.1102E-84
 -23.160  0.1312E-84  0.1128E-84
 -23.140  0.1312E-84  0.1154E-84
 -23.120  0.1312E-84  0.1181E-84
 -23.100  0.1312E-84  0.1207E-84
 -23.080  0.1312E-84  0.1233E-84
 -23.060  0.1312E-84  0.1259E-84
 -23.040  0.1312E-84  0.1285E-84
 -23.020  0.1312E-84  0.1312E-84
 -23.000  0.1312E-84  0.1338E-84
 -22.980  0.1312E-84  0.1364E-84
 -22.960  0.1312E-84  0.1390E-84
 -22.940  0.1312E-84  0.1417E-84
 -22.920  0.1312E-84  0.1443E-84
 -22.900  0.1312E-84  0.1469E-84
 -22.880  0.1312E-84  0.1495E-84
 -22.860  0.1312E-84  0.1522E-84
 -22.840  0.1312E-84  0.1548E-84
 -22.820  0.1312E-84  0.1574E-84
 -22.800  0.1312E-84  0.1600E-84
 -22.780  0.1312E-84  0.1626E-84
 -22.760  0.1312E-84  0.1653E-84
 -22.740  0.1312E-84  0.1679E-84
 -22.720  0.1312E-84  0.1705E-84
 -22.700  0.1312E-84  0.1731E-84
 -22.680  0.1312E-84  0.1758E-84
 -22.660  0.1312E-84  0.1784E-84
 -22.640  0.1312E-84  0.1810E-84
 -22.620  0.1312E-84  0.1836E-84
 -22.600  0.1312E-84  0.1863E-84
 -22.580  0.1312E-84  0.1889E-84
 -22.560  0.1312E-84  0.1915E-84
 -22.540  0.1312E-84  0.1941E-84
 -22.520  0.1312E-84  0.1968E-84
 -22.500  0.1312E-84  0.1994E-84
 -22.480  0.1312E-84  0.2020E-84
 -22.460  0.1323E-84  0.2046E-84
 -22.440  0.5475E-84  0.2156E-84
 -22.420  0.1308E-81  0.2831E-83
 -22.400  0.3754E-79  0.7535E-81
 -22.380  0.9877E-77  0.1983E-78
 -22.360  0.2380E-74  0.4780E-76
 -22.340  0.5253E-72  0.1055E-73
 -22.320  0.1062E-69  0.2134E-71
 -22.300  0.1965E-67  0.3952E-69
 -22.280  0.3332E-65  0.6703E-67
 -22.260  0.5173E-63  0.1041E-64
 -22.240  0.7355E-61  0.1481E-62
 -22.220  0.9579E-59  0.1931E-60
 -22.200  0.1143E-56  0.2305E-58
 -22.180  0.1248E-54  0.2520E-56
 -22.160  0.1249E-52  0.2523E-54
 -22.140  0.1145E-50  0.2315E-52
 -22.120  0.9609E-49  0.1945E-50
 -22.100  0.7388E-47  0.1497E-48
 -22.080  0.5203E-45  0.1056E-46
 -22.060  0.3356E-43  0.6818E-45
 -22.040  0.1983E-41  0.4035E-43
 -22.020  0.1073E-39  0.2187E-41
 -22.000  0.5322E-38  0.1086E-39
 -21.980  0.2417E-36  0.4943E-38
 -21.960  0.1006E-34  0.2061E-36
 -21.940  0.3833E-33  0.7873E-35
 -21.920  0.1339E-31  0.2756E-33
 -21.900  0.4282E-30  0.8839E-32
 -21.880  0.1255E-28  0.2598E-30
 -21.860  0.3370E-27  0.7000E-29
 -21.840  0.8291E-26  0.1728E-27
 -21.820  0.1869E-24  0.3911E-26
 -21.800  0.3861E-23  0.8112E-25
 -21.780  0.7308E-22  0.1543E-23
 -21.760  0.1268E-20  0.2689E-22
 -21.740  0.2015E-19  0.4299E-21
 -21.720  0.2936E-18  0.6302E-20
 -21.700  0.3920E-17  0.8471E-19
 -21.680  0.4799E-16  0.1044E-17
 -21.660  0.5384E-15  0.1181E-16
 -21.640  0.5539E-14  0.1226E-15
 -21.620  0.5224E-13  0.1167E-14
 -21.600  0.4518E-12  0.1020E-13
 -21.580  0.3583E-11  0.8186E-13
 -21.560  0.2606E-10  0.6032E-12
 -21.540  0.1739E-09  0.4082E-11
 -21.520  0.1065E-08  0.2538E-10
 -21.500  0.5982E-08  0.1450E-09
 -21.480  0.3084E-07  0.7619E-09
 -21.460  0.1460E-06  0.3682E-08
 -21.440  0.6348E-06  0.1638E-07
 -21.420  0.2535E-05  0.6707E-07
 -21.400  0.9302E-05  0.2531E-06
 -21.380  0.3138E-04  0.8808E-06
 -21.360  0.9739E-04  0.2828E-05
 -21.340  0.2781E-03  0.8391E-05
 -21.320  0.7317E-03  0.2302E-04
 -21.300  0.1774E-02  0.5851E-04
 -21.280  0.3969E-02  0.1379E-03
 -21.260  0.8204E-02  0.3020E-03
 -21.240  0.1569E-01  0.6158E-03
 -21.220  0.2781E-01  0.1172E-02
 -21.200  0.4580E-01  0.2088E-02
 -21.180  0.7025E-01  0.3493E-02
 -21.160  0.1007E+00  0.5507E-02
 -21.140  0.1354E+00  0.8216E-02
 -21.120  0.1718E+00  0.1165E-01
 -21.100  0.2065E+00  0.1578E-01
 -21.080  0.2371E+00  0.2052E-01
 -21.060  0.2616E+00  0.2576E-01
 -21.040  0.2797E+00  0.3135E-01
 -21.020  0.2920E+00  0.3719E-01
 -21.000  0.2996E+00  0.4318E-01
 -20.980  0.3039E+00  0.4926E-01
 -20.960  0.3062E+00  0.5538E-01
 -20.940  0.3073E+00  0.6153E-01
 -20.920  0.3078E+00  0.6768E-01
 -20.900  0.3081E+00  0.7385E-01
 -20.880  0.3082E+00  0.8001E-01
 -20.860  0.3083E+00  0.8617E-01
 -20.840  0.3084E+00  0.9234E-01
 -20.820  0.3084E+00  0.9851E-01
 -20.800  0.3085E+00  0.1047E+00
 -20.780  0.3086E+00  0.1109E+00
 -20.760  0.3086E+00  0.1170E+00
 -20.740  0.3087E+00  0.1232E+00
 -20.720  0.3088E+00  0.1294E+00
 -20.700  0.3089E+00  0.1356E+00
 -20.680  0.3089E+00  0.1417E+00
 -20.660  0.3090E+00  0.1479E+00
 -20.640  0.3091E+00  0.1541E+00
 -20.620  0.3091E+00  0.1603E+00
 -20.600  0.3092E+00  0.1665E+00
 -20.580  0.3093E+00  0.1726E+00
 -20.560  0.3094E+00  0.1788E+00
 -20.540  0.3094E+00  0.1850E+00
 -20.520  0.3095E+00  0.1912E+00
 -20.500  0.3096E+00  0.1974E+00
 -20.480  0.3096E+00  0.2036E+00
 -20.460  0.3097E+00  0.2098E+00
 -20.440  0.3098E+00  0.2160E+00
 -20.420  0.3099E+00  0.2222E+00
 -20.400  0.3099E+00  0.2284E+00
 -20.380  0.3100E+00  0.2346E+00
 -20.360  0.3101E+00  0.2408E+00
 -20.340  0.3102E+00  0.2470E+00
 -20.320  0.3103E+00  0.2532E+00
 -20.300  0.3103E+00  0.2594E+00
 -20.280  0.3104E+00  0.2656E+00
 -20.260  0.3105E+00  0.2718E+00
 -20.240  0.3106E+00  0.2780E+00
 -20.220  0.3106E+00  0.2842E+00
 -20.200  0.3107E+00  0.2905E+00
 -20.180  0.3108E+00  0.2967E+00
 -20.160  0.3109E+00  0.3029E+00
 -20.140  0.3110E+00  0.3091E+00
 -20.120  0.3110E+00  0.3153E+00
 -20.100  0.3111E+00  0.3216E+00
 -20.080  0.3112E+00  0.3278E+00
 -20.060  0.3113E+00  0.3340E+00
 -20.040  0.3114E+00  0.3402E+00
 -20.020  0.3114E+00  0.3465E+00
 -20.000  0.3115E+00  0.3527E+00
 -19.980  0.3116E+00  0.3589E+00
 -19.960  0.3117E+00  0.3652E+00
 -19.940  0.3118E+00  0.3714E+00
 -19.920  0.3119E+00  0.3776E+00
 -19.900  0.3120E+00  0.3839E+00
 -19.880  0.3120E+00  0.3901E+00
 -19.860  0.3121E+00  0.3963E+00
 -19.840  0.3122E+00  0.4026E+00
 -19.820  0.3123E+00  0.4088E+00
 -19.800  0.3124E+00  0.4151E+00
 -19.780  0.3125E+00  0.4213E+00
 -19.760  0.3126E+00  0.4276E+00
 -19.740  0.3127E+00  0.4338E+00
 -19.720  0.3127E+00  0.4401E+00
 -19.700  0.3128E+00  0.4464E+00
 -19.680  0.3129E+00  0.4526E+00
 -19.660  0.3130E+00  0.4589E+00
 -19.640  0.3131E+00  0.4651E+00
 -19.620  0.3132E+00  0.4714E+00
 -19.600  0.3133E+00  0.4777E+00
 -19.580  0.3134E+00  0.4839E+00
 -19.560  0.3135E+00  0.4902E+00
 -19.540  0.3136E+00  0.4965E+00
 -19.520  0.3137E+00  0.5027E+00
 -19.500  0.3138E+00  0.5090E+00
 -19.480  0.3138E+00  0.5153E+00
 -19.460  0.3139E+00  0.5216E+00
 -19.440  0.3140E+00  0.5279E+00
 -19.420  0.3141E+00  0.5341E+00
 -19.400  0.3142E+00  0.5404E+00
 -19.380  0.3143E+00  0.5467E+00
 -19.360  0.3144E+00  0.5530E+00
 -19.340  0.3145E+00  0.5593E+00
 -19.320  0.3146E+00  0.5656E+00
 -19.300  0.3147E+00  0.5719E+00
 -19.280  0.3148E+00  0.5782E+00
 -19.260  0.3149E+00  0.5845E+00
 -19.240  0.3150E+00  0.5908E+00
 -19.220  0.3151E+00  0.5971E+00
 -19.200  0.3152E+00  0.6034E+00
 -19.180  0.3153E+00  0.6097E+00
 -19.160  0.3155E+00  0.6160E+00
 -19.140  0.3156E+00  0.6223E+00
 -19.120  0.3157E+00  0.6286E+00
 -19.100  0.3158E+00  0.6349E+00
 -19.080  0.3159E+00  0.6413E+00
 -19.060  0.3160E+00  0.6476E+00
 -19.040  0.3161E+00  0.6539E+00
 -19.020  0.3162E+00  0.6602E+00
 -19.000  0.3163E+00  0.6665E+00
 -18.980  0.3164E+00  0.6729E+00
 -18.960  0.3165E+00  0.6792E+00
 -18.940  0.3167E+00  0.6855E+00
 -18.920  0.3168E+00  0.6919E+00
 -18.900  0.3169E+00  0.6982E+00
 -18.880  0.3170E+00  0.7046E+00
 -18.860  0.3171E+00  0.7109E+00
 -18.840  0.3172E+00  0.7172E+00
 -18.820  0.3174E+00  0.7236E+00
 -18.800  0.3175E+00  0.7299E+00
 -18.780  0.3176E+00  0.7363E+00
 -18.760  0.3177E+00  0.7426E+00
 -18.740  0.3178E+00  0.7490E+00
 -18.720  0.3180E+00  0.7554E+00
 -18.700  0.3181E+00  0.7617E+00
 -18.680  0.3182E+00  0.7681E+00
 -18.660  0.3183E+00  0.7745E+00
 -18.640  0.3185E+00  0.7808E+00
 -18.620  0.3186E+00  0.7872E+00
 -18.600  0.3187E+00  0.7936E+00
 -18.580  0.3189E+00  0.7999E+00
 -18.560  0.3190E+00  0.8063E+00
 -18.540  0.3191E+00  0.8127E+00
 -18.520  0.3193E+00  0.8191E+00
 -18.500  0.3194E+00  0.8255E+00
 -18.480  0.3195E+00  0.8319E+00
 -18.460  0.3197E+00  0.8383E+00
 -18.440  0.3198E+00  0.8447E+00
 -18.420  0.3200E+00  0.8511E+00
 -18.400  0.3201E+00  0.8575E+00
 -18.380  0.3202E+00  0.8639E+00
 -18.360  0.3204E+00  0.8703E+00
 -18.340  0.3205E+00  0.8767E+00
 -18.320  0.3207E+00  0.8831E+00
 -18.300  0.3208E+00  0.8895E+00
 -18.280  0.3210E+00  0.8959E+00
 -18.260  0.3211E+00  0.9024E+00
 -18.240  0.3213E+00  0.9088E+00
 -18.220  0.3214E+00  0.9152E+00
 -18.200  0.3216E+00  0.9216E+00
 -18.180  0.3217E+00  0.9281E+00
 -18.160  0.3219E+00  0.9345E+00
 -18.140  0.3221E+00  0.9410E+00
 -18.120  0.3222E+00  0.9474E+00
 -18.100  0.3224E+00  0.9538E+00
 -18.080  0.3226E+00  0.9603E+00
 -18.060  0.3227E+00  0.9668E+00
 -18.040  0.3229E+00  0.9732E+00
 -18.020  0.3231E+00  0.9797E+00
 -18.000  0.3232E+00  0.9861E+00
 -17.980  0.3234E+00  0.9926E+00
 -17.960  0.3236E+00  0.9991E+00
 -17.940  0.3238E+00  0.1006E+01
 -17.920  0.3239E+00  0.1012E+01
 -17.900  0.3241E+00  0.1019E+01
 -17.880  0.3243E+00  0.1025E+01
 -17.860  0.3245E+00  0.1031E+01
 -17.840  0.3247E+00  0.1038E+01
 -17.820  0.3249E+00  0.1044E+01
 -17.800  0.3251E+00  0.1051E+01
 -17.780  0.3253E+00  0.1057E+01
 -17.760  0.3255E+00  0.1064E+01
 -17.740  0.3257E+00  0.1071E+01
 -17.720  0.3259E+00  0.1077E+01
 -17.700  0.3261E+00  0.1084E+01
 -17.680  0.3263E+00  0.1090E+01
 -17.660  0.3266E+00  0.1097E+01
 -17.640  0.3268E+00  0.1103E+01
 -17.620  0.3270E+00  0.1110E+01
 -17.600  0.3272E+00  0.1116E+01
 -17.580  0.3275E+00  0.1123E+01
 -17.560  0.3277E+00  0.1129E+01
 -17.540  0.3279E+00  0.1136E+01
 -17.520  0.3282E+00  0.1142E+01
 -17.500  0.3284E+00  0.1149E+01
 -17.480  0.3287E+00  0.1156E+01
 -17.460  0.3289E+00  0.1162E+01
 -17.440  0.3292E+00  0.1169E+01
 -17.420  0.3294E+00  0.1175E+01
 -17.400  0.3297E+00  0.1182E+01
 -17.380  0.3300E+00  0.1189E+01
 -17.360  0.3303E+00  0.1195E+01
 -17.340  0.3305E+00  0.1202E+01
 -17.320  0.3308E+00  0.1208E+01
 -17.300  0.3311E+00  0.1215E+01
 -17.280  0.3314E+00  0.1222E+01
 -17.260  0.3317E+00  0.1228E+01
 -17.240  0.3320E+00  0.1235E+01
 -17.220  0.3323E+00  0.1242E+01
 -17.200  0.3327E+00  0.1248E+01
 -17.180  0.3330E+00  0.1255E+01
 -17.160  0.3334E+00  0.1262E+01
 -17.140  0.3337E+00  0.1268E+01
 -17.120  0.3340E+00  0.1275E+01
 -17.100  0.3344E+00  0.1282E+01
 -17.080  0.3348E+00  0.1288E+01
 -17.060  0.3352E+00  0.1295E+01
 -17.040  0.3356E+00  0.1302E+01
 -17.020  0.3359E+00  0.1308E+01
 -17.000  0.3363E+00  0.1315E+01
 -16.980  0.3368E+00  0.1322E+01
 -16.960  0.3372E+00  0.1329E+01
 -16.940  0.3377E+00  0.1335E+01
 -16.920  0.3381E+00  0.1342E+01
 -16.900  0.3386E+00  0.1349E+01
 -16.880  0.3391E+00  0.1356E+01
 -16.860  0.3396E+00  0.1362E+01
 -16.840  0.3401E+00  0.1369E+01
 -16.820  0.3406E+00  0.1376E+01
 -16.800  0.3411E+00  0.1383E+01
 -16.780  0.3417E+00  0.1390E+01
 -16.760  0.3423E+00  0.1397E+01
 -16.740  0.3430E+00  0.1403E+01
 -16.720  0.3436E+00  0.1410E+01
 -16.700  0.3442E+00  0.1417E+01
 -16.680  0.3449E+00  0.1424E+01
 -16.660  0.3456E+00  0.1431E+01
 -16.640  0.3464E+00  0.1438E+01
 -16.620  0.3471E+00  0.1445E+01
 -16.600  0.3479E+00  0.1452E+01
 -16.580  0.3487E+00  0.1459E+01
 -16.560  0.3496E+00  0.1466E+01
 -16.540  0.3505E+00  0.1473E+01
 -16.520  0.3515E+00  0.1480E+01
 -16.500  0.3525E+00  0.1487E+01
 -16.480  0.3535E+00  0.1494E+01
 -16.460  0.3546E+00  0.1501E+01
 -16.440  0.3558E+00  0.1508E+01
 -16.420  0.3571E+00  0.1515E+01
 -16.400  0.3584E+00  0.1522E+01
 -16.380  0.3597E+00  0.1530E+01
 -16.360  0.3612E+00  0.1537E+01
 -16.340  0.3627E+00  0.1544E+01
 -16.320  0.3645E+00  0.1551E+01
 -16.300  0.3664E+00  0.1559E+01
 -16.280  0.3683E+00  0.1566E+01
 -16.260  0.3704E+00  0.1574E+01
 -16.240  0.3727E+00  0.1581E+01
 -16.220  0.3752E+00  0.1589E+01
 -16.200  0.3781E+00  0.1596E+01
 -16.180  0.3813E+00  0.1604E+01
 -16.160  0.3847E+00  0.1611E+01
 -16.140  0.3886E+00  0.1619E+01
 -16.120  0.3932E+00  0.1627E+01
 -16.100  0.3985E+00  0.1635E+01
 -16.080  0.4050E+00  0.1643E+01
 -16.060  0.4127E+00  0.1651E+01
 -16.040  0.4218E+00  0.1660E+01
 -16.020  0.4324E+00  0.1668E+01
 -16.000  0.4445E+00  0.1677E+01
 -15.980  0.4573E+00  0.1686E+01
 -15.960  0.4693E+00  0.1696E+01
 -15.940  0.4788E+00  0.1705E+01
 -15.920  0.4838E+00  0.1715E+01
 -15.900  0.4831E+00  0.1725E+01
 -15.880  0.4762E+00  0.1734E+01
 -15.860  0.4634E+00  0.1744E+01
 -15.840  0.4461E+00  0.1752E+01
 -15.820  0.4262E+00  0.1761E+01
 -15.800  0.4056E+00  0.1769E+01
 -15.780  0.3858E+00  0.1777E+01
 -15.760  0.3678E+00  0.1784E+01
 -15.740  0.3518E+00  0.1791E+01
 -15.720  0.3376E+00  0.1798E+01
 -15.700  0.3249E+00  0.1804E+01
 -15.680  0.3136E+00  0.1811E+01
 -15.660  0.3034E+00  0.1817E+01
 -15.640  0.2941E+00  0.1823E+01
 -15.620  0.2855E+00  0.1828E+01
 -15.600  0.2774E+00  0.1834E+01
 -15.580  0.2697E+00  0.1839E+01
 -15.560  0.2623E+00  0.1845E+01
 -15.540  0.2555E+00  0.1850E+01
 -15.520  0.2490E+00  0.1855E+01
 -15.500  0.2427E+00  0.1860E+01
 -15.480  0.2366E+00  0.1864E+01
 -15.460  0.2306E+00  0.1869E+01
 -15.440  0.2249E+00  0.1873E+01
 -15.420  0.2195E+00  0.1878E+01
 -15.400  0.2143E+00  0.1882E+01
 -15.380  0.2092E+00  0.1886E+01
 -15.360  0.2041E+00  0.1890E+01
 -15.340  0.1991E+00  0.1894E+01
 -15.320  0.1944E+00  0.1898E+01
 -15.300  0.1898E+00  0.1902E+01
 -15.280  0.1854E+00  0.1906E+01
 -15.260  0.1809E+00  0.1909E+01
 -15.240  0.1765E+00  0.1913E+01
 -15.220  0.1722E+00  0.1916E+01
 -15.200  0.1681E+00  0.1920E+01
 -15.180  0.1641E+00  0.1923E+01
 -15.160  0.1601E+00  0.1926E+01
 -15.140  0.1561E+00  0.1929E+01
 -15.120  0.1522E+00  0.1932E+01
 -15.100  0.1484E+00  0.1935E+01
 -15.080  0.1448E+00  0.1938E+01
 -15.060  0.1413E+00  0.1941E+01
 -15.040  0.1380E+00  0.1944E+01
 -15.020  0.1353E+00  0.1946E+01
 -15.000  0.1337E+00  0.1949E+01
 -14.980  0.1338E+00  0.1952E+01
 -14.960  0.1367E+00  0.1955E+01
 -14.940  0.1432E+00  0.1957E+01
 -14.920  0.1543E+00  0.1960E+01
 -14.900  0.1704E+00  0.1964E+01
 -14.880  0.1909E+00  0.1968E+01
 -14.860  0.2145E+00  0.1972E+01
 -14.840  0.2390E+00  0.1977E+01
 -14.820  0.2623E+00  0.1982E+01
 -14.800  0.2824E+00  0.1988E+01
 -14.780  0.2985E+00  0.1994E+01
 -14.760  0.3101E+00  0.2000E+01
 -14.740  0.3179E+00  0.2006E+01
 -14.720  0.3226E+00  0.2013E+01
 -14.700  0.3253E+00  0.2019E+01
 -14.680  0.3268E+00  0.2026E+01
 -14.660  0.3275E+00  0.2032E+01
 -14.640  0.3279E+00  0.2039E+01
 -14.620  0.3282E+00  0.2045E+01
 -14.600  0.3283E+00  0.2052E+01
 -14.580  0.3285E+00  0.2059E+01
 -14.560  0.3286E+00  0.2065E+01
 -14.540  0.3288E+00  0.2072E+01
 -14.520  0.3289E+00  0.2078E+01
 -14.500  0.3291E+00  0.2085E+01
 -14.480  0.3292E+00  0.2091E+01
 -14.460  0.3294E+00  0.2098E+01
 -14.440  0.3295E+00  0.2105E+01
 -14.420  0.3297E+00  0.2111E+01
 -14.400  0.3299E+00  0.2118E+01
 -14.380  0.3301E+00  0.2124E+01
 -14.360  0.3303E+00  0.2131E+01
 -14.340  0.3307E+00  0.2138E+01
 -14.320  0.3314E+00  0.2144E+01
 -14.300  0.3324E+00  0.2151E+01
 -14.280  0.3340E+00  0.2158E+01
 -14.260  0.3364E+00  0.2164E+01
 -14.240  0.3399E+00  0.2171E+01
 -14.220  0.3447E+00  0.2178E+01
 -14.200  0.3511E+00  0.2185E+01
 -14.180  0.3592E+00  0.2192E+01
 -14.160  0.3692E+00  0.2200E+01
 -14.140  0.3812E+00  0.2207E+01
 -14.120  0.3952E+00  0.2215E+01
 -14.100  0.4110E+00  0.2223E+01
 -14.080  0.4281E+00  0.2232E+01
 -14.060  0.4454E+00  0.2241E+01
 -14.040  0.4615E+00  0.2250E+01
 -14.020  0.4748E+00  0.2260E+01
 -14.000  0.4837E+00  0.2269E+01
 -13.980  0.4872E+00  0.2279E+01
 -13.960  0.4854E+00  0.2289E+01
 -13.940  0.4789E+00  0.2298E+01
 -13.920  0.4693E+00  0.2308E+01
 -13.900  0.4580E+00  0.2317E+01
 -13.880  0.4465E+00  0.2326E+01
 -13.860  0.4357E+00  0.2334E+01
 -13.840  0.4262E+00  0.2343E+01
 -13.820  0.4179E+00  0.2351E+01
 -13.800  0.4108E+00  0.2360E+01
 -13.780  0.4046E+00  0.2368E+01
 -13.760  0.3992E+00  0.2376E+01
 -13.740  0.3944E+00  0.2383E+01
 -13.720  0.3901E+00  0.2391E+01
 -13.700  0.3861E+00  0.2399E+01
 -13.680  0.3824E+00  0.2407E+01
 -13.660  0.3790E+00  0.2414E+01
 -13.640  0.3757E+00  0.2422E+01
 -13.620  0.3726E+00  0.2429E+01
 -13.600  0.3697E+00  0.2437E+01
 -13.580  0.3669E+00  0.2444E+01
 -13.560  0.3643E+00  0.2451E+01
 -13.540  0.3617E+00  0.2458E+01
 -13.520  0.3592E+00  0.2466E+01
 -13.500  0.3568E+00  0.2473E+01
 -13.480  0.3545E+00  0.2480E+01
 -13.460  0.3523E+00  0.2487E+01
 -13.440  0.3501E+00  0.2494E+01
 -13.420  0.3480E+00  0.2501E+01
 -13.400  0.3459E+00  0.2508E+01
 -13.380  0.3439E+00  0.2515E+01
 -13.360  0.3420E+00  0.2521E+01
 -13.340  0.3401E+00  0.2528E+01
 -13.320  0.3382E+00  0.2535E+01
 -13.300  0.3363E+00  0.2542E+01
 -13.280  0.3346E+00  0.2548E+01
 -13.260  0.3328E+00  0.2555E+01
 -13.240  0.3311E+00  0.2562E+01
 -13.220  0.3294E+00  0.2568E+01
 -13.200  0.3277E+00  0.2575E+01
 -13.180  0.3261E+00  0.2581E+01
 -13.160  0.3245E+00  0.2588E+01
 -13.140  0.3229E+00  0.2594E+01
 -13.120  0.3213E+00  0.2601E+01
 -13.100  0.3198E+00  0.2607E+01
 -13.080  0.3182E+00  0.2614E+01
 -13.060  0.3168E+00  0.2620E+01
 -13.040  0.3153E+00  0.2626E+01
 -13.020  0.3138E+00  0.2632E+01
 -13.000  0.3124E+00  0.2639E+01
 -12.980  0.3110E+00  0.2645E+01
 -12.960  0.3096E+00  0.2651E+01
 -12.940  0.3082E+00  0.2657E+01
 -12.920  0.3068E+00  0.2663E+01
 -12.900  0.3055E+00  0.2670E+01
 -12.880  0.3041E+00  0.2676E+01
 -12.860  0.3028E+00  0.2682E+01
 -12.840  0.3015E+00  0.2688E+01
 -12.820  0.3002E+00  0.2694E+01
 -12.800  0.2989E+00  0.2700E+01
 -12.780  0.2976E+00  0.2706E+01
 -12.760  0.2964E+00  0.2712E+01
 -12.740  0.2951E+00  0.2717E+01
 -12.720  0.2939E+00  0.2723E+01
 -12.700  0.2927E+00  0.2729E+01
 -12.680  0.2915E+00  0.2735E+01
 -12.660  0.2903E+00  0.2741E+01
 -12.640  0.2891E+00  0.2747E+01
 -12.620  0.2879E+00  0.2752E+01
 -12.600  0.2868E+00  0.2758E+01
 -12.580  0.2856E+00  0.2764E+01
 -12.560  0.2845E+00  0.2770E+01
 -12.540  0.2833E+00  0.2775E+01
 -12.520  0.2822E+00  0.2781E+01
 -12.500  0.2811E+00  0.2786E+01
 -12.480  0.2800E+00  0.2792E+01
 -12.460  0.2789E+00  0.2798E+01
 -12.440  0.2778E+00  0.2803E+01
 -12.420  0.2767E+00  0.2809E+01
 -12.400  0.2757E+00  0.2814E+01
 -12.380  0.2747E+00  0.2820E+01
 -12.360  0.2738E+00  0.2825E+01
 -12.340  0.2731E+00  0.2831E+01
 -12.320  0.2728E+00  0.2836E+01
 -12.300  0.2733E+00  0.2842E+01
 -12.280  0.2748E+00  0.2847E+01
 -12.260  0.2778E+00  0.2853E+01
 -12.240  0.2827E+00  0.2858E+01
 -12.220  0.2896E+00  0.2864E+01
 -12.200  0.2983E+00  0.2870E+01
 -12.180  0.3082E+00  0.2876E+01
 -12.160  0.3186E+00  0.2883E+01
 -12.140  0.3284E+00  0.2889E+01
 -12.120  0.3369E+00  0.2896E+01
 -12.100  0.3438E+00  0.2903E+01
 -12.080  0.3489E+00  0.2910E+01
 -12.060  0.3523E+00  0.2917E+01
 -12.040  0.3546E+00  0.2924E+01
 -12.020  0.3559E+00  0.2931E+01
 -12.000  0.3568E+00  0.2938E+01
 -11.980  0.3574E+00  0.2945E+01
 -11.960  0.3579E+00  0.2952E+01
 -11.940  0.3583E+00  0.2960E+01
 -11.920  0.3586E+00  0.2967E+01
 -11.900  0.3590E+00  0.2974E+01
 -11.880  0.3593E+00  0.2981E+01
 -11.860  0.3597E+00  0.2988E+01
 -11.840  0.3601E+00  0.2996E+01
 -11.820  0.3604E+00  0.3003E+01
 -11.800  0.3608E+00  0.3010E+01
 -11.780  0.3612E+00  0.3017E+01
 -11.760  0.3615E+00  0.3024E+01
 -11.740  0.3619E+00  0.3032E+01
 -11.720  0.3623E+00  0.3039E+01
 -11.700  0.3627E+00  0.3046E+01
 -11.680  0.3631E+00  0.3053E+01
 -11.660  0.3635E+00  0.3061E+01
 -11.640  0.3638E+00  0.3068E+01
 -11.620  0.3642E+00  0.3075E+01
 -11.600  0.3646E+00  0.3083E+01
 -11.580  0.3650E+00  0.3090E+01
 -11.560  0.3654E+00  0.3097E+01
 -11.540  0.3659E+00  0.3104E+01
 -11.520  0.3663E+00  0.3112E+01
 -11.500  0.3667E+00  0.3119E+01
 -11.480  0.3671E+00  0.3126E+01
 -11.460  0.3675E+00  0.3134E+01
 -11.440  0.3680E+00  0.3141E+01
 -11.420  0.3684E+00  0.3149E+01
 -11.400  0.3689E+00  0.3156E+01
 -11.380  0.3693E+00  0.3163E+01
 -11.360  0.3697E+00  0.3171E+01
 -11.340  0.3702E+00  0.3178E+01
 -11.320  0.3706E+00  0.3186E+01
 -11.300  0.3711E+00  0.3193E+01
 -11.280  0.3716E+00  0.3200E+01
 -11.260  0.3720E+00  0.3208E+01
 -11.240  0.3724E+00  0.3215E+01
 -11.220  0.3729E+00  0.3223E+01
 -11.200  0.3735E+00  0.3230E+01
 -11.180  0.3740E+00  0.3238E+01
 -11.160  0.3745E+00  0.3245E+01
 -11.140  0.3749E+00  0.3253E+01
 -11.120  0.3753E+00  0.3260E+01
 -11.100  0.3759E+00  0.3268E+01
 -11.080  0.3765E+00  0.3275E+01
 -11.060  0.3770E+00  0.3283E+01
 -11.040  0.3775E+00  0.3290E+01
 -11.020  0.3779E+00  0.3298E+01
 -11.000  0.3784E+00  0.3305E+01
 -10.980  0.3790E+00  0.3313E+01
 -10.960  0.3796E+00  0.3321E+01
 -10.940  0.3802E+00  0.3328E+01
 -10.920  0.3807E+00  0.3336E+01
 -10.900  0.3812E+00  0.3343E+01
 -10.880  0.3816E+00  0.3351E+01
 -10.860  0.3823E+00  0.3359E+01
 -10.840  0.3830E+00  0.3366E+01
 -10.820  0.3836E+00  0.3374E+01
 -10.800  0.3842E+00  0.3382E+01
 -10.780  0.3846E+00  0.3389E+01
 -10.760  0.3851E+00  0.3397E+01
 -10.740  0.3858E+00  0.3405E+01
 -10.720  0.3865E+00  0.3413E+01
 -10.700  0.3873E+00  0.3420E+01
 -10.680  0.3878E+00  0.3428E+01
 -10.660  0.3883E+00  0.3436E+01
 -10.640  0.3888E+00  0.3444E+01
 -10.620  0.3895E+00  0.3451E+01
 -10.600  0.3903E+00  0.3459E+01
 -10.580  0.3911E+00  0.3467E+01
 -10.560  0.3917E+00  0.3475E+01
 -10.540  0.3923E+00  0.3483E+01
 -10.520  0.3928E+00  0.3491E+01
 -10.500  0.3935E+00  0.3498E+01
 -10.480  0.3944E+00  0.3506E+01
 -10.460  0.3952E+00  0.3514E+01
 -10.440  0.3959E+00  0.3522E+01
 -10.420  0.3965E+00  0.3530E+01
 -10.400  0.3971E+00  0.3538E+01
 -10.380  0.3978E+00  0.3546E+01
 -10.360  0.3987E+00  0.3554E+01
 -10.340  0.3996E+00  0.3562E+01
 -10.320  0.4004E+00  0.3570E+01
 -10.300  0.4010E+00  0.3578E+01
 -10.280  0.4017E+00  0.3586E+01
 -10.260  0.4025E+00  0.3594E+01
 -10.240  0.4034E+00  0.3602E+01
 -10.220  0.4043E+00  0.3610E+01
 -10.200  0.4052E+00  0.3618E+01
 -10.180  0.4059E+00  0.3626E+01
 -10.160  0.4066E+00  0.3635E+01
 -10.140  0.4075E+00  0.3643E+01
 -10.120  0.4084E+00  0.3651E+01
 -10.100  0.4094E+00  0.3659E+01
 -10.080  0.4103E+00  0.3667E+01
 -10.060  0.4112E+00  0.3676E+01
 -10.040  0.4120E+00  0.3684E+01
 -10.020  0.4129E+00  0.3692E+01
 -10.000  0.4139E+00  0.3700E+01
  -9.980  0.4149E+00  0.3709E+01
  -9.960  0.4159E+00  0.3717E+01
  -9.940  0.4168E+00  0.3725E+01
  -9.920  0.4177E+00  0.3734E+01
  -9.900  0.4187E+00  0.3742E+01
  -9.880  0.4198E+00  0.3750E+01
  -9.860  0.4209E+00  0.3759E+01
  -9.840  0.4220E+00  0.3767E+01
  -9.820  0.4230E+00  0.3776E+01
  -9.800  0.4240E+00  0.3784E+01
  -9.780  0.4251E+00  0.3793E+01
  -9.760  0.4263E+00  0.3801E+01
  -9.740  0.4275E+00  0.3810E+01
  -9.720  0.4287E+00  0.3818E+01
  -9.700  0.4298E+00  0.3827E+01
  -9.680  0.4309E+00  0.3836E+01
  -9.660  0.4321E+00  0.3844E+01
  -9.640  0.4334E+00  0.3853E+01
  -9.620  0.4347E+00  0.3862E+01
  -9.600  0.4360E+00  0.3870E+01
  -9.580  0.4372E+00  0.3879E+01
  -9.560  0.4385E+00  0.3888E+01
  -9.540  0.4398E+00  0.3897E+01
  -9.520  0.4413E+00  0.3905E+01
  -9.500  0.4427E+00  0.3914E+01
  -9.480  0.4441E+00  0.3923E+01
  -9.460  0.4455E+00  0.3932E+01
  -9.440  0.4470E+00  0.3941E+01
  -9.420  0.4489E+00  0.3950E+01
  -9.400  0.4512E+00  0.3959E+01
  -9.380  0.4544E+00  0.3968E+01
  -9.360  0.4591E+00  0.3977E+01
  -9.340  0.4663E+00  0.3987E+01
  -9.320  0.4774E+00  0.3996E+01
  -9.300  0.4933E+00  0.4006E+01
  -9.280  0.5145E+00  0.4016E+01
  -9.260  0.5409E+00  0.4027E+01
  -9.240  0.5711E+00  0.4039E+01
  -9.220  0.6032E+00  0.4051E+01
  -9.200  0.6346E+00  0.4063E+01
  -9.180  0.6629E+00  0.4077E+01
  -9.160  0.6863E+00  0.4090E+01
  -9.140  0.7043E+00  0.4104E+01
  -9.120  0.7173E+00  0.4119E+01
  -9.100  0.7263E+00  0.4133E+01
  -9.080  0.7325E+00  0.4148E+01
  -9.060  0.7369E+00  0.4163E+01
  -9.040  0.7403E+00  0.4177E+01
  -9.020  0.7430E+00  0.4192E+01
  -9.000  0.7456E+00  0.4207E+01
  -8.980  0.7481E+00  0.4222E+01
  -8.960  0.7507E+00  0.4237E+01
  -8.940  0.7534E+00  0.4252E+01
  -8.920  0.7561E+00  0.4267E+01
  -8.900  0.7588E+00  0.4283E+01
  -8.880  0.7616E+00  0.4298E+01
  -8.860  0.7645E+00  0.4313E+01
  -8.840  0.7675E+00  0.4328E+01
  -8.820  0.7706E+00  0.4344E+01
  -8.800  0.7738E+00  0.4359E+01
  -8.780  0.7771E+00  0.4375E+01
  -8.760  0.7804E+00  0.4390E+01
  -8.740  0.7838E+00  0.4406E+01
  -8.720  0.7874E+00  0.4422E+01
  -8.700  0.7912E+00  0.4438E+01
  -8.680  0.7951E+00  0.4454E+01
  -8.660  0.7991E+00  0.4470E+01
  -8.640  0.8031E+00  0.4486E+01
  -8.620  0.8073E+00  0.4502E+01
  -8.600  0.8118E+00  0.4518E+01
  -8.580  0.8165E+00  0.4534E+01
  -8.560  0.8214E+00  0.4551E+01
  -8.540  0.8265E+00  0.4567E+01
  -8.520  0.8317E+00  0.4584E+01
  -8.500  0.8372E+00  0.4601E+01
  -8.480  0.8430E+00  0.4618E+01
  -8.460  0.8492E+00  0.4635E+01
  -8.440  0.8558E+00  0.4652E+01
  -8.420  0.8627E+00  0.4669E+01
  -8.400  0.8699E+00  0.4686E+01
  -8.380  0.8776E+00  0.4704E+01
  -8.360  0.8860E+00  0.4722E+01
  -8.340  0.8950E+00  0.4739E+01
  -8.320  0.9049E+00  0.4758E+01
  -8.300  0.9156E+00  0.4776E+01
  -8.280  0.9274E+00  0.4794E+01
  -8.260  0.9406E+00  0.4813E+01
  -8.240  0.9558E+00  0.4832E+01
  -8.220  0.9733E+00  0.4852E+01
  -8.200  0.9937E+00  0.4872E+01
  -8.180  0.1017E+01  0.4892E+01
  -8.160  0.1044E+01  0.4913E+01
  -8.140  0.1074E+01  0.4934E+01
  -8.120  0.1105E+01  0.4957E+01
  -8.100  0.1133E+01  0.4979E+01
  -8.080  0.1156E+01  0.5002E+01
  -8.060  0.1170E+01  0.5026E+01
  -8.040  0.1173E+01  0.5049E+01
  -8.020  0.1164E+01  0.5072E+01
  -8.000  0.1144E+01  0.5095E+01
  -7.980  0.1116E+01  0.5118E+01
  -7.960  0.1085E+01  0.5139E+01
  -7.940  0.1053E+01  0.5160E+01
  -7.920  0.1023E+01  0.5181E+01
  -7.900  0.9965E+00  0.5201E+01
  -7.880  0.9729E+00  0.5220E+01
  -7.860  0.9527E+00  0.5239E+01
  -7.840  0.9352E+00  0.5258E+01
  -7.820  0.9198E+00  0.5276E+01
  -7.800  0.9061E+00  0.5295E+01
  -7.780  0.8936E+00  0.5312E+01
  -7.760  0.8822E+00  0.5330E+01
  -7.740  0.8717E+00  0.5347E+01
  -7.720  0.8621E+00  0.5365E+01
  -7.700  0.8530E+00  0.5382E+01
  -7.680  0.8445E+00  0.5399E+01
  -7.660  0.8364E+00  0.5415E+01
  -7.640  0.8287E+00  0.5432E+01
  -7.620  0.8214E+00  0.5448E+01
  -7.600  0.8145E+00  0.5465E+01
  -7.580  0.8080E+00  0.5481E+01
  -7.560  0.8017E+00  0.5497E+01
  -7.540  0.7956E+00  0.5513E+01
  -7.520  0.7897E+00  0.5529E+01
  -7.500  0.7840E+00  0.5544E+01
  -7.480  0.7786E+00  0.5560E+01
  -7.460  0.7734E+00  0.5575E+01
  -7.440  0.7684E+00  0.5591E+01
  -7.420  0.7635E+00  0.5606E+01
  -7.400  0.7587E+00  0.5621E+01
  -7.380  0.7540E+00  0.5636E+01
  -7.360  0.7496E+00  0.5651E+01
  -7.340  0.7454E+00  0.5666E+01
  -7.320  0.7413E+00  0.5681E+01
  -7.300  0.7372E+00  0.5696E+01
  -7.280  0.7332E+00  0.5710E+01
  -7.260  0.7293E+00  0.5725E+01
  -7.240  0.7255E+00  0.5739E+01
  -7.220  0.7219E+00  0.5754E+01
  -7.200  0.7184E+00  0.5768E+01
  -7.180  0.7149E+00  0.5783E+01
  -7.160  0.7114E+00  0.5797E+01
  -7.140  0.7080E+00  0.5811E+01
  -7.120  0.7047E+00  0.5825E+01
  -7.100  0.7016E+00  0.5839E+01
  -7.080  0.6985E+00  0.5853E+01
  -7.060  0.6954E+00  0.5867E+01
  -7.040  0.6924E+00  0.5881E+01
  -7.020  0.6894E+00  0.5895E+01
  -7.000  0.6865E+00  0.5908E+01
  -6.980  0.6837E+00  0.5922E+01
  -6.960  0.6810E+00  0.5936E+01
  -6.940  0.6783E+00  0.5949E+01
  -6.920  0.6756E+00  0.5963E+01
  -6.900  0.6729E+00  0.5976E+01
  -6.880  0.6704E+00  0.5990E+01
  -6.860  0.6679E+00  0.6003E+01
  -6.840  0.6654E+00  0.6016E+01
  -6.820  0.6630E+00  0.6029E+01
  -6.800  0.6606E+00  0.6043E+01
  -6.780  0.6582E+00  0.6056E+01
  -6.760  0.6559E+00  0.6069E+01
  -6.740  0.6537E+00  0.6082E+01
  -6.720  0.6515E+00  0.6095E+01
  -6.700  0.6493E+00  0.6108E+01
  -6.680  0.6471E+00  0.6121E+01
  -6.660  0.6449E+00  0.6134E+01
  -6.640  0.6428E+00  0.6147E+01
  -6.620  0.6408E+00  0.6160E+01
  -6.600  0.6388E+00  0.6172E+01
  -6.580  0.6368E+00  0.6185E+01
  -6.560  0.6348E+00  0.6198E+01
  -6.540  0.6329E+00  0.6210E+01
  -6.520  0.6310E+00  0.6223E+01
  -6.500  0.6292E+00  0.6236E+01
  -6.480  0.6274E+00  0.6248E+01
  -6.460  0.6255E+00  0.6261E+01
  -6.440  0.6237E+00  0.6273E+01
  -6.420  0.6220E+00  0.6286E+01
  -6.400  0.6202E+00  0.6298E+01
  -6.380  0.6186E+00  0.6310E+01
  -6.360  0.6169E+00  0.6323E+01
  -6.340  0.6152E+00  0.6335E+01
  -6.320  0.6136E+00  0.6347E+01
  -6.300  0.6120E+00  0.6360E+01
  -6.280  0.6104E+00  0.6372E+01
  -6.260  0.6089E+00  0.6384E+01
  -6.240  0.6074E+00  0.6396E+01
  -6.220  0.6059E+00  0.6408E+01
  -6.200  0.6044E+00  0.6420E+01
  -6.180  0.6029E+00  0.6432E+01
  -6.160  0.6015E+00  0.6444E+01
  -6.140  0.6001E+00  0.6456E+01
  -6.120  0.5987E+00  0.6468E+01
  -6.100  0.5973E+00  0.6480E+01
  -6.080  0.5960E+00  0.6492E+01
  -6.060  0.5947E+00  0.6504E+01
  -6.040  0.5934E+00  0.6516E+01
  -6.020  0.5921E+00  0.6528E+01
  -6.000  0.5908E+00  0.6540E+01
  -5.980  0.5896E+00  0.6551E+01
  -5.960  0.5884E+00  0.6563E+01
  -5.940  0.5871E+00  0.6575E+01
  -5.920  0.5860E+00  0.6587E+01
  -5.900  0.5848E+00  0.6598E+01
  -5.880  0.5837E+00  0.6610E+01
  -5.860  0.5826E+00  0.6622E+01
  -5.840  0.5815E+00  0.6633E+01
  -5.820  0.5804E+00  0.6645E+01
  -5.800  0.5793E+00  0.6656E+01
  -5.780  0.5783E+00  0.6668E+01
  -5.760  0.5773E+00  0.6680E+01
  -5.740  0.5763E+00  0.6691E+01
  -5.720  0.5753E+00  0.6703E+01
  -5.700  0.5743E+00  0.6714E+01
  -5.680  0.5734E+00  0.6726E+01
  -5.660  0.5725E+00  0.6737E+01
  -5.640  0.5716E+00  0.6748E+01
  -5.620  0.5707E+00  0.6760E+01
  -5.600  0.5699E+00  0.6771E+01
  -5.580  0.5691E+00  0.6783E+01
  -5.560  0.5683E+00  0.6794E+01
  -5.540  0.5675E+00  0.6805E+01
  -5.520  0.5667E+00  0.6817E+01
  -5.500  0.5659E+00  0.6828E+01
  -5.480  0.5652E+00  0.6839E+01
  -5.460  0.5645E+00  0.6851E+01
  -5.440  0.5638E+00  0.6862E+01
  -5.420  0.5631E+00  0.6873E+01
  -5.400  0.5625E+00  0.6884E+01
  -5.380  0.5619E+00  0.6896E+01
  -5.360  0.5613E+00  0.6907E+01
  -5.340  0.5608E+00  0.6918E+01
  -5.320  0.5602E+00  0.6929E+01
  -5.300  0.5597E+00  0.6940E+01
  -5.280  0.5592E+00  0.6952E+01
  -5.260  0.5587E+00  0.6963E+01
  -5.240  0.5583E+00  0.6974E+01
  -5.220  0.5579E+00  0.6985E+01
  -5.200  0.5574E+00  0.6996E+01
  -5.180  0.5571E+00  0.7007E+01
  -5.160  0.5568E+00  0.7019E+01
  -5.140  0.5565E+00  0.7030E+01
  -5.120  0.5562E+00  0.7041E+01
  -5.100  0.5560E+00  0.7052E+01
  -5.080  0.5557E+00  0.7063E+01
  -5.060  0.5555E+00  0.7074E+01
  -5.040  0.5554E+00  0.7085E+01
  -5.020  0.5553E+00  0.7096E+01
  -5.000  0.5552E+00  0.7107E+01
  -4.980  0.5551E+00  0.7119E+01
  -4.960  0.5551E+00  0.7130E+01
  -4.940  0.5552E+00  0.7141E+01
  -4.920  0.5553E+00  0.7152E+01
  -4.900  0.5554E+00  0.7163E+01
  -4.880  0.5554E+00  0.7174E+01
  -4.860  0.5552E+00  0.7185E+01
  -4.840  0.5548E+00  0.7196E+01
  -4.820  0.5537E+00  0.7207E+01
  -4.800  0.5514E+00  0.7218E+01
  -4.780  0.5469E+00  0.7229E+01
  -4.760  0.5393E+00  0.7240E+01
  -4.740  0.5278E+00  0.7251E+01
  -4.720  0.5121E+00  0.7261E+01
  -4.700  0.4925E+00  0.7271E+01
  -4.680  0.4700E+00  0.7280E+01
  -4.660  0.4462E+00  0.7289E+01
  -4.640  0.4236E+00  0.7298E+01
  -4.620  0.4039E+00  0.7306E+01
  -4.600  0.3886E+00  0.7313E+01
  -4.580  0.3779E+00  0.7321E+01
  -4.560  0.3714E+00  0.7328E+01
  -4.540  0.3682E+00  0.7336E+01
  -4.520  0.3675E+00  0.7343E+01
  -4.500  0.3685E+00  0.7351E+01
  -4.480  0.3705E+00  0.7358E+01
  -4.460  0.3732E+00  0.7365E+01
  -4.440  0.3761E+00  0.7373E+01
  -4.420  0.3792E+00  0.7380E+01
  -4.400  0.3826E+00  0.7388E+01
  -4.380  0.3863E+00  0.7396E+01
  -4.360  0.3903E+00  0.7404E+01
  -4.340  0.3945E+00  0.7412E+01
  -4.320  0.3990E+00  0.7420E+01
  -4.300  0.4037E+00  0.7428E+01
  -4.280  0.4090E+00  0.7436E+01
  -4.260  0.4148E+00  0.7444E+01
  -4.240  0.4212E+00  0.7453E+01
  -4.220  0.4283E+00  0.7461E+01
  -4.200  0.4362E+00  0.7470E+01
  -4.180  0.4451E+00  0.7479E+01
  -4.160  0.4557E+00  0.7488E+01
  -4.140  0.4681E+00  0.7497E+01
  -4.120  0.4829E+00  0.7507E+01
  -4.100  0.5000E+00  0.7517E+01
  -4.080  0.5192E+00  0.7527E+01
  -4.060  0.5398E+00  0.7538E+01
  -4.040  0.5604E+00  0.7549E+01
  -4.020  0.5785E+00  0.7561E+01
  -4.000  0.5913E+00  0.7573E+01
  -3.980  0.5963E+00  0.7585E+01
  -3.960  0.5924E+00  0.7596E+01
  -3.940  0.5798E+00  0.7608E+01
  -3.920  0.5604E+00  0.7619E+01
  -3.900  0.5366E+00  0.7630E+01
  -3.880  0.5109E+00  0.7640E+01
  -3.860  0.4855E+00  0.7650E+01
  -3.840  0.4619E+00  0.7659E+01
  -3.820  0.4411E+00  0.7668E+01
  -3.800  0.4230E+00  0.7676E+01
  -3.780  0.4072E+00  0.7685E+01
  -3.760  0.3933E+00  0.7692E+01
  -3.740  0.3806E+00  0.7700E+01
  -3.720  0.3692E+00  0.7707E+01
  -3.700  0.3588E+00  0.7715E+01
  -3.680  0.3494E+00  0.7722E+01
  -3.660  0.3405E+00  0.7728E+01
  -3.640  0.3321E+00  0.7735E+01
  -3.620  0.3239E+00  0.7741E+01
  -3.600  0.3163E+00  0.7748E+01
  -3.580  0.3092E+00  0.7754E+01
  -3.560  0.3025E+00  0.7760E+01
  -3.540  0.2960E+00  0.7766E+01
  -3.520  0.2896E+00  0.7772E+01
  -3.500  0.2833E+00  0.7777E+01
  -3.480  0.2775E+00  0.7783E+01
  -3.460  0.2719E+00  0.7788E+01
  -3.440  0.2666E+00  0.7794E+01
  -3.420  0.2613E+00  0.7799E+01
  -3.400  0.2560E+00  0.7804E+01
  -3.380  0.2509E+00  0.7809E+01
  -3.360  0.2461E+00  0.7814E+01
  -3.340  0.2415E+00  0.7819E+01
  -3.320  0.2369E+00  0.7824E+01
  -3.300  0.2324E+00  0.7828E+01
  -3.280  0.2279E+00  0.7833E+01
  -3.260  0.2235E+00  0.7837E+01
  -3.240  0.2194E+00  0.7842E+01
  -3.220  0.2154E+00  0.7846E+01
  -3.200  0.2114E+00  0.7850E+01
  -3.180  0.2073E+00  0.7854E+01
  -3.160  0.2034E+00  0.7858E+01
  -3.140  0.1996E+00  0.7862E+01
  -3.120  0.1959E+00  0.7866E+01
  -3.100  0.1923E+00  0.7870E+01
  -3.080  0.1887E+00  0.7874E+01
  -3.060  0.1851E+00  0.7878E+01
  -3.040  0.1816E+00  0.7881E+01
  -3.020  0.1782E+00  0.7885E+01
  -3.000  0.1749E+00  0.7888E+01
  -2.980  0.1716E+00  0.7892E+01
  -2.960  0.1683E+00  0.7895E+01
  -2.940  0.1650E+00  0.7898E+01
  -2.920  0.1618E+00  0.7902E+01
  -2.900  0.1587E+00  0.7905E+01
  -2.880  0.1556E+00  0.7908E+01
  -2.860  0.1526E+00  0.7911E+01
  -2.840  0.1495E+00  0.7914E+01
  -2.820  0.1465E+00  0.7917E+01
  -2.800  0.1435E+00  0.7920E+01
  -2.780  0.1406E+00  0.7923E+01
  -2.760  0.1378E+00  0.7925E+01
  -2.740  0.1349E+00  0.7928E+01
  -2.720  0.1321E+00  0.7931E+01
  -2.700  0.1292E+00  0.7933E+01
  -2.680  0.1265E+00  0.7936E+01
  -2.660  0.1238E+00  0.7938E+01
  -2.640  0.1211E+00  0.7941E+01
  -2.620  0.1184E+00  0.7943E+01
  -2.600  0.1157E+00  0.7945E+01
  -2.580  0.1130E+00  0.7948E+01
  -2.560  0.1104E+00  0.7950E+01
  -2.540  0.1079E+00  0.7952E+01
  -2.520  0.1053E+00  0.7954E+01
  -2.500  0.1027E+00  0.7956E+01
  -2.480  0.1001E+00  0.7958E+01
  -2.460  0.9762E-01  0.7960E+01
  -2.440  0.9514E-01  0.7962E+01
  -2.420  0.9266E-01  0.7964E+01
  -2.400  0.9018E-01  0.7966E+01
  -2.380  0.8771E-01  0.7967E+01
  -2.360  0.8527E-01  0.7969E+01
  -2.340  0.8286E-01  0.7971E+01
  -2.320  0.8046E-01  0.7972E+01
  -2.300  0.7806E-01  0.7974E+01
  -2.280  0.7566E-01  0.7975E+01
  -2.260  0.7329E-01  0.7977E+01
  -2.240  0.7093E-01  0.7978E+01
  -2.220  0.6859E-01  0.7980E+01
  -2.200  0.6626E-01  0.7981E+01
  -2.180  0.6392E-01  0.7982E+01
  -2.160  0.6159E-01  0.7984E+01
  -2.140  0.5929E-01  0.7985E+01
  -2.120  0.5700E-01  0.7986E+01
  -2.100  0.5470E-01  0.7987E+01
  -2.080  0.5241E-01  0.7988E+01
  -2.060  0.5013E-01  0.7989E+01
  -2.040  0.4786E-01  0.7990E+01
  -2.020  0.4560E-01  0.7991E+01
  -2.000  0.4334E-01  0.7992E+01
  -1.980  0.4108E-01  0.7993E+01
  -1.960  0.3882E-01  0.7993E+01
  -1.940  0.3658E-01  0.7994E+01
  -1.920  0.3434E-01  0.7995E+01
  -1.900  0.3210E-01  0.7995E+01
  -1.880  0.2986E-01  0.7996E+01
  -1.860  0.2762E-01  0.7997E+01
  -1.840  0.2539E-01  0.7997E+01
  -1.820  0.2316E-01  0.7998E+01
  -1.800  0.2093E-01  0.7998E+01
  -1.780  0.1872E-01  0.7998E+01
  -1.760  0.1653E-01  0.7999E+01
  -1.740  0.1439E-01  0.7999E+01
  -1.720  0.1235E-01  0.7999E+01
  -1.700  0.1045E-01  0.7999E+01
  -1.680  0.8786E-02  0.8000E+01
  -1.660  0.7444E-02  0.8000E+01
  -1.640  0.6521E-02  0.8000E+01
  -1.620  0.6087E-02  0.8000E+01
  -1.600  0.6181E-02  0.8000E+01
  -1.580  0.6796E-02  0.8000E+01
  -1.560  0.7887E-02  0.8000E+01
  -1.540  0.9375E-02  0.8001E+01
  -1.520  0.1117E-01  0.8001E+01
  -1.500  0.1317E-01  0.8001E+01
  -1.480  0.1531E-01  0.8001E+01
  -1.460  0.1755E-01  0.8002E+01
  -1.440  0.1983E-01  0.8002E+01
  -1.420  0.2215E-01  0.8003E+01
  -1.400  0.2448E-01  0.8003E+01
  -1.380  0.2683E-01  0.8004E+01
  -1.360  0.2920E-01  0.8004E+01
  -1.340  0.3158E-01  0.8005E+01
  -1.320  0.3398E-01  0.8006E+01
  -1.300  0.3639E-01  0.8006E+01
  -1.280  0.3882E-01  0.8007E+01
  -1.260  0.4127E-01  0.8008E+01
  -1.240  0.4374E-01  0.8009E+01
  -1.220  0.4622E-01  0.8010E+01
  -1.200  0.4873E-01  0.8011E+01
  -1.180  0.5125E-01  0.8012E+01
  -1.160  0.5381E-01  0.8013E+01
  -1.140  0.5639E-01  0.8014E+01
  -1.120  0.5900E-01  0.8015E+01
  -1.100  0.6162E-01  0.8016E+01
  -1.080  0.6428E-01  0.8018E+01
  -1.060  0.6698E-01  0.8019E+01
  -1.040  0.6971E-01  0.8020E+01
  -1.020  0.7247E-01  0.8022E+01
  -1.000  0.7526E-01  0.8023E+01
  -0.980  0.7808E-01  0.8025E+01
  -0.960  0.8095E-01  0.8026E+01
  -0.940  0.8388E-01  0.8028E+01
  -0.920  0.8684E-01  0.8030E+01
  -0.900  0.8984E-01  0.8032E+01
  -0.880  0.9289E-01  0.8033E+01
  -0.860  0.9600E-01  0.8035E+01
  -0.840  0.9917E-01  0.8037E+01
  -0.820  0.1024E+00  0.8039E+01
  -0.800  0.1057E+00  0.8042E+01
  -0.780  0.1090E+00  0.8044E+01
  -0.760  0.1124E+00  0.8046E+01
  -0.740  0.1160E+00  0.8048E+01
  -0.720  0.1196E+00  0.8051E+01
  -0.700  0.1232E+00  0.8053E+01
  -0.680  0.1270E+00  0.8056E+01
  -0.660  0.1308E+00  0.8058E+01
  -0.640  0.1347E+00  0.8061E+01
  -0.620  0.1388E+00  0.8064E+01
  -0.600  0.1431E+00  0.8067E+01
  -0.580  0.1473E+00  0.8070E+01
  -0.560  0.1518E+00  0.8073E+01
  -0.540  0.1564E+00  0.8076E+01
  -0.520  0.1612E+00  0.8079E+01
  -0.500  0.1661E+00  0.8082E+01
  -0.480  0.1713E+00  0.8086E+01
  -0.460  0.1766E+00  0.8089E+01
  -0.440  0.1821E+00  0.8093E+01
  -0.420  0.1879E+00  0.8097E+01
  -0.400  0.1941E+00  0.8101E+01
  -0.380  0.2005E+00  0.8105E+01
  -0.360  0.2072E+00  0.8109E+01
  -0.340  0.2143E+00  0.8113E+01
  -0.320  0.2219E+00  0.8117E+01
  -0.300  0.2300E+00  0.8122E+01
  -0.280  0.2387E+00  0.8127E+01
  -0.260  0.2479E+00  0.8132E+01
  -0.240  0.2579E+00  0.8137E+01
  -0.220  0.2688E+00  0.8142E+01
  -0.200  0.2809E+00  0.8148E+01
  -0.180  0.2945E+00  0.8154E+01
  -0.160  0.3098E+00  0.8160E+01
  -0.140  0.3273E+00  0.8167E+01
  -0.120  0.3477E+00  0.8173E+01
  -0.100  0.3722E+00  0.8181E+01
  -0.080  0.4017E+00  0.8189E+01
  -0.060  0.4368E+00  0.8198E+01
  -0.040  0.4773E+00  0.8207E+01
  -0.020  0.5221E+00  0.8218E+01
  -0.000  0.5684E+00  0.8229E+01
   0.020  0.6121E+00  0.8241E+01
   0.040  0.6482E+00  0.8254E+01
   0.060  0.6721E+00  0.8268E+01
   0.080  0.6809E+00  0.8281E+01
   0.100  0.6746E+00  0.8295E+01
   0.120  0.6558E+00  0.8308E+01
   0.140  0.6286E+00  0.8321E+01
   0.160  0.5976E+00  0.8332E+01
   0.180  0.5665E+00  0.8344E+01
   0.200  0.5377E+00  0.8355E+01
   0.220  0.5124E+00  0.8365E+01
   0.240  0.4911E+00  0.8375E+01
   0.260  0.4732E+00  0.8384E+01
   0.280  0.4581E+00  0.8393E+01
   0.300  0.4452E+00  0.8402E+01
   0.320  0.4338E+00  0.8411E+01
   0.340  0.4236E+00  0.8419E+01
   0.360  0.4145E+00  0.8428E+01
   0.380  0.4063E+00  0.8436E+01
   0.400  0.3990E+00  0.8444E+01
   0.420  0.3922E+00  0.8452E+01
   0.440  0.3857E+00  0.8459E+01
   0.460  0.3796E+00  0.8467E+01
   0.480  0.3739E+00  0.8474E+01
   0.500  0.3687E+00  0.8482E+01
   0.520  0.3639E+00  0.8489E+01
   0.540  0.3594E+00  0.8496E+01
   0.560  0.3550E+00  0.8503E+01
   0.580  0.3507E+00  0.8510E+01
   0.600  0.3465E+00  0.8517E+01
   0.620  0.3427E+00  0.8524E+01
   0.640  0.3393E+00  0.8531E+01
   0.660  0.3359E+00  0.8538E+01
   0.680  0.3326E+00  0.8544E+01
   0.700  0.3293E+00  0.8551E+01
   0.720  0.3261E+00  0.8557E+01
   0.740  0.3231E+00  0.8564E+01
   0.760  0.3204E+00  0.8570E+01
   0.780  0.3178E+00  0.8577E+01
   0.800  0.3152E+00  0.8583E+01
   0.820  0.3125E+00  0.8589E+01
   0.840  0.3099E+00  0.8595E+01
   0.860  0.3074E+00  0.8601E+01
   0.880  0.3052E+00  0.8608E+01
   0.900  0.3032E+00  0.8614E+01
   0.920  0.3015E+00  0.8620E+01
   0.940  0.3000E+00  0.8626E+01
   0.960  0.2993E+00  0.8632E+01
   0.980  0.3001E+00  0.8638E+01
   1.000  0.3035E+00  0.8644E+01
   1.020  0.3103E+00  0.8650E+01
   1.040  0.3215E+00  0.8656E+01
   1.060  0.3372E+00  0.8663E+01
   1.080  0.3572E+00  0.8670E+01
   1.100  0.3803E+00  0.8678E+01
   1.120  0.4048E+00  0.8686E+01
   1.140  0.4285E+00  0.8695E+01
   1.160  0.4494E+00  0.8703E+01
   1.180  0.4659E+00  0.8713E+01
   1.200  0.4776E+00  0.8722E+01
   1.220  0.4848E+00  0.8732E+01
   1.240  0.4887E+00  0.8742E+01
   1.260  0.4905E+00  0.8752E+01
   1.280  0.4909E+00  0.8761E+01
   1.300  0.4904E+00  0.8771E+01
   1.320  0.4894E+00  0.8781E+01
   1.340  0.4881E+00  0.8791E+01
   1.360  0.4865E+00  0.8801E+01
   1.380  0.4851E+00  0.8810E+01
   1.400  0.4839E+00  0.8820E+01
   1.420  0.4829E+00  0.8830E+01
   1.440  0.4818E+00  0.8839E+01
   1.460  0.4806E+00  0.8849E+01
   1.480  0.4791E+00  0.8858E+01
   1.500  0.4777E+00  0.8868E+01
   1.520  0.4765E+00  0.8878E+01
   1.540  0.4755E+00  0.8887E+01
   1.560  0.4747E+00  0.8897E+01
   1.580  0.4736E+00  0.8906E+01
   1.600  0.4724E+00  0.8915E+01
   1.620  0.4711E+00  0.8925E+01
   1.640  0.4698E+00  0.8934E+01
   1.660  0.4688E+00  0.8944E+01
   1.680  0.4680E+00  0.8953E+01
   1.700  0.4672E+00  0.8962E+01
   1.720  0.4662E+00  0.8972E+01
   1.740  0.4650E+00  0.8981E+01
   1.760  0.4638E+00  0.8990E+01
   1.780  0.4626E+00  0.8999E+01
   1.800  0.4618E+00  0.9009E+01
   1.820  0.4611E+00  0.9018E+01
   1.840  0.4604E+00  0.9027E+01
   1.860  0.4595E+00  0.9036E+01
   1.880  0.4584E+00  0.9046E+01
   1.900  0.4574E+00  0.9055E+01
   1.920  0.4568E+00  0.9064E+01
   1.940  0.4570E+00  0.9073E+01
   1.960  0.4583E+00  0.9082E+01
   1.980  0.4613E+00  0.9091E+01
   2.000  0.4666E+00  0.9101E+01
   2.020  0.4754E+00  0.9110E+01
   2.040  0.4886E+00  0.9120E+01
   2.060  0.5068E+00  0.9130E+01
   2.080  0.5294E+00  0.9141E+01
   2.100  0.5548E+00  0.9152E+01
   2.120  0.5807E+00  0.9163E+01
   2.140  0.6045E+00  0.9175E+01
   2.160  0.6247E+00  0.9188E+01
   2.180  0.6403E+00  0.9201E+01
   2.200  0.6515E+00  0.9214E+01
   2.220  0.6589E+00  0.9227E+01
   2.240  0.6632E+00  0.9240E+01
   2.260  0.6653E+00  0.9254E+01
   2.280  0.6658E+00  0.9267E+01
   2.300  0.6654E+00  0.9280E+01
   2.320  0.6646E+00  0.9293E+01
   2.340  0.6639E+00  0.9307E+01
   2.360  0.6635E+00  0.9320E+01
   2.380  0.6631E+00  0.9333E+01
   2.400  0.6626E+00  0.9347E+01
   2.420  0.6618E+00  0.9360E+01
   2.440  0.6608E+00  0.9373E+01
   2.460  0.6598E+00  0.9386E+01
   2.480  0.6590E+00  0.9399E+01
   2.500  0.6586E+00  0.9413E+01
   2.520  0.6583E+00  0.9426E+01
   2.540  0.6578E+00  0.9439E+01
   2.560  0.6571E+00  0.9452E+01
   2.580  0.6561E+00  0.9465E+01
   2.600  0.6551E+00  0.9478E+01
   2.620  0.6544E+00  0.9491E+01
   2.640  0.6540E+00  0.9504E+01
   2.660  0.6539E+00  0.9517E+01
   2.680  0.6537E+00  0.9531E+01
   2.700  0.6536E+00  0.9544E+01
   2.720  0.6538E+00  0.9557E+01
   2.740  0.6553E+00  0.9570E+01
   2.760  0.6590E+00  0.9583E+01
   2.780  0.6660E+00  0.9596E+01
   2.800  0.6772E+00  0.9610E+01
   2.820  0.6930E+00  0.9624E+01
   2.840  0.7130E+00  0.9638E+01
   2.860  0.7365E+00  0.9653E+01
   2.880  0.7620E+00  0.9668E+01
   2.900  0.7874E+00  0.9684E+01
   2.920  0.8108E+00  0.9700E+01
   2.940  0.8304E+00  0.9716E+01
   2.960  0.8453E+00  0.9733E+01
   2.980  0.8554E+00  0.9750E+01
   3.000  0.8613E+00  0.9768E+01
   3.020  0.8643E+00  0.9785E+01
   3.040  0.8657E+00  0.9802E+01
   3.060  0.8663E+00  0.9820E+01
   3.080  0.8667E+00  0.9837E+01
   3.100  0.8667E+00  0.9854E+01
   3.120  0.8664E+00  0.9872E+01
   3.140  0.8657E+00  0.9889E+01
   3.160  0.8648E+00  0.9906E+01
   3.180  0.8640E+00  0.9924E+01
   3.200  0.8636E+00  0.9941E+01
   3.220  0.8635E+00  0.9958E+01
   3.240  0.8634E+00  0.9975E+01
   3.260  0.8632E+00  0.9993E+01
   3.280  0.8626E+00  0.1001E+02
   3.300  0.8617E+00  0.1003E+02
   3.320  0.8609E+00  0.1004E+02
   3.340  0.8604E+00  0.1006E+02
   3.360  0.8603E+00  0.1008E+02
   3.380  0.8603E+00  0.1010E+02
   3.400  0.8602E+00  0.1011E+02
   3.420  0.8598E+00  0.1013E+02
   3.440  0.8590E+00  0.1015E+02
   3.460  0.8582E+00  0.1016E+02
   3.480  0.8577E+00  0.1018E+02
   3.500  0.8576E+00  0.1020E+02
   3.520  0.8577E+00  0.1022E+02
   3.540  0.8578E+00  0.1023E+02
   3.560  0.8575E+00  0.1025E+02
   3.580  0.8569E+00  0.1027E+02
   3.600  0.8562E+00  0.1028E+02
   3.620  0.8558E+00  0.1030E+02
   3.640  0.8557E+00  0.1032E+02
   3.660  0.8559E+00  0.1034E+02
   3.680  0.8563E+00  0.1035E+02
   3.700  0.8565E+00  0.1037E+02
   3.720  0.8563E+00  0.1039E+02
   3.740  0.8560E+00  0.1040E+02
   3.760  0.8558E+00  0.1042E+02
   3.780  0.8562E+00  0.1044E+02
   3.800  0.8572E+00  0.1046E+02
   3.820  0.8587E+00  0.1047E+02
   3.840  0.8604E+00  0.1049E+02
   3.860  0.8623E+00  0.1051E+02
   3.880  0.8646E+00  0.1052E+02
   3.900  0.8674E+00  0.1054E+02
   3.920  0.8709E+00  0.1056E+02
   3.940  0.8743E+00  0.1058E+02
   3.960  0.8762E+00  0.1059E+02
   3.980  0.8747E+00  0.1061E+02
   4.000  0.8681E+00  0.1063E+02
   4.020  0.8550E+00  0.1065E+02
   4.040  0.8359E+00  0.1066E+02
   4.060  0.8123E+00  0.1068E+02
   4.080  0.7875E+00  0.1070E+02
   4.100  0.7655E+00  0.1071E+02
   4.120  0.7503E+00  0.1073E+02
   4.140  0.7446E+00  0.1074E+02
   4.160  0.7496E+00  0.1076E+02
   4.180  0.7645E+00  0.1077E+02
   4.200  0.7866E+00  0.1079E+02
   4.220  0.8118E+00  0.1080E+02
   4.240  0.8358E+00  0.1082E+02
   4.260  0.8549E+00  0.1084E+02
   4.280  0.8672E+00  0.1085E+02
   4.300  0.8725E+00  0.1087E+02
   4.320  0.8723E+00  0.1089E+02
   4.340  0.8689E+00  0.1091E+02
   4.360  0.8645E+00  0.1092E+02
   4.380  0.8604E+00  0.1094E+02
   4.400  0.8572E+00  0.1096E+02
   4.420  0.8546E+00  0.1097E+02
   4.440  0.8525E+00  0.1099E+02
   4.460  0.8506E+00  0.1101E+02
   4.480  0.8491E+00  0.1103E+02
   4.500  0.8482E+00  0.1104E+02
   4.520  0.8477E+00  0.1106E+02
   4.540  0.8477E+00  0.1108E+02
   4.560  0.8477E+00  0.1109E+02
   4.580  0.8474E+00  0.1111E+02
   4.600  0.8463E+00  0.1113E+02
   4.620  0.8445E+00  0.1114E+02
   4.640  0.8421E+00  0.1116E+02
   4.660  0.8400E+00  0.1118E+02
   4.680  0.8387E+00  0.1119E+02
   4.700  0.8390E+00  0.1121E+02
   4.720  0.8408E+00  0.1123E+02
   4.740  0.8439E+00  0.1125E+02
   4.760  0.8483E+00  0.1126E+02
   4.780  0.8540E+00  0.1128E+02
   4.800  0.8620E+00  0.1130E+02
   4.820  0.8735E+00  0.1131E+02
   4.840  0.8900E+00  0.1133E+02
   4.860  0.9122E+00  0.1135E+02
   4.880  0.9401E+00  0.1137E+02
   4.900  0.9721E+00  0.1139E+02
   4.920  0.1006E+01  0.1141E+02
   4.940  0.1038E+01  0.1143E+02
   4.960  0.1065E+01  0.1145E+02
   4.980  0.1082E+01  0.1147E+02
   5.000  0.1086E+01  0.1149E+02
   5.020  0.1077E+01  0.1152E+02
   5.040  0.1054E+01  0.1154E+02
   5.060  0.1021E+01  0.1156E+02
   5.080  0.9813E+00  0.1158E+02
   5.100  0.9402E+00  0.1160E+02
   5.120  0.9014E+00  0.1161E+02
   5.140  0.8681E+00  0.1163E+02
   5.160  0.8428E+00  0.1165E+02
   5.180  0.8284E+00  0.1166E+02
   5.200  0.8274E+00  0.1168E+02
   5.220  0.8420E+00  0.1170E+02
   5.240  0.8722E+00  0.1172E+02
   5.260  0.9155E+00  0.1173E+02
   5.280  0.9667E+00  0.1175E+02
   5.300  0.1019E+01  0.1177E+02
   5.320  0.1065E+01  0.1179E+02
   5.340  0.1101E+01  0.1182E+02
   5.360  0.1122E+01  0.1184E+02
   5.380  0.1131E+01  0.1186E+02
   5.400  0.1130E+01  0.1188E+02
   5.420  0.1123E+01  0.1191E+02
   5.440  0.1113E+01  0.1193E+02
   5.460  0.1103E+01  0.1195E+02
   5.480  0.1094E+01  0.1197E+02
   5.500  0.1086E+01  0.1199E+02
   5.520  0.1080E+01  0.1202E+02
   5.540  0.1076E+01  0.1204E+02
   5.560  0.1073E+01  0.1206E+02
   5.580  0.1072E+01  0.1208E+02
   5.600  0.1073E+01  0.1210E+02
   5.620  0.1078E+01  0.1212E+02
   5.640  0.1088E+01  0.1215E+02
   5.660  0.1105E+01  0.1217E+02
   5.680  0.1132E+01  0.1219E+02
   5.700  0.1171E+01  0.1221E+02
   5.720  0.1222E+01  0.1224E+02
   5.740  0.1282E+01  0.1226E+02
   5.760  0.1347E+01  0.1229E+02
   5.780  0.1412E+01  0.1232E+02
   5.800  0.1470E+01  0.1235E+02
   5.820  0.1518E+01  0.1238E+02
   5.840  0.1553E+01  0.1241E+02
   5.860  0.1574E+01  0.1244E+02
   5.880  0.1584E+01  0.1247E+02
   5.900  0.1586E+01  0.1250E+02
   5.920  0.1583E+01  0.1254E+02
   5.940  0.1577E+01  0.1257E+02
   5.960  0.1568E+01  0.1260E+02
   5.980  0.1558E+01  0.1263E+02
   6.000  0.1546E+01  0.1266E+02
   6.020  0.1534E+01  0.1269E+02
   6.040  0.1525E+01  0.1272E+02
   6.060  0.1519E+01  0.1275E+02
   6.080  0.1515E+01  0.1278E+02
   6.100  0.1513E+01  0.1281E+02
   6.120  0.1509E+01  0.1284E+02
   6.140  0.1501E+01  0.1287E+02
   6.160  0.1490E+01  0.1290E+02
   6.180  0.1475E+01  0.1293E+02
   6.200  0.1459E+01  0.1296E+02
   6.220  0.1444E+01  0.1299E+02
   6.240  0.1428E+01  0.1302E+02
   6.260  0.1413E+01  0.1305E+02
   6.280  0.1397E+01  0.1308E+02
   6.300  0.1377E+01  0.1310E+02
   6.320  0.1353E+01  0.1313E+02
   6.340  0.1321E+01  0.1316E+02
   6.360  0.1281E+01  0.1318E+02
   6.380  0.1232E+01  0.1321E+02
   6.400  0.1177E+01  0.1323E+02
   6.420  0.1119E+01  0.1325E+02
   6.440  0.1063E+01  0.1327E+02
   6.460  0.1011E+01  0.1329E+02
   6.480  0.9678E+00  0.1331E+02
   6.500  0.9329E+00  0.1333E+02
   6.520  0.9063E+00  0.1335E+02
   6.540  0.8861E+00  0.1337E+02
   6.560  0.8706E+00  0.1339E+02
   6.580  0.8583E+00  0.1340E+02
   6.600  0.8485E+00  0.1342E+02
   6.620  0.8408E+00  0.1344E+02
   6.640  0.8349E+00  0.1345E+02
   6.660  0.8301E+00  0.1347E+02
   6.680  0.8256E+00  0.1349E+02
   6.700  0.8208E+00  0.1350E+02
   6.720  0.8158E+00  0.1352E+02
   6.740  0.8110E+00  0.1354E+02
   6.760  0.8066E+00  0.1355E+02
   6.780  0.8025E+00  0.1357E+02
   6.800  0.7985E+00  0.1358E+02
   6.820  0.7946E+00  0.1360E+02
   6.840  0.7907E+00  0.1362E+02
   6.860  0.7873E+00  0.1363E+02
   6.880  0.7841E+00  0.1365E+02
   6.900  0.7810E+00  0.1366E+02
   6.920  0.7773E+00  0.1368E+02
   6.940  0.7733E+00  0.1369E+02
   6.960  0.7692E+00  0.1371E+02
   6.980  0.7659E+00  0.1372E+02
   7.000  0.7637E+00  0.1374E+02
   7.020  0.7619E+00  0.1375E+02
   7.040  0.7599E+00  0.1377E+02
   7.060  0.7568E+00  0.1378E+02
   7.080  0.7527E+00  0.1380E+02
   7.100  0.7484E+00  0.1381E+02
   7.120  0.7451E+00  0.1383E+02
   7.140  0.7433E+00  0.1384E+02
   7.160  0.7424E+00  0.1386E+02
   7.180  0.7415E+00  0.1387E+02
   7.200  0.7395E+00  0.1389E+02
   7.220  0.7359E+00  0.1390E+02
   7.240  0.7316E+00  0.1392E+02
   7.260  0.7277E+00  0.1393E+02
   7.280  0.7253E+00  0.1395E+02
   7.300  0.7247E+00  0.1396E+02
   7.320  0.7248E+00  0.1398E+02
   7.340  0.7243E+00  0.1399E+02
   7.360  0.7221E+00  0.1401E+02
   7.380  0.7181E+00  0.1402E+02
   7.400  0.7134E+00  0.1403E+02
   7.420  0.7098E+00  0.1405E+02
   7.440  0.7084E+00  0.1406E+02
   7.460  0.7089E+00  0.1408E+02
   7.480  0.7100E+00  0.1409E+02
   7.500  0.7098E+00  0.1410E+02
   7.520  0.7071E+00  0.1412E+02
   7.540  0.7025E+00  0.1413E+02
   7.560  0.6976E+00  0.1415E+02
   7.580  0.6944E+00  0.1416E+02
   7.600  0.6938E+00  0.1417E+02
   7.620  0.6955E+00  0.1419E+02
   7.640  0.6973E+00  0.1420E+02
   7.660  0.6972E+00  0.1422E+02
   7.680  0.6943E+00  0.1423E+02
   7.700  0.6892E+00  0.1424E+02
   7.720  0.6840E+00  0.1426E+02
   7.740  0.6810E+00  0.1427E+02
   7.760  0.6811E+00  0.1429E+02
   7.780  0.6837E+00  0.1430E+02
   7.800  0.6863E+00  0.1431E+02
   7.820  0.6867E+00  0.1433E+02
   7.840  0.6837E+00  0.1434E+02
   7.860  0.6781E+00  0.1435E+02
   7.880  0.6724E+00  0.1437E+02
   7.900  0.6692E+00  0.1438E+02
   7.920  0.6698E+00  0.1439E+02
   7.940  0.6732E+00  0.1441E+02
   7.960  0.6769E+00  0.1442E+02
   7.980  0.6779E+00  0.1443E+02
   8.000  0.6749E+00  0.1445E+02
   8.020  0.6689E+00  0.1446E+02
   8.040  0.6627E+00  0.1447E+02
   8.060  0.6593E+00  0.1449E+02
   8.080  0.6602E+00  0.1450E+02
   8.100  0.6642E+00  0.1451E+02
   8.120  0.6685E+00  0.1453E+02
   8.140  0.6700E+00  0.1454E+02
   8.160  0.6675E+00  0.1455E+02
   8.180  0.6618E+00  0.1457E+02
   8.200  0.6558E+00  0.1458E+02
   8.220  0.6523E+00  0.1459E+02
   8.240  0.6526E+00  0.1461E+02
   8.260  0.6561E+00  0.1462E+02
   8.280  0.6604E+00  0.1463E+02
   8.300  0.6627E+00  0.1465E+02
   8.320  0.6616E+00  0.1466E+02
   8.340  0.6576E+00  0.1467E+02
   8.360  0.6525E+00  0.1469E+02
   8.380  0.6486E+00  0.1470E+02
   8.400  0.6476E+00  0.1471E+02
   8.420  0.6497E+00  0.1472E+02
   8.440  0.6535E+00  0.1474E+02
   8.460  0.6569E+00  0.1475E+02
   8.480  0.6580E+00  0.1476E+02
   8.500  0.6563E+00  0.1478E+02
   8.520  0.6526E+00  0.1479E+02
   8.540  0.6488E+00  0.1480E+02
   8.560  0.6467E+00  0.1482E+02
   8.580  0.6473E+00  0.1483E+02
   8.600  0.6502E+00  0.1484E+02
   8.620  0.6539E+00  0.1486E+02
   8.640  0.6569E+00  0.1487E+02
   8.660  0.6579E+00  0.1488E+02
   8.680  0.6570E+00  0.1489E+02
   8.700  0.6549E+00  0.1491E+02
   8.720  0.6531E+00  0.1492E+02
   8.740  0.6527E+00  0.1493E+02
   8.760  0.6546E+00  0.1495E+02
   8.780  0.6587E+00  0.1496E+02
   8.800  0.6645E+00  0.1497E+02
   8.820  0.6711E+00  0.1499E+02
   8.840  0.6782E+00  0.1500E+02
   8.860  0.6866E+00  0.1501E+02
   8.880  0.6985E+00  0.1503E+02
   8.900  0.7172E+00  0.1504E+02
   8.920  0.7459E+00  0.1506E+02
   8.940  0.7858E+00  0.1507E+02
   8.960  0.8354E+00  0.1509E+02
   8.980  0.8897E+00  0.1511E+02
   9.000  0.9415E+00  0.1513E+02
   9.020  0.9833E+00  0.1515E+02
   9.040  0.1009E+01  0.1517E+02
   9.060  0.1017E+01  0.1519E+02
   9.080  0.1008E+01  0.1521E+02
   9.100  0.9867E+00  0.1523E+02
   9.120  0.9580E+00  0.1525E+02
   9.140  0.9267E+00  0.1526E+02
   9.160  0.8962E+00  0.1528E+02
   9.180  0.8680E+00  0.1530E+02
   9.200  0.8428E+00  0.1532E+02
   9.220  0.8209E+00  0.1533E+02
   9.240  0.8029E+00  0.1535E+02
   9.260  0.7893E+00  0.1536E+02
   9.280  0.7804E+00  0.1538E+02
   9.300  0.7755E+00  0.1540E+02
   9.320  0.7726E+00  0.1541E+02
   9.340  0.7696E+00  0.1543E+02
   9.360  0.7647E+00  0.1544E+02
   9.380  0.7570E+00  0.1546E+02
   9.400  0.7471E+00  0.1547E+02
   9.420  0.7362E+00  0.1549E+02
   9.440  0.7256E+00  0.1550E+02
   9.460  0.7160E+00  0.1552E+02
   9.480  0.7071E+00  0.1553E+02
   9.500  0.6978E+00  0.1554E+02
   9.520  0.6868E+00  0.1556E+02
   9.540  0.6733E+00  0.1557E+02
   9.560  0.6571E+00  0.1558E+02
   9.580  0.6387E+00  0.1560E+02
   9.600  0.6187E+00  0.1561E+02
   9.620  0.5977E+00  0.1562E+02
   9.640  0.5760E+00  0.1563E+02
   9.660  0.5542E+00  0.1564E+02
   9.680  0.5328E+00  0.1565E+02
   9.700  0.5129E+00  0.1566E+02
   9.720  0.4955E+00  0.1567E+02
   9.740  0.4816E+00  0.1568E+02
   9.760  0.4717E+00  0.1569E+02
   9.780  0.4656E+00  0.1570E+02
   9.800  0.4630E+00  0.1571E+02
   9.820  0.4628E+00  0.1572E+02
   9.840  0.4641E+00  0.1573E+02
   9.860  0.4656E+00  0.1574E+02
   9.880  0.4659E+00  0.1575E+02
   9.900  0.4634E+00  0.1576E+02
   9.920  0.4562E+00  0.1577E+02
   9.940  0.4430E+00  0.1578E+02
   9.960  0.4229E+00  0.1578E+02
   9.980  0.3962E+00  0.1579E+02
  10.000  0.3645E+00  0.1580E+02
  10.020  0.3305E+00  0.1581E+02
  10.040  0.2972E+00  0.1581E+02
  10.060  0.2672E+00  0.1582E+02
  10.080  0.2425E+00  0.1582E+02
  10.100  0.2238E+00  0.1583E+02
  10.120  0.2108E+00  0.1583E+02
  10.140  0.2023E+00  0.1584E+02
  10.160  0.1967E+00  0.1584E+02
  10.180  0.1924E+00  0.1584E+02
  10.200  0.1880E+00  0.1585E+02
  10.220  0.1831E+00  0.1585E+02
  10.240  0.1780E+00  0.1585E+02
  10.260  0.1734E+00  0.1586E+02
  10.280  0.1704E+00  0.1586E+02
  10.300  0.1691E+00  0.1586E+02
  10.320  0.1690E+00  0.1587E+02
  10.340  0.1689E+00  0.1587E+02
  10.360  0.1674E+00  0.1587E+02
  10.380  0.1639E+00  0.1588E+02
  10.400  0.1590E+00  0.1588E+02
  10.420  0.1539E+00  0.1588E+02
  10.440  0.1503E+00  0.1589E+02
  10.460  0.1490E+00  0.1589E+02
  10.480  0.1498E+00  0.1589E+02
  10.500  0.1511E+00  0.1590E+02
  10.520  0.1512E+00  0.1590E+02
  10.540  0.1489E+00  0.1590E+02
  10.560  0.1443E+00  0.1591E+02
  10.580  0.1391E+00  0.1591E+02
  10.600  0.1349E+00  0.1591E+02
  10.620  0.1332E+00  0.1591E+02
  10.640  0.1339E+00  0.1592E+02
  10.660  0.1356E+00  0.1592E+02
  10.680  0.1365E+00  0.1592E+02
  10.700  0.1354E+00  0.1592E+02
  10.720  0.1321E+00  0.1593E+02
  10.740  0.1277E+00  0.1593E+02
  10.760  0.1238E+00  0.1593E+02
  10.780  0.1216E+00  0.1593E+02
  10.800  0.1214E+00  0.1594E+02
  10.820  0.1224E+00  0.1594E+02
  10.840  0.1235E+00  0.1594E+02
  10.860  0.1235E+00  0.1594E+02
  10.880  0.1220E+00  0.1595E+02
  10.900  0.1192E+00  0.1595E+02
  10.920  0.1159E+00  0.1595E+02
  10.940  0.1133E+00  0.1595E+02
  10.960  0.1120E+00  0.1596E+02
  10.980  0.1120E+00  0.1596E+02
  11.000  0.1129E+00  0.1596E+02
  11.020  0.1137E+00  0.1596E+02
  11.040  0.1138E+00  0.1596E+02
  11.060  0.1128E+00  0.1597E+02
  11.080  0.1112E+00  0.1597E+02
  11.100  0.1101E+00  0.1597E+02
  11.120  0.1104E+00  0.1597E+02
  11.140  0.1125E+00  0.1598E+02
  11.160  0.1162E+00  0.1598E+02
  11.180  0.1204E+00  0.1598E+02
  11.200  0.1236E+00  0.1598E+02
  11.220  0.1244E+00  0.1599E+02
  11.240  0.1218E+00  0.1599E+02
  11.260  0.1155E+00  0.1599E+02
  11.280  0.1057E+00  0.1599E+02
  11.300  0.9308E-01  0.1599E+02
  11.320  0.7875E-01  0.1600E+02
  11.340  0.6375E-01  0.1600E+02
  11.360  0.4914E-01  0.1600E+02
  11.380  0.3591E-01  0.1600E+02
  11.400  0.2475E-01  0.1600E+02
  11.420  0.1601E-01  0.1600E+02
  11.440  0.9687E-02  0.1600E+02
  11.460  0.5462E-02  0.1600E+02
  11.480  0.2862E-02  0.1600E+02
  11.500  0.1391E-02  0.1600E+02
  11.520  0.6254E-03  0.1600E+02
  11.540  0.2599E-03  0.1600E+02
  11.560  0.9967E-04  0.1600E+02
  11.580  0.3525E-04  0.1600E+02
  11.600  0.1148E-04  0.1600E+02
  11.620  0.3443E-05  0.1600E+02
  11.640  0.9501E-06  0.1600E+02
  11.660  0.2411E-06  0.1600E+02
  11.680  0.5622E-07  0.1600E+02
  11.700  0.1205E-07  0.1600E+02
  11.720  0.2371E-08  0.1600E+02
  11.740  0.4285E-09  0.1600E+02
  11.760  0.7110E-10  0.1600E+02
  11.780  0.1083E-10  0.1600E+02
  11.800  0.1513E-11  0.1600E+02
  11.820  0.1940E-12  0.1600E+02
  11.840  0.2282E-13  0.1600E+02
  11.860  0.2462E-14  0.1600E+02
  11.880  0.2437E-15  0.1600E+02
  11.900  0.2211E-16  0.1600E+02
  11.920  0.1840E-17  0.1600E+02
  11.940  0.1404E-18  0.1600E+02
  11.960  0.9823E-20  0.1600E+02
  11.980  0.6300E-21  0.1600E+02
  12.000  0.3703E-22  0.1600E+02
  12.020  0.1996E-23  0.1600E+02
  12.040  0.9857E-25  0.1600E+02
  12.060  0.4462E-26  0.1600E+02
  12.080  0.1851E-27  0.1600E+02
  12.100  0.7040E-29  0.1600E+02
  12.120  0.2453E-30  0.1600E+02
  12.140  0.7832E-32  0.1600E+02
  12.160  0.2291E-33  0.1600E+02
  12.180  0.6143E-35  0.1600E+02
  12.200  0.1509E-36  0.1600E+02
  12.220  0.3395E-38  0.1600E+02
  12.240  0.7001E-40  0.1600E+02
  12.260  0.1322E-41  0.1600E+02
  12.280  0.2288E-43  0.1600E+02
  12.300  0.3628E-45  0.1600E+02
  12.320  0.5268E-47  0.1600E+02
  12.340  0.7008E-49  0.1600E+02
  12.360  0.8539E-51  0.1600E+02
  12.380  0.9532E-53  0.1600E+02
  12.400  0.9745E-55  0.1600E+02
  12.420  0.9126E-57  0.1600E+02
  12.440  0.7827E-59  0.1600E+02
  12.460  0.6149E-61  0.1600E+02
  12.480  0.4424E-63  0.1600E+02
  12.500  0.2916E-65  0.1600E+02
  12.520  0.1760E-67  0.1600E+02
  12.540  0.9726E-70  0.1600E+02
  12.560  0.4924E-72  0.1600E+02
  12.580  0.2283E-74  0.1600E+02
  12.600  0.9691E-77  0.1600E+02
  12.620  0.3768E-79  0.1600E+02
  12.640  0.1343E-81  0.1600E+02
  12.660  0.5686E-84  0.1600E+02
  12.680  0.1325E-84  0.1600E+02
  12.700  0.1312E-84  0.1600E+02
  12.720  0.1312E-84  0.1600E+02
  12.740  0.1312E-84  0.1600E+02
  12.760  0.1312E-84  0.1600E+02
  12.780  0.1312E-84  0.1600E+02
  12.800  0.1312E-84  0.1600E+02
  12.820  0.1312E-84  0.1600E+02
  12.840  0.1312E-84  0.1600E+02
  12.860  0.1312E-84  0.1600E+02
  12.880  0.1312E-84  0.1600E+02
  12.900  0.1312E-84  0.1600E+02
  12.920  0.1312E-84  0.1600E+02
  12.940  0.1312E-84  0.1600E+02
  12.960  0.1312E-84  0.1600E+02
  12.980  0.1312E-84  0.1600E+02
  13.000  0.1312E-84  0.1600E+02
  13.020  0.1312E-84  0.1600E+02
  13.040  0.1312E-84  0.1600E+02
  13.060  0.1312E-84  0.1600E+02
  13.080  0.1312E-84  0.1600E+02
  13.100  0.1312E-84  0.1600E+02
  13.120  0.1312E-84  0.1600E+02
  13.140  0.1312E-84  0.1600E+02
  13.160  0.1312E-84  0.1600E+02
  13.180  0.1312E-84  0.1600E+02
  13.200  0.1312E-84  0.1600E+02
  13.220  0.1312E-84  0.1600E+02
  13.240  0.1312E-84  0.1600E+02
  13.260  0.1312E-84  0.1600E+02
  13.280  0.1312E-84  0.1600E+02
  13.300  0.1312E-84  0.1600E+02
  13.320  0.1312E-84  0.1600E+02
  13.340  0.1312E-84  0.1600E+02
  13.360  0.1312E-84  0.1600E+02
  13.380  0.1312E-84  0.1600E+02
  13.400  0.1312E-84  0.1600E+02
  13.420  0.1312E-84  0.1600E+02
  13.440  0.1312E-84  0.1600E+02
  13.460  0.1312E-84  0.1600E+02
  13.480  0.1312E-84  0.1600E+02
  13.500  0.1312E-84  0.1600E+02
  13.520  0.1312E-84  0.1600E+02
  13.540  0.1312E-84  0.1600E+02
  13.560  0.1312E-84  0.1600E+02
  13.580  0.1312E-84  0.1600E+02
  13.600  0.1312E-84  0.1600E+02
  13.620  0.1312E-84  0.1600E+02
  13.640  0.1312E-84  0.1600E+02
  13.660  0.1312E-84  0.1600E+02
  13.680  0.1312E-84  0.1600E+02
  13.700  0.1312E-84  0.1600E+02
  13.720  0.1312E-84  0.1600E+02
  13.740  0.1312E-84  0.1600E+02
  13.760  0.1312E-84  0.1600E+02
  13.780  0.1312E-84  0.1600E+02
  13.800  0.1312E-84  0.1600E+02
  13.820  0.1312E-84  0.1600E+02
  13.840  0.1312E-84  0.1600E+02
  13.860  0.1312E-84  0.1600E+02
  13.880  0.1312E-84  0.1600E+02
  13.900  0.1312E-84  0.1600E+02
  13.920  0.1312E-84  0.1600E+02
  13.940  0.1312E-84  0.1600E+02
  13.960  0.1312E-84  0.1600E+02
  13.980  0.1312E-84  0.1600E+02
  14.000  0.1312E-84  0.1600E+02
  14.020  0.1312E-84  0.1600E+02
  14.040  0.1312E-84  0.1600E+02
  14.060  0.1312E-84  0.1600E+02
  14.080  0.1312E-84  0.1600E+02
  14.100  0.1312E-84  0.1600E+02
  14.120  0.1312E-84  0.1600E+02
  14.140  0.1312E-84  0.1600E+02
  14.160  0.1312E-84  0.1600E+02
  14.180  0.1312E-84  0.1600E+02
  14.200  0.1312E-84  0.1600E+02
  14.220  0.1312E-84  0.1600E+02
  14.240  0.1312E-84  0.1600E+02
  14.260  0.1312E-84  0.1600E+02
  14.280  0.1312E-84  0.1600E+02
  14.300  0.1312E-84  0.1600E+02
  14.320  0.1312E-84  0.1600E+02
  14.340  0.1312E-84  0.1600E+02
  14.360  0.1312E-84  0.1600E+02
  14.380  0.1312E-84  0.1600E+02
  14.400  0.1312E-84  0.1600E+02
  14.420  0.1312E-84  0.1600E+02
  14.440  0.1312E-84  0.1600E+02
  14.460  0.1312E-84  0.1600E+02
  14.480  0.1312E-84  0.1600E+02
  14.500  0.1312E-84  0.1600E+02
  14.520  0.1312E-84  0.1600E+02
  14.540  0.1312E-84  0.1600E+02
  14.560  0.1312E-84  0.1600E+02
  14.580  0.1312E-84  0.1600E+02
  14.600  0.1312E-84  0.1600E+02
  14.620  0.1312E-84  0.1600E+02
  14.640  0.1312E-84  0.1600E+02
  14.660  0.1312E-84  0.1600E+02
  14.680  0.1312E-84  0.1600E+02
  14.700  0.1312E-84  0.1600E+02
  14.720  0.1312E-84  0.1600E+02
  14.740  0.1312E-84  0.1600E+02
  14.760  0.1312E-84  0.1600E+02
  14.780  0.1312E-84  0.1600E+02
  14.800  0.1312E-84  0.1600E+02
  14.820  0.1312E-84  0.1600E+02
  14.840  0.1312E-84  0.1600E+02
  14.860  0.1312E-84  0.1600E+02
  14.880  0.1312E-84  0.1600E+02
  14.900  0.1312E-84  0.1600E+02
  14.920  0.1312E-84  0.1600E+02
  14.940  0.1312E-84  0.1600E+02
  14.960  0.1312E-84  0.1600E+02
  14.980  0.1312E-84  0.1600E+02
  15.000  0.1312E-84  0.1600E+02
