 &plot nbnd=  14, nks=    41 /
            0.000000  0.000000 -0.500000
  -19.390  -19.313  -14.271  -14.213   -9.878   -9.828   -9.432   -9.366   -7.305   -7.248
   -0.494   -0.436    1.236    1.242
            0.000000  0.000000 -0.475000
  -19.487  -19.211  -14.377  -14.102   -9.983   -9.720   -9.588   -9.224   -7.422   -7.125
   -0.642   -0.286    1.105    1.244
            0.000000  0.000000 -0.450000
  -19.608  -19.073  -14.502  -13.962  -10.106   -9.788   -9.583   -9.070   -7.558   -6.972
   -0.812   -0.108    0.949    1.112
            0.000000  0.000000 -0.425000
  -19.725  -18.928  -14.622  -13.816  -10.225   -9.997   -9.446   -8.933   -7.689   -6.813
   -0.981    0.072    0.792    0.958
            0.000000  0.000000 -0.400000
  -19.837  -18.778  -14.737  -13.666  -10.339  -10.215   -9.307   -8.815   -7.813   -6.649
   -1.146    0.252    0.639    0.807
            0.000000  0.000000 -0.375000
  -19.942  -18.624  -14.846  -13.512  -10.448  -10.439   -9.166   -8.718   -7.930   -6.480
   -1.309    0.429    0.493    0.663
            0.000000  0.000000 -0.350000
  -20.041  -18.465  -14.948  -13.355  -10.670  -10.551   -9.025   -8.641   -8.041   -6.307
   -1.469    0.353    0.528    0.597
            0.000000  0.000000 -0.325000
  -20.134  -18.304  -15.045  -13.195  -10.903  -10.648   -8.885   -8.587   -8.145   -6.131
   -1.626    0.222    0.402    0.734
            0.000000  0.000000 -0.300000
  -20.220  -18.140  -15.135  -13.034  -11.138  -10.739   -8.746   -8.554   -8.242   -5.952
   -1.781    0.099    0.286    0.745
            0.000000  0.000000 -0.275000
  -20.300  -17.974  -15.219  -12.873  -11.371  -10.824   -8.611   -8.541   -8.331   -5.771
   -1.934   -0.016    0.178    0.628
            0.000000  0.000000 -0.250000
  -20.372  -17.807  -15.296  -12.711  -11.602  -10.903   -8.547   -8.479   -8.413   -5.588
   -2.086   -0.122    0.080    0.521
            0.000000  0.000000 -0.225000
  -20.439  -17.641  -15.367  -12.551  -11.827  -10.975   -8.570   -8.487   -8.354   -5.403
   -2.236   -0.219   -0.008    0.424
            0.000000  0.000000 -0.200000
  -20.498  -17.477  -15.431  -12.395  -12.045  -11.041   -8.608   -8.554   -8.235   -5.218
   -2.386   -0.307   -0.087    0.337
            0.000000  0.000000 -0.175000
  -20.550  -17.318  -15.489  -12.253  -12.242  -11.101   -8.658   -8.613   -8.126   -5.034
   -2.536   -0.385   -0.157    0.261
            0.000000  0.000000 -0.150000
  -20.596  -17.166  -15.540  -12.447  -12.098  -11.155   -8.715   -8.665   -8.026   -4.852
   -2.686   -0.454   -0.218    0.195
            0.000000  0.000000 -0.125000
  -20.634  -17.024  -15.586  -12.623  -11.962  -11.204   -8.776   -8.708   -7.939   -4.672
   -2.835   -0.513   -0.270    0.139
            0.000000  0.000000 -0.100000
  -20.666  -16.897  -15.624  -12.778  -11.839  -11.248   -8.836   -8.744   -7.865   -4.498
   -2.983   -0.561   -0.312    0.093
            0.000000  0.000000 -0.075000
  -20.691  -16.788  -15.656  -12.905  -11.731  -11.288   -8.890   -8.772   -7.805   -4.332
   -3.127   -0.600   -0.345    0.057
            0.000000  0.000000 -0.050000
  -20.708  -16.705  -15.681  -13.001  -11.641  -11.325   -8.933   -8.792   -7.762   -4.181
   -3.261   -0.627   -0.368    0.031
            0.000000  0.000000 -0.025000
  -20.719  -16.652  -15.696  -13.061  -11.577  -11.356   -8.961   -8.804   -7.736   -4.064
   -3.368   -0.644   -0.382    0.016
            0.000000  0.000000  0.000000
  -20.722  -16.634  -15.701  -13.081  -11.551  -11.371   -8.970   -8.808   -7.727   -4.016
   -3.413   -0.649   -0.387    0.011
            0.000000  0.000000  0.025000
  -20.719  -16.652  -15.696  -13.061  -11.577  -11.356   -8.961   -8.804   -7.736   -4.064
   -3.368   -0.644   -0.382    0.016
            0.000000  0.000000  0.050000
  -20.708  -16.705  -15.681  -13.001  -11.641  -11.325   -8.933   -8.792   -7.762   -4.181
   -3.261   -0.627   -0.368    0.031
            0.000000  0.000000  0.075000
  -20.691  -16.788  -15.656  -12.905  -11.731  -11.288   -8.890   -8.772   -7.805   -4.332
   -3.127   -0.600   -0.345    0.057
            0.000000  0.000000  0.100000
  -20.666  -16.897  -15.624  -12.778  -11.839  -11.248   -8.836   -8.744   -7.865   -4.498
   -2.983   -0.561   -0.312    0.093
            0.000000  0.000000  0.125000
  -20.634  -17.024  -15.586  -12.623  -11.962  -11.204   -8.776   -8.708   -7.939   -4.672
   -2.835   -0.513   -0.270    0.139
            0.000000  0.000000  0.150000
  -20.596  -17.166  -15.540  -12.447  -12.098  -11.155   -8.715   -8.665   -8.026   -4.852
   -2.686   -0.454   -0.218    0.195
            0.000000  0.000000  0.175000
  -20.550  -17.318  -15.489  -12.253  -12.242  -11.101   -8.658   -8.613   -8.126   -5.034
   -2.536   -0.385   -0.157    0.261
            0.000000  0.000000  0.200000
  -20.498  -17.477  -15.431  -12.395  -12.045  -11.041   -8.608   -8.554   -8.235   -5.218
   -2.386   -0.307   -0.087    0.337
            0.000000  0.000000  0.225000
  -20.439  -17.641  -15.367  -12.551  -11.827  -10.975   -8.570   -8.487   -8.354   -5.403
   -2.236   -0.219   -0.008    0.424
            0.000000  0.000000  0.250000
  -20.372  -17.807  -15.296  -12.711  -11.602  -10.903   -8.547   -8.479   -8.413   -5.588
   -2.086   -0.122    0.080    0.521
            0.000000  0.000000  0.275000
  -20.300  -17.974  -15.219  -12.873  -11.371  -10.824   -8.611   -8.541   -8.331   -5.771
   -1.934   -0.016    0.178    0.628
            0.000000  0.000000  0.300000
  -20.220  -18.140  -15.135  -13.034  -11.138  -10.739   -8.746   -8.554   -8.242   -5.952
   -1.781    0.099    0.286    0.746
            0.000000  0.000000  0.325000
  -20.134  -18.304  -15.045  -13.195  -10.903  -10.648   -8.885   -8.587   -8.145   -6.131
   -1.626    0.222    0.402    0.734
            0.000000  0.000000  0.350000
  -20.041  -18.465  -14.948  -13.355  -10.670  -10.551   -9.025   -8.641   -8.041   -6.307
   -1.469    0.353    0.528    0.597
            0.000000  0.000000  0.375000
  -19.942  -18.624  -14.846  -13.512  -10.448  -10.439   -9.166   -8.718   -7.930   -6.480
   -1.309    0.429    0.493    0.663
            0.000000  0.000000  0.400000
  -19.837  -18.778  -14.737  -13.666  -10.339  -10.215   -9.307   -8.815   -7.813   -6.649
   -1.146    0.252    0.639    0.807
            0.000000  0.000000  0.425000
  -19.725  -18.928  -14.622  -13.816  -10.225   -9.997   -9.446   -8.933   -7.689   -6.813
   -0.981    0.072    0.792    0.958
            0.000000  0.000000  0.450000
  -19.608  -19.073  -14.502  -13.962  -10.106   -9.788   -9.583   -9.070   -7.558   -6.972
   -0.812   -0.108    0.949    1.112
            0.000000  0.000000  0.475000
  -19.487  -19.211  -14.377  -14.102   -9.983   -9.720   -9.588   -9.224   -7.422   -7.125
   -0.642   -0.286    1.105    1.244
            0.000000  0.000000  0.500000
  -19.390  -19.313  -14.271  -14.213   -9.878   -9.828   -9.432   -9.366   -7.305   -7.248
   -0.494   -0.436    1.236    1.242
