    0.000000000   -0.020835781   -0.020835787
    0.094486306   -0.020528371   -0.020527142
    0.188972612   -0.020216407   -0.020218355
    0.283458919   -0.019911729   -0.019909817
    0.377945225   -0.019599863   -0.019601021
    0.472431531   -0.019292390   -0.019292395
    0.566917837   -0.018984878   -0.018983748
    0.661404143   -0.018673175   -0.018674970
    0.755890450   -0.018368185   -0.018366420
    0.850376756   -0.018056562   -0.018057634
    0.944863062   -0.017748998   -0.017749003
    1.039349368   -0.017441402   -0.017440354
    1.133835674   -0.017129915   -0.017131584
    1.228321981   -0.016824667   -0.016823023
    1.322808287   -0.016513247   -0.016514247
    1.417294593   -0.016205607   -0.016205611
    1.511780899   -0.015897941   -0.015896961
    1.606267205   -0.015586633   -0.015588197
    1.700753511   -0.015281170   -0.015279628
    1.795239818   -0.014969918   -0.014970859
    1.889726124   -0.014662216   -0.014662219
    1.984212430   -0.014354492   -0.014353568
    2.078698736   -0.014043333   -0.014044809
    2.173185042   -0.013737691   -0.013736233
    2.267671349   -0.013426580   -0.013427470
    2.362157655   -0.013118825   -0.013118827
    2.456643961   -0.012811052   -0.012810175
    2.551130267   -0.012500018   -0.012501420
    2.645616573   -0.012194227   -0.012192839
    2.740102880   -0.011883232   -0.011884081
    2.834589186   -0.011575434   -0.011575436
    2.929075492   -0.011267620   -0.011266783
    3.023561798   -0.010956690   -0.010958031
    3.118048104   -0.010650775   -0.010649446
    3.212534411   -0.010339877   -0.010340691
    3.307020717   -0.010032043   -0.010032044
    3.401507023   -0.009724196   -0.009723391
    3.495993329   -0.009413350   -0.009414642
    3.590479635   -0.009107334   -0.009106053
    3.684965942   -0.008796515   -0.008797301
    3.779452248   -0.008488651   -0.008488653
    3.873938554   -0.008180778   -0.008179999
    3.968424860   -0.007870001   -0.007871252
    4.062911166   -0.007563903   -0.007562660
    4.157397473   -0.007253148   -0.007253911
    4.251883779   -0.006945260   -0.006945261
    4.346370085   -0.006637365   -0.006636607
    4.440856391   -0.006326643   -0.006327862
    4.535342697   -0.006020481   -0.006019268
    4.629829003   -0.005709775   -0.005710521
    4.724315310   -0.005401869   -0.005401870
    4.818801616   -0.005093957   -0.005093216
    4.913287922   -0.004783277   -0.004784472
    5.007774228   -0.004477066   -0.004475875
    5.102260534   -0.004166397   -0.004167130
    5.196746841   -0.003858478   -0.003858478
    5.291233147   -0.003550554   -0.003549824
    5.385719453   -0.003239903   -0.003241081
    5.480205759   -0.002933659   -0.002932484
    5.574692065   -0.002623015   -0.002623740
    5.669178372   -0.002315087   -0.002315087
    5.763664678   -0.002007156   -0.002006433
    5.858150984   -0.001696523   -0.001697690
    5.952637290   -0.001390258   -0.001389092
    6.047123596   -0.001079629   -0.001080349
    6.141609903   -0.000771696   -0.000771696
    6.236096209   -0.000463761   -0.000463042
    6.330582515   -0.000153136   -0.000154299
    6.425068821    0.000153136    0.000154299
    6.519555127    0.000463761    0.000463042
    6.614041434    0.000771696    0.000771696
    6.708527740    0.001079629    0.001080349
    6.803014046    0.001390258    0.001389092
    6.897500352    0.001696523    0.001697690
    6.991986658    0.002007156    0.002006433
    7.086472964    0.002315087    0.002315087
    7.180959271    0.002623015    0.002623740
    7.275445577    0.002933659    0.002932484
    7.369931883    0.003239903    0.003241081
    7.464418189    0.003550554    0.003549824
    7.558904495    0.003858478    0.003858478
    7.653390802    0.004166397    0.004167130
    7.747877108    0.004477066    0.004475875
    7.842363414    0.004783277    0.004784472
    7.936849720    0.005093957    0.005093216
    8.031336026    0.005401869    0.005401870
    8.125822333    0.005709775    0.005710521
    8.220308639    0.006020481    0.006019268
    8.314794945    0.006326643    0.006327862
    8.409281251    0.006637365    0.006636607
    8.503767557    0.006945260    0.006945261
    8.598253864    0.007253148    0.007253911
    8.692740170    0.007563903    0.007562660
    8.787226476    0.007870001    0.007871252
    8.881712782    0.008180778    0.008179999
    8.976199088    0.008488651    0.008488653
    9.070685395    0.008796515    0.008797301
    9.165171701    0.009107334    0.009106053
    9.259658007    0.009413350    0.009414642
    9.354144313    0.009724196    0.009723391
    9.448630619    0.010032043    0.010032044
    9.543116926    0.010339877    0.010340691
    9.637603232    0.010650775    0.010649446
    9.732089538    0.010956690    0.010958031
    9.826575844    0.011267620    0.011266783
    9.921062150    0.011575434    0.011575436
   10.015548456    0.011883232    0.011884081
   10.110034763    0.012194227    0.012192839
   10.204521069    0.012500018    0.012501420
   10.299007375    0.012811052    0.012810175
   10.393493681    0.013118825    0.013118827
   10.487979987    0.013426580    0.013427470
   10.582466294    0.013737691    0.013736233
   10.676952600    0.014043333    0.014044809
   10.771438906    0.014354492    0.014353568
   10.865925212    0.014662216    0.014662219
   10.960411518    0.014969918    0.014970859
   11.054897825    0.015281170    0.015279628
   11.149384131    0.015586633    0.015588197
   11.243870437    0.015897941    0.015896961
   11.338356743    0.016205607    0.016205611
   11.432843049    0.016513247    0.016514247
   11.527329356    0.016824667    0.016823023
   11.621815662    0.017129915    0.017131584
   11.716301968    0.017441402    0.017440354
   11.810788274    0.017748998    0.017749003
   11.905274580    0.018056562    0.018057634
   11.999760887    0.018368185    0.018366420
   12.094247193    0.018673175    0.018674970
   12.188733499    0.018984878    0.018983748
   12.283219805    0.019292390    0.019292395
   12.377706111    0.019599863    0.019601021
   12.472192418    0.019911729    0.019909817
   12.566678724    0.020216407    0.020218355
   12.661165030    0.020528371    0.020527142
   12.755651336    0.020835781    0.020835787
   12.850137642    0.021143143    0.021144407
   12.944623948    0.021455306    0.021453216
   13.039110255    0.021759605    0.021761739
   13.133596561    0.022071887    0.022070537
   13.228082867    0.022379172    0.022379180
   13.322569173    0.022686400    0.022687791
   13.417055479    0.022998924    0.022996617
   13.511541786    0.023302760    0.023305121
   13.606028092    0.023615430    0.023613933
   13.700514398    0.023922563    0.023922573
   13.795000704    0.024229625    0.024231173
   13.889487010    0.024542595    0.024540021
   13.983973317    0.024845858    0.024848500
   14.078459623    0.025159010    0.025157330
   14.172945929    0.025465954    0.025465967
   14.267432235    0.025772810    0.025774553
   14.361918541    0.026086337    0.026083429
   14.456404848    0.026388882    0.026391876
   14.550891154    0.026702639    0.026700729
   14.645377460    0.027009345    0.027009362
   14.739863766    0.027315939    0.027317929
   14.834350072    0.027630173    0.027626842
   14.928836379    0.027931805    0.027935247
   15.023322685    0.028246335    0.028244131
   15.117808991    0.028552737    0.028552759
   15.212295297    0.028858992    0.028861298
   15.306781603    0.029174140    0.029170265
   15.401267910    0.029474588    0.029478609
   15.495754216    0.029790123    0.029787536
   15.590240522    0.030096128    0.030096159
   15.684726828    0.030401939    0.030404658
   15.779213134    0.030718295    0.030713701
   15.873699440    0.031017170    0.031021958
   15.968185747    0.031334046    0.031330949
   16.062672053    0.031639519    0.031639563
   16.157158359    0.031944727    0.031948001
   16.251644665    0.032262725    0.032257162
   16.346130971    0.032559451    0.032565283
   16.440617278    0.032878171    0.032874372
   16.535103584    0.033182910    0.033182977
   16.629589890    0.033487275    0.033491311
   16.724076196    0.033807584    0.033800672
   16.818562502    0.034101261    0.034108560
   16.913048809    0.034422617    0.034417819
   17.007535115    0.034726301    0.034726411
   17.102021421    0.035029431    0.035034548
   17.196507727    0.035353146    0.035344294
   17.290994033    0.035642289    0.035651724
   17.385480340    0.035967602    0.035961327
   17.479966646    0.036269692    0.036269901
   17.574452952    0.036570906    0.036577575
   17.668939258    0.036899951    0.036888265
   17.763425564    0.037181908    0.037194497
   17.857911871    0.037513579    0.037505065
   17.952398177    0.037813083    0.037813616
   18.046884483    0.038111076    0.038119564
   18.141370789    0.038449201    0.038434407
   18.235857095    0.038718680    0.038733920
   18.330343402    0.039061619    0.039052314
   18.424829708    0.039356475    0.039360831
   18.519316014    0.039648345    0.039481756
   18.613802320    0.040004091    0.039380230
   18.708288626    0.040248601    0.039100418
   18.802774932    0.040614863    0.038608038
   18.897261239    0.040899866    0.037920767
   18.991747545    0.041177403    0.037038533
   19.086233851    0.041576122    0.035947211
   19.180720157    0.041755905    0.034668505
   19.275206463    0.042187068    0.033181333
   19.369692770    0.042443257    0.031498243
   19.464179076    0.042667296    0.029621095
   19.558665382    0.043247407    0.027531094
   19.653151688    0.043092474    0.025262341
   19.747637994    0.043971474    0.022772223
   19.842124301    0.043986648    0.020093247
   19.936610607    0.038474987    0.017405248
   20.031096913    0.031882127    0.014736190
   20.125583219    0.026678956    0.012050657
   20.220069525    0.020378503    0.009375951
   20.314555832    0.014662216    0.006696657
   20.409042138    0.008920437    0.004016433
   20.503528444    0.002739928    0.001341165
   20.598014750   -0.002739928   -0.001341165
   20.692501056   -0.008920437   -0.004016433
   20.786987363   -0.014662216   -0.006696657
   20.881473669   -0.020378503   -0.009375951
   20.975959975   -0.026678956   -0.012050657
   21.070446281   -0.031882127   -0.014736190
   21.164932587   -0.038474987   -0.017405248
   21.259418893   -0.043986648   -0.020093247
   21.353905200   -0.043971474   -0.022772223
   21.448391506   -0.043092474   -0.025262341
   21.542877812   -0.043247407   -0.027531094
   21.637364118   -0.042667296   -0.029621095
   21.731850424   -0.042443257   -0.031498243
   21.826336731   -0.042187068   -0.033181333
   21.920823037   -0.041755905   -0.034668505
   22.015309343   -0.041576122   -0.035947211
   22.109795649   -0.041177403   -0.037038533
   22.204281955   -0.040899866   -0.037920767
   22.298768262   -0.040614863   -0.038608038
   22.393254568   -0.040248601   -0.039100418
   22.487740874   -0.040004091   -0.039380230
   22.582227180   -0.039648345   -0.039481756
   22.676713486   -0.039356475   -0.039360831
   22.771199793   -0.039061619   -0.039052314
   22.865686099   -0.038718680   -0.038733920
   22.960172405   -0.038449201   -0.038434407
   23.054658711   -0.038111076   -0.038119564
   23.149145017   -0.037813083   -0.037813616
   23.243631324   -0.037513579   -0.037505065
   23.338117630   -0.037181908   -0.037194497
   23.432603936   -0.036899951   -0.036888265
   23.527090242   -0.036570906   -0.036577575
   23.621576548   -0.036269692   -0.036269901
   23.716062855   -0.035967602   -0.035961327
   23.810549161   -0.035642289   -0.035651724
   23.905035467   -0.035353146   -0.035344294
   23.999521773   -0.035029431   -0.035034548
   24.094008079   -0.034726301   -0.034726411
   24.188494385   -0.034422617   -0.034417819
   24.282980692   -0.034101261   -0.034108560
   24.377466998   -0.033807584   -0.033800672
   24.471953304   -0.033487275   -0.033491311
   24.566439610   -0.033182910   -0.033182977
   24.660925916   -0.032878171   -0.032874372
   24.755412223   -0.032559451   -0.032565283
   24.849898529   -0.032262725   -0.032257162
   24.944384835   -0.031944727   -0.031948001
   25.038871141   -0.031639519   -0.031639563
   25.133357447   -0.031334046   -0.031330949
   25.227843754   -0.031017170   -0.031021958
   25.322330060   -0.030718295   -0.030713701
   25.416816366   -0.030401939   -0.030404658
   25.511302672   -0.030096128   -0.030096159
   25.605788978   -0.029790123   -0.029787536
   25.700275285   -0.029474588   -0.029478609
   25.794761591   -0.029174140   -0.029170265
   25.889247897   -0.028858992   -0.028861298
   25.983734203   -0.028552737   -0.028552759
   26.078220509   -0.028246335   -0.028244131
   26.172706816   -0.027931805   -0.027935247
   26.267193122   -0.027630173   -0.027626842
   26.361679428   -0.027315939   -0.027317929
   26.456165734   -0.027009345   -0.027009362
   26.550652040   -0.026702639   -0.026700729
   26.645138347   -0.026388882   -0.026391876
   26.739624653   -0.026086337   -0.026083429
   26.834110959   -0.025772810   -0.025774553
   26.928597265   -0.025465954   -0.025465967
   27.023083571   -0.025159010   -0.025157330
   27.117569877   -0.024845858   -0.024848500
   27.212056184   -0.024542595   -0.024540021
   27.306542490   -0.024229625   -0.024231173
   27.401028796   -0.023922563   -0.023922573
   27.495515102   -0.023615430   -0.023613933
   27.590001408   -0.023302760   -0.023305121
   27.684487715   -0.022998924   -0.022996617
   27.778974021   -0.022686400   -0.022687791
   27.873460327   -0.022379172   -0.022379180
   27.967946633   -0.022071887   -0.022070537
   28.062432939   -0.021759605   -0.021761739
   28.156919246   -0.021455306   -0.021453216
   28.251405552   -0.021143143   -0.021144407
