    0.000000000    0.164560202    0.164560084
    0.094486306    0.164916488    0.164917802
    0.188972612    0.165277642    0.165275667
    0.283458919    0.165631418    0.165633282
    0.377945225    0.165992212    0.165991151
    0.472431531    0.166348973    0.166348858
    0.566917837    0.166705377    0.166706577
    0.661404143    0.167066232    0.167064432
    0.755890450    0.167420365    0.167422061
    0.850376756    0.167780881    0.167779918
    0.944863062    0.168137742    0.168137630
    1.039349368    0.168494250    0.168495352
    1.133835674    0.168854847    0.168853198
    1.228321981    0.169209285    0.169210838
    1.322808287    0.169569565    0.169568684
    1.417294593    0.169926508    0.169926401
    1.511780899    0.170283109    0.170284125
    1.606267205    0.170643483    0.170641963
    1.700753511    0.170998182    0.170999612
    1.795239818    0.171358263    0.171357451
    1.889726124    0.171715271    0.171715171
    1.984212430    0.172071957    0.172072896
    2.078698736    0.172432135    0.172430727
    2.173185042    0.172787060    0.172788384
    2.267671349    0.173146971    0.173146215
    2.362157655    0.173504030    0.173503937
    2.456643961    0.173860796    0.173861664
    2.551130267    0.174220800    0.174219489
    2.645616573    0.174575922    0.174577152
    2.740102880    0.174935688    0.174934976
    2.834589186    0.175292785    0.175292699
    2.929075492    0.175649627    0.175650426
    3.023561798    0.176009473    0.176008243
    3.118048104    0.176364768    0.176365910
    3.212534411    0.176724410    0.176723726
    3.307020717    0.177081533    0.177081447
    3.401507023    0.177438449    0.177439172
    3.495993329    0.177798149    0.177796980
    3.590479635    0.178153597    0.178154647
    3.684965942    0.178513133    0.178512453
    3.779452248    0.178870269    0.178870168
    3.873938554    0.179227258    0.179227886
    3.968424860    0.179586821    0.179585680
    4.062911166    0.179942402    0.179943340
    4.157397473    0.180301845    0.180301130
    4.251883779    0.180658975    0.180658829
    4.346370085    0.181016029    0.181016530
    4.440856391    0.181375456    0.181374298
    4.535342697    0.181731143    0.181731935
    4.629829003    0.182090501    0.182089691
    4.724315310    0.182447611    0.182447352
    4.818801616    0.182804729    0.182805011
    4.913287922    0.183164017    0.183162722
    5.007774228    0.183519793    0.183520299
    5.102260534    0.183879068    0.183877977
    5.196746841    0.184236128    0.184235548
    5.291233147    0.184593293    0.184593103
    5.385719453    0.184952419    0.184950681
    5.480205759    0.185308242    0.185308109
    5.574692065    0.185667409    0.185665603
    5.669178372    0.186024361    0.186022955
    5.763664678    0.186381530    0.186380253
    5.858150984    0.186740429    0.186737518
    5.952637290    0.187096214    0.187094578
    6.047123596    0.187455197    0.187451631
    6.141609903    0.187811913    0.187808453
    6.236096209    0.188168967    0.188165124
    6.330582515    0.188527480    0.188521632
    6.425068821    0.188883035    0.188877796
    6.519555127    0.189241628    0.189233774
    6.614041434    0.189597826    0.189589311
    6.708527740    0.189954461    0.189944456
    6.803014046    0.190312201    0.190299132
    6.897500352    0.190667064    0.190653114
    6.991986658    0.191024738    0.191006487
    7.086472964    0.191379750    0.191358909
    7.180959271    0.191735215    0.191710346
    7.275445577    0.192091248    0.192060588
    7.369931883    0.192444315    0.192409287
    7.464418189    0.192799769    0.192756359
    7.558904495    0.193151987    0.193101258
    7.653390802    0.193504424    0.193443738
    7.747877108    0.193856484    0.193783286
    7.842363414    0.194205076    0.194119249
    7.936849720    0.194555136    0.194451144
    8.031336026    0.194900714    0.194777950
    8.125822333    0.195245611    0.195098896
    8.220308639    0.195588235    0.195412780
    8.314794945    0.195925863    0.195718193
    8.409281251    0.196262815    0.196013720
    8.503767557    0.196592488    0.196297221
    8.598253864    0.196918923    0.196566656
    8.692740170    0.197239008    0.196819228
    8.787226476    0.197550118    0.197051714
    8.881712782    0.197855451    0.197260506
    8.976199088    0.198147061    0.197440826
    9.070685395    0.198428792    0.197587595
    9.165171701    0.198694961    0.197694278
    9.259658007    0.198942319    0.197753321
    9.354144313    0.199171793    0.197755923
    9.448630619    0.199372608    0.197691086
    9.543116926    0.199547150    0.197546471
    9.637603232    0.199684877    0.197306714
    9.732089538    0.199779983    0.196953934
    9.826575844    0.199828420    0.196466964
    9.921062150    0.199813254    0.195820035
   10.015548456    0.199732228    0.194983458
   10.110034763    0.199564959    0.193920949
   10.204521069    0.199298316    0.192590021
   10.299007375    0.198916862    0.190940169
   10.393493681    0.198389701    0.188910636
   10.487979987    0.197701828    0.186430614
   10.582466294    0.196811575    0.183414553
   10.676952600    0.195686829    0.179762137
   10.771438906    0.194285730    0.175354343
   10.865925212    0.192545204    0.170049266
   10.960411518    0.190417625    0.163681415
   11.054897825    0.187813170    0.156052834
   11.149384131    0.184652031    0.146932691
   11.243870437    0.180829808    0.136049510
   11.338356743    0.176208011    0.123081338
   11.432843049    0.170658592    0.107657433
   11.527329356    0.163981142    0.089344940
   11.621815662    0.155980266    0.067643327
   11.716301968    0.146404692    0.042001227
   11.810788274    0.134939928    0.011847116
   11.905274580    0.121266382   -0.023530534
   11.999760887    0.104930897   -0.065261619
   12.094247193    0.085470080   -0.114740112
   12.188733499    0.062300693   -0.172993891
   12.283219805    0.034714419   -0.240286764
   12.377706111    0.001969224   -0.316029929
   12.472192418   -0.036938861   -0.398854513
   12.566678724   -0.083039579   -0.486895643
   12.661165030   -0.137598629   -0.578059778
   12.755651336   -0.202184893   -0.670175749
   12.850137642   -0.278327798   -0.761064327
   12.944623948   -0.367955050   -0.848545390
   13.039110255   -0.473185050   -0.930507743
   13.133596561   -0.595606779   -1.005058656
   13.228082867   -0.735860595   -1.070791485
   13.322569173   -0.898317441   -1.127067521
   13.417055479   -1.095961809   -1.174087828
   13.511541786   -1.337021713   -1.212802600
   13.606028092   -1.610180316   -1.244510649
   13.700514398   -1.891793320   -1.270227567
   13.795000704   -2.155492921   -1.290526694
   13.889487010   -2.377144498   -1.305815872
   13.983973317   -2.541461854   -1.316450978
   14.078459623   -2.641436146   -1.322701851
   14.172945929   -2.674765276   -1.324730293
   14.267432235   -2.641337928   -1.322584798
   14.361918541   -2.541254346   -1.316214652
   14.456404848   -2.376851801   -1.305457612
   14.550891154   -2.155098057   -1.290040644
   14.645377460   -1.891312996   -1.269607563
   14.739863766   -1.609617174   -1.243748655
   14.834350072   -1.336363140   -1.211888736
   14.928836379   -1.095227050   -1.173012403
   15.023322685   -0.897479443   -1.125818228
   15.117808991   -0.734923751   -1.069356442
   15.212295297   -0.594558514   -1.003424851
   15.306781603   -0.471995311   -0.928660923
   15.401267910   -0.366627152   -0.846472265
   15.495754216   -0.276816632   -0.758749377
   15.590240522   -0.200480324   -0.667604379
   15.684726828   -0.135674536   -0.575216557
   15.779213134   -0.080853301   -0.483763902
   15.873699440   -0.034486800   -0.395418831
   15.968185747    0.004740974   -0.312272379
   16.062672053    0.037818720   -0.236190491
   16.157158359    0.065765564   -0.168541226
   16.251644665    0.089340033   -0.109912014
   16.346130971    0.109204518   -0.060040906
   16.440617278    0.125997718   -0.017897401
   16.535103584    0.140135058    0.017910652
   16.629589890    0.152085996    0.048513419
   16.724076196    0.162188843    0.074623579
   16.818562502    0.170703896    0.096809442
   16.913048809    0.177947668    0.115625144
   17.007535115    0.184058799    0.131568218
   17.102021421    0.189257214    0.145071192
   17.196507727    0.193694374    0.156506214
   17.290994033    0.197442849    0.166190186
   17.385480340    0.200688220    0.174398620
   17.479966646    0.203440449    0.181357950
   17.574452952    0.205814240    0.187265526
   17.668939258    0.207888387    0.192289987
   17.763425564    0.209641222    0.196564622
   17.857911871    0.211221595    0.200216797
   17.952398177    0.212570186    0.203339375
   18.046884483    0.213762034    0.206016698
   18.141370789    0.214856435    0.208330454
   18.235857095    0.215766463    0.210316230
   18.330343402    0.216659620    0.212058473
   18.424829708    0.217418657    0.213570044
   18.519316014    0.218111872    0.214709102
   18.613802320    0.218811133    0.215470077
   18.708288626    0.219349815    0.215922194
   18.802774932    0.219974671    0.216052264
   18.897261239    0.220480197    0.215895203
   18.991747545    0.220953578    0.215466078
   19.086233851    0.221523862    0.214762893
   19.180720157    0.221853702    0.213817822
   19.275206463    0.222421961    0.212618661
   19.369692770    0.222797635    0.211185028
   19.464179076    0.223132073    0.209525230
   19.558665382    0.223812438    0.207625464
   19.653151688    0.223747883    0.205524205
   19.747637994    0.224713437    0.203182620
   19.842124301    0.224806365    0.200636060
   19.936610607    0.219369581    0.198067152
   20.031096913    0.212847442    0.195505887
   20.125583219    0.207710003    0.192918666
   20.220069525    0.201475033    0.190334428
   20.314555832    0.195819323    0.187738857
   20.409042138    0.190137581    0.185136853
   20.503528444    0.184015505    0.182535106
   20.598014750    0.178591170    0.179922340
   20.692501056    0.172467238    0.177313417
   20.786987363    0.166778965    0.174696699
   20.881473669    0.161116450    0.172078649
   20.975959975    0.154869292    0.169463232
   21.070446281    0.149717420    0.166835325
   21.164932587    0.143177310    0.164222585
   21.259418893    0.137716264    0.161589692
   21.353905200    0.137782518    0.158964898
   21.448391506    0.138712644    0.156528147
   21.542877812    0.138607282    0.154312048
   21.637364118    0.139238455    0.152274183
   21.731850424    0.139511966    0.150448637
   21.826336731    0.139818064    0.148816775
   21.920823037    0.140299432    0.147380493
   22.015309343    0.140528104    0.146152360
   22.109795649    0.140977106    0.145111419
   22.204281955    0.141303692    0.144279319
   22.298768262    0.141638081    0.143642035
   22.393254568    0.142054154    0.143199505
   22.487740874    0.142347310    0.142969391
   22.582227180    0.142752953    0.142917504
   22.676713486    0.143093747    0.143087948
   22.771199793    0.143437742    0.143445928
   22.865686099    0.143830317    0.143813733
   22.960172405    0.144148377    0.144162578
   23.054658711    0.144536187    0.144526746
   23.149145017    0.144883094    0.144881954
   23.243631324    0.145231615    0.145239746
   23.338117630    0.145612838    0.145599540
   23.432603936    0.145943386    0.145954950
   23.527090242    0.146321978    0.146314831
   23.621576548    0.146672141    0.146671657
   23.716062855    0.147023182    0.147029378
   23.810549161    0.147397997    0.147388129
   23.905035467    0.147735769    0.147744671
   23.999521773    0.148108934    0.148103551
   24.094008079    0.148461059    0.148460795
   24.188494385    0.148813655    0.148818492
   24.282980692    0.149184476    0.149176865
   24.377466998    0.149526823    0.149533840
   24.471953304    0.149896499    0.149892308
   24.566439610    0.150249903    0.150249731
   24.660925916    0.150603522    0.150607424
   24.755412223    0.150971679    0.150965611
   24.849898529    0.151317125    0.151322808
   24.944384835    0.151684422    0.151681064
   25.038871141    0.152038714    0.152038583
   25.133357447    0.152393051    0.152396277
   25.227843754    0.152759336    0.152754359
   25.322330060    0.153106983    0.153111687
   25.416816366    0.153472577    0.153469817
   25.511302672    0.153827512    0.153827396
   25.605788978    0.154182370    0.154185093
   25.700275285    0.154547287    0.154543108
   25.794761591    0.154896556    0.154900523
   25.889247897    0.155260887    0.155258572
   25.983734203    0.155616303    0.155616189
   26.078220509    0.155971553    0.155973891
   26.172706816    0.156335436    0.156331860
   26.267193122    0.156685938    0.156689335
   26.361679428    0.157049305    0.157047329
   26.456165734    0.157405089    0.157404975
   26.550652040    0.157760642    0.157762680
   26.645138347    0.158123723    0.158120616
   26.739624653    0.158475185    0.158478136
   26.834110959    0.158837798    0.158836090
   26.928597265    0.159193871    0.159193755
   27.023083571    0.159549665    0.159551464
   27.117569877    0.159912109    0.159909376
   27.212056184    0.160264336    0.160266929
   27.306542490    0.160626348    0.160624853
   27.401028796    0.160982651    0.160982533
   27.495515102    0.161338639    0.161340246
   27.590001408    0.161700569    0.161698138
   27.684487715    0.162053414    0.162055717
   27.778974021    0.162414940    0.162413618
   27.873460327    0.162771427    0.162771310
   27.967946633    0.163127577    0.163129025
   28.062432939    0.163489084    0.163486902
   28.156919246    0.163842437    0.163844501
   28.251405552    0.164203563    0.164202384
