#  E (eV)   dos(E)     Int dos(E) EFermi =   -3.645 eV
 -24.000  0.1476E-84  0.2951E-86
 -23.980  0.1476E-84  0.5903E-86
 -23.960  0.1476E-84  0.8854E-86
 -23.940  0.1476E-84  0.1181E-85
 -23.920  0.1476E-84  0.1476E-85
 -23.900  0.1476E-84  0.1771E-85
 -23.880  0.1476E-84  0.2066E-85
 -23.860  0.1476E-84  0.2361E-85
 -23.840  0.1476E-84  0.2656E-85
 -23.820  0.1476E-84  0.2951E-85
 -23.800  0.1476E-84  0.3246E-85
 -23.780  0.1476E-84  0.3542E-85
 -23.760  0.1476E-84  0.3837E-85
 -23.740  0.1476E-84  0.4132E-85
 -23.720  0.1476E-84  0.4427E-85
 -23.700  0.1476E-84  0.4722E-85
 -23.680  0.1476E-84  0.5017E-85
 -23.660  0.1476E-84  0.5312E-85
 -23.640  0.1476E-84  0.5607E-85
 -23.620  0.1476E-84  0.5903E-85
 -23.600  0.1476E-84  0.6198E-85
 -23.580  0.1476E-84  0.6493E-85
 -23.560  0.1476E-84  0.6788E-85
 -23.540  0.1476E-84  0.7083E-85
 -23.520  0.1476E-84  0.7378E-85
 -23.500  0.1476E-84  0.7673E-85
 -23.480  0.1476E-84  0.7968E-85
 -23.460  0.1476E-84  0.8264E-85
 -23.440  0.1476E-84  0.8559E-85
 -23.420  0.1476E-84  0.8854E-85
 -23.400  0.1476E-84  0.9149E-85
 -23.380  0.1476E-84  0.9444E-85
 -23.360  0.1476E-84  0.9739E-85
 -23.340  0.1476E-84  0.1003E-84
 -23.320  0.1476E-84  0.1033E-84
 -23.300  0.1476E-84  0.1062E-84
 -23.280  0.1476E-84  0.1092E-84
 -23.260  0.1476E-84  0.1121E-84
 -23.240  0.1476E-84  0.1151E-84
 -23.220  0.1476E-84  0.1181E-84
 -23.200  0.1476E-84  0.1210E-84
 -23.180  0.1476E-84  0.1240E-84
 -23.160  0.1476E-84  0.1269E-84
 -23.140  0.1476E-84  0.1299E-84
 -23.120  0.1476E-84  0.1328E-84
 -23.100  0.1476E-84  0.1358E-84
 -23.080  0.1476E-84  0.1387E-84
 -23.060  0.1476E-84  0.1417E-84
 -23.040  0.1476E-84  0.1446E-84
 -23.020  0.1476E-84  0.1476E-84
 -23.000  0.1476E-84  0.1505E-84
 -22.980  0.1476E-84  0.1535E-84
 -22.960  0.1476E-84  0.1564E-84
 -22.940  0.1476E-84  0.1594E-84
 -22.920  0.1476E-84  0.1623E-84
 -22.900  0.1476E-84  0.1653E-84
 -22.880  0.1476E-84  0.1682E-84
 -22.860  0.1476E-84  0.1712E-84
 -22.840  0.1476E-84  0.1741E-84
 -22.820  0.1476E-84  0.1771E-84
 -22.800  0.1476E-84  0.1800E-84
 -22.780  0.1476E-84  0.1830E-84
 -22.760  0.1476E-84  0.1859E-84
 -22.740  0.1476E-84  0.1889E-84
 -22.720  0.1476E-84  0.1918E-84
 -22.700  0.1476E-84  0.1948E-84
 -22.680  0.1476E-84  0.1977E-84
 -22.660  0.1476E-84  0.2007E-84
 -22.640  0.1476E-84  0.2036E-84
 -22.620  0.1476E-84  0.2066E-84
 -22.600  0.1476E-84  0.2095E-84
 -22.580  0.1476E-84  0.2125E-84
 -22.560  0.1476E-84  0.2154E-84
 -22.540  0.1476E-84  0.2184E-84
 -22.520  0.1476E-84  0.2213E-84
 -22.500  0.1476E-84  0.2243E-84
 -22.480  0.1476E-84  0.2272E-84
 -22.460  0.1476E-84  0.2302E-84
 -22.440  0.1476E-84  0.2332E-84
 -22.420  0.1476E-84  0.2361E-84
 -22.400  0.1476E-84  0.2391E-84
 -22.380  0.1476E-84  0.2420E-84
 -22.360  0.1476E-84  0.2450E-84
 -22.340  0.1476E-84  0.2479E-84
 -22.320  0.1476E-84  0.2509E-84
 -22.300  0.1476E-84  0.2538E-84
 -22.280  0.1476E-84  0.2568E-84
 -22.260  0.1476E-84  0.2597E-84
 -22.240  0.1476E-84  0.2627E-84
 -22.220  0.1476E-84  0.2656E-84
 -22.200  0.1476E-84  0.2686E-84
 -22.180  0.1476E-84  0.2715E-84
 -22.160  0.1476E-84  0.2745E-84
 -22.140  0.1476E-84  0.2774E-84
 -22.120  0.1476E-84  0.2804E-84
 -22.100  0.1476E-84  0.2833E-84
 -22.080  0.1476E-84  0.2863E-84
 -22.060  0.1476E-84  0.2892E-84
 -22.040  0.1476E-84  0.2922E-84
 -22.020  0.1476E-84  0.2951E-84
 -22.000  0.1476E-84  0.2981E-84
 -21.980  0.1476E-84  0.3010E-84
 -21.960  0.1476E-84  0.3040E-84
 -21.940  0.1476E-84  0.3069E-84
 -21.920  0.1476E-84  0.3099E-84
 -21.900  0.1476E-84  0.3128E-84
 -21.880  0.1476E-84  0.3158E-84
 -21.860  0.1476E-84  0.3187E-84
 -21.840  0.1476E-84  0.3217E-84
 -21.820  0.1476E-84  0.3246E-84
 -21.800  0.1476E-84  0.3276E-84
 -21.780  0.1513E-84  0.3306E-84
 -21.760  0.1777E-83  0.3662E-84
 -21.740  0.5275E-81  0.1092E-82
 -21.720  0.1561E-78  0.3134E-80
 -21.700  0.4234E-76  0.8499E-78
 -21.680  0.1051E-73  0.2111E-75
 -21.660  0.2390E-71  0.4801E-73
 -21.640  0.4976E-69  0.9999E-71
 -21.620  0.9485E-67  0.1907E-68
 -21.600  0.1656E-64  0.3331E-66
 -21.580  0.2647E-62  0.5327E-64
 -21.560  0.3875E-60  0.7803E-62
 -21.540  0.5194E-58  0.1047E-59
 -21.520  0.6376E-56  0.1286E-57
 -21.500  0.7167E-54  0.1446E-55
 -21.480  0.7378E-52  0.1490E-53
 -21.460  0.6954E-50  0.1406E-51
 -21.440  0.6003E-48  0.1215E-49
 -21.420  0.4746E-46  0.9613E-48
 -21.400  0.3435E-44  0.6967E-46
 -21.380  0.2277E-42  0.4625E-44
 -21.360  0.1383E-40  0.2812E-42
 -21.340  0.7688E-39  0.1566E-40
 -21.320  0.3914E-37  0.7986E-39
 -21.300  0.1825E-35  0.3731E-37
 -21.280  0.7795E-34  0.1596E-35
 -21.260  0.3049E-32  0.6258E-34
 -21.240  0.1092E-30  0.2247E-32
 -21.220  0.3583E-29  0.7391E-31
 -21.200  0.1077E-27  0.2227E-29
 -21.180  0.2963E-26  0.6148E-28
 -21.160  0.7467E-25  0.1555E-26
 -21.140  0.1724E-23  0.3603E-25
 -21.120  0.3645E-22  0.7651E-24
 -21.100  0.7060E-21  0.1488E-22
 -21.080  0.1252E-19  0.2654E-21
 -21.060  0.2035E-18  0.4336E-20
 -21.040  0.3030E-17  0.6494E-19
 -21.020  0.4132E-16  0.8913E-18
 -21.000  0.5162E-15  0.1122E-16
 -20.980  0.5908E-14  0.1294E-15
 -20.960  0.6195E-13  0.1368E-14
 -20.940  0.5951E-12  0.1327E-13
 -20.920  0.5239E-11  0.1180E-12
 -20.900  0.4226E-10  0.9632E-12
 -20.880  0.3123E-09  0.7210E-11
 -20.860  0.2116E-08  0.4952E-10
 -20.840  0.1314E-07  0.3122E-09
 -20.820  0.7475E-07  0.1807E-08
 -20.800  0.3899E-06  0.9606E-08
 -20.780  0.1865E-05  0.4691E-07
 -20.760  0.8179E-05  0.2105E-06
 -20.740  0.3290E-04  0.8684E-06
 -20.720  0.1214E-03  0.3296E-05
 -20.700  0.4108E-03  0.1151E-04
 -20.680  0.1276E-02  0.3704E-04
 -20.660  0.3640E-02  0.1098E-03
 -20.640  0.9532E-02  0.3005E-03
 -20.620  0.2294E-01  0.7592E-03
 -20.600  0.5075E-01  0.1774E-02
 -20.580  0.1033E+00  0.3840E-02
 -20.560  0.1935E+00  0.7711E-02
 -20.540  0.3343E+00  0.1440E-01
 -20.520  0.5331E+00  0.2506E-01
 -20.500  0.7861E+00  0.4078E-01
 -20.480  0.1074E+01  0.6227E-01
 -20.460  0.1365E+01  0.8958E-01
 -20.440  0.1619E+01  0.1220E+00
 -20.420  0.1802E+01  0.1580E+00
 -20.400  0.1894E+01  0.1959E+00
 -20.380  0.1896E+01  0.2338E+00
 -20.360  0.1826E+01  0.2703E+00
 -20.340  0.1710E+01  0.3045E+00
 -20.320  0.1576E+01  0.3360E+00
 -20.300  0.1444E+01  0.3649E+00
 -20.280  0.1327E+01  0.3915E+00
 -20.260  0.1228E+01  0.4160E+00
 -20.240  0.1146E+01  0.4389E+00
 -20.220  0.1080E+01  0.4605E+00
 -20.200  0.1024E+01  0.4810E+00
 -20.180  0.9779E+00  0.5006E+00
 -20.160  0.9380E+00  0.5193E+00
 -20.140  0.9031E+00  0.5374E+00
 -20.120  0.8722E+00  0.5548E+00
 -20.100  0.8444E+00  0.5717E+00
 -20.080  0.8193E+00  0.5881E+00
 -20.060  0.7964E+00  0.6040E+00
 -20.040  0.7755E+00  0.6196E+00
 -20.020  0.7561E+00  0.6347E+00
 -20.000  0.7382E+00  0.6494E+00
 -19.980  0.7216E+00  0.6639E+00
 -19.960  0.7060E+00  0.6780E+00
 -19.940  0.6915E+00  0.6918E+00
 -19.920  0.6779E+00  0.7054E+00
 -19.900  0.6650E+00  0.7187E+00
 -19.880  0.6529E+00  0.7317E+00
 -19.860  0.6414E+00  0.7446E+00
 -19.840  0.6306E+00  0.7572E+00
 -19.820  0.6203E+00  0.7696E+00
 -19.800  0.6105E+00  0.7818E+00
 -19.780  0.6011E+00  0.7938E+00
 -19.760  0.5922E+00  0.8057E+00
 -19.740  0.5837E+00  0.8173E+00
 -19.720  0.5755E+00  0.8288E+00
 -19.700  0.5677E+00  0.8402E+00
 -19.680  0.5602E+00  0.8514E+00
 -19.660  0.5530E+00  0.8625E+00
 -19.640  0.5461E+00  0.8734E+00
 -19.620  0.5394E+00  0.8842E+00
 -19.600  0.5330E+00  0.8948E+00
 -19.580  0.5268E+00  0.9054E+00
 -19.560  0.5209E+00  0.9158E+00
 -19.540  0.5151E+00  0.9261E+00
 -19.520  0.5096E+00  0.9363E+00
 -19.500  0.5042E+00  0.9464E+00
 -19.480  0.4990E+00  0.9563E+00
 -19.460  0.4939E+00  0.9662E+00
 -19.440  0.4890E+00  0.9760E+00
 -19.420  0.4843E+00  0.9857E+00
 -19.400  0.4797E+00  0.9953E+00
 -19.380  0.4752E+00  0.1005E+01
 -19.360  0.4708E+00  0.1014E+01
 -19.340  0.4666E+00  0.1024E+01
 -19.320  0.4625E+00  0.1033E+01
 -19.300  0.4585E+00  0.1042E+01
 -19.280  0.4546E+00  0.1051E+01
 -19.260  0.4508E+00  0.1060E+01
 -19.240  0.4471E+00  0.1069E+01
 -19.220  0.4435E+00  0.1078E+01
 -19.200  0.4400E+00  0.1087E+01
 -19.180  0.4366E+00  0.1095E+01
 -19.160  0.4332E+00  0.1104E+01
 -19.140  0.4300E+00  0.1113E+01
 -19.120  0.4268E+00  0.1121E+01
 -19.100  0.4237E+00  0.1130E+01
 -19.080  0.4206E+00  0.1138E+01
 -19.060  0.4177E+00  0.1146E+01
 -19.040  0.4147E+00  0.1155E+01
 -19.020  0.4119E+00  0.1163E+01
 -19.000  0.4091E+00  0.1171E+01
 -18.980  0.4064E+00  0.1179E+01
 -18.960  0.4037E+00  0.1187E+01
 -18.940  0.4011E+00  0.1195E+01
 -18.920  0.3985E+00  0.1203E+01
 -18.900  0.3960E+00  0.1211E+01
 -18.880  0.3936E+00  0.1219E+01
 -18.860  0.3911E+00  0.1227E+01
 -18.840  0.3888E+00  0.1235E+01
 -18.820  0.3865E+00  0.1242E+01
 -18.800  0.3842E+00  0.1250E+01
 -18.780  0.3819E+00  0.1258E+01
 -18.760  0.3797E+00  0.1265E+01
 -18.740  0.3776E+00  0.1273E+01
 -18.720  0.3755E+00  0.1280E+01
 -18.700  0.3734E+00  0.1288E+01
 -18.680  0.3714E+00  0.1295E+01
 -18.660  0.3693E+00  0.1303E+01
 -18.640  0.3674E+00  0.1310E+01
 -18.620  0.3654E+00  0.1317E+01
 -18.600  0.3635E+00  0.1325E+01
 -18.580  0.3617E+00  0.1332E+01
 -18.560  0.3598E+00  0.1339E+01
 -18.540  0.3580E+00  0.1346E+01
 -18.520  0.3562E+00  0.1353E+01
 -18.500  0.3545E+00  0.1360E+01
 -18.480  0.3527E+00  0.1368E+01
 -18.460  0.3510E+00  0.1375E+01
 -18.440  0.3494E+00  0.1382E+01
 -18.420  0.3477E+00  0.1388E+01
 -18.400  0.3461E+00  0.1395E+01
 -18.380  0.3445E+00  0.1402E+01
 -18.360  0.3429E+00  0.1409E+01
 -18.340  0.3414E+00  0.1416E+01
 -18.320  0.3399E+00  0.1423E+01
 -18.300  0.3384E+00  0.1430E+01
 -18.280  0.3369E+00  0.1436E+01
 -18.260  0.3354E+00  0.1443E+01
 -18.240  0.3340E+00  0.1450E+01
 -18.220  0.3326E+00  0.1456E+01
 -18.200  0.3312E+00  0.1463E+01
 -18.180  0.3298E+00  0.1470E+01
 -18.160  0.3284E+00  0.1476E+01
 -18.140  0.3271E+00  0.1483E+01
 -18.120  0.3258E+00  0.1489E+01
 -18.100  0.3245E+00  0.1496E+01
 -18.080  0.3232E+00  0.1502E+01
 -18.060  0.3219E+00  0.1509E+01
 -18.040  0.3206E+00  0.1515E+01
 -18.020  0.3194E+00  0.1521E+01
 -18.000  0.3182E+00  0.1528E+01
 -17.980  0.3170E+00  0.1534E+01
 -17.960  0.3158E+00  0.1540E+01
 -17.940  0.3146E+00  0.1547E+01
 -17.920  0.3135E+00  0.1553E+01
 -17.900  0.3123E+00  0.1559E+01
 -17.880  0.3112E+00  0.1565E+01
 -17.860  0.3101E+00  0.1572E+01
 -17.840  0.3090E+00  0.1578E+01
 -17.820  0.3079E+00  0.1584E+01
 -17.800  0.3068E+00  0.1590E+01
 -17.780  0.3058E+00  0.1596E+01
 -17.760  0.3047E+00  0.1602E+01
 -17.740  0.3037E+00  0.1608E+01
 -17.720  0.3027E+00  0.1614E+01
 -17.700  0.3016E+00  0.1620E+01
 -17.680  0.3007E+00  0.1626E+01
 -17.660  0.2997E+00  0.1632E+01
 -17.640  0.2987E+00  0.1638E+01
 -17.620  0.2977E+00  0.1644E+01
 -17.600  0.2968E+00  0.1650E+01
 -17.580  0.2958E+00  0.1656E+01
 -17.560  0.2949E+00  0.1662E+01
 -17.540  0.2940E+00  0.1668E+01
 -17.520  0.2931E+00  0.1674E+01
 -17.500  0.2922E+00  0.1680E+01
 -17.480  0.2913E+00  0.1686E+01
 -17.460  0.2904E+00  0.1691E+01
 -17.440  0.2895E+00  0.1697E+01
 -17.420  0.2887E+00  0.1703E+01
 -17.400  0.2878E+00  0.1709E+01
 -17.380  0.2870E+00  0.1714E+01
 -17.360  0.2862E+00  0.1720E+01
 -17.340  0.2854E+00  0.1726E+01
 -17.320  0.2845E+00  0.1732E+01
 -17.300  0.2837E+00  0.1737E+01
 -17.280  0.2829E+00  0.1743E+01
 -17.260  0.2822E+00  0.1749E+01
 -17.240  0.2814E+00  0.1754E+01
 -17.220  0.2806E+00  0.1760E+01
 -17.200  0.2799E+00  0.1765E+01
 -17.180  0.2791E+00  0.1771E+01
 -17.160  0.2784E+00  0.1777E+01
 -17.140  0.2776E+00  0.1782E+01
 -17.120  0.2769E+00  0.1788E+01
 -17.100  0.2762E+00  0.1793E+01
 -17.080  0.2755E+00  0.1799E+01
 -17.060  0.2748E+00  0.1804E+01
 -17.040  0.2741E+00  0.1810E+01
 -17.020  0.2734E+00  0.1815E+01
 -17.000  0.2727E+00  0.1821E+01
 -16.980  0.2720E+00  0.1826E+01
 -16.960  0.2714E+00  0.1831E+01
 -16.940  0.2707E+00  0.1837E+01
 -16.920  0.2701E+00  0.1842E+01
 -16.900  0.2694E+00  0.1848E+01
 -16.880  0.2688E+00  0.1853E+01
 -16.860  0.2681E+00  0.1858E+01
 -16.840  0.2675E+00  0.1864E+01
 -16.820  0.2669E+00  0.1869E+01
 -16.800  0.2663E+00  0.1874E+01
 -16.780  0.2657E+00  0.1880E+01
 -16.760  0.2651E+00  0.1885E+01
 -16.740  0.2645E+00  0.1890E+01
 -16.720  0.2639E+00  0.1896E+01
 -16.700  0.2634E+00  0.1901E+01
 -16.680  0.2628E+00  0.1906E+01
 -16.660  0.2622E+00  0.1911E+01
 -16.640  0.2617E+00  0.1917E+01
 -16.620  0.2612E+00  0.1922E+01
 -16.600  0.2606E+00  0.1927E+01
 -16.580  0.2601E+00  0.1932E+01
 -16.560  0.2596E+00  0.1937E+01
 -16.540  0.2592E+00  0.1943E+01
 -16.520  0.2588E+00  0.1948E+01
 -16.500  0.2584E+00  0.1953E+01
 -16.480  0.2580E+00  0.1958E+01
 -16.460  0.2576E+00  0.1963E+01
 -16.440  0.2571E+00  0.1968E+01
 -16.420  0.2564E+00  0.1973E+01
 -16.400  0.2555E+00  0.1979E+01
 -16.380  0.2543E+00  0.1984E+01
 -16.360  0.2529E+00  0.1989E+01
 -16.340  0.2516E+00  0.1994E+01
 -16.320  0.2505E+00  0.1999E+01
 -16.300  0.2499E+00  0.2004E+01
 -16.280  0.2499E+00  0.2009E+01
 -16.260  0.2502E+00  0.2014E+01
 -16.240  0.2506E+00  0.2019E+01
 -16.220  0.2510E+00  0.2024E+01
 -16.200  0.2511E+00  0.2029E+01
 -16.180  0.2509E+00  0.2034E+01
 -16.160  0.2506E+00  0.2039E+01
 -16.140  0.2501E+00  0.2044E+01
 -16.120  0.2496E+00  0.2049E+01
 -16.100  0.2490E+00  0.2054E+01
 -16.080  0.2485E+00  0.2059E+01
 -16.060  0.2480E+00  0.2064E+01
 -16.040  0.2475E+00  0.2069E+01
 -16.020  0.2471E+00  0.2074E+01
 -16.000  0.2467E+00  0.2079E+01
 -15.980  0.2463E+00  0.2084E+01
 -15.960  0.2459E+00  0.2088E+01
 -15.940  0.2455E+00  0.2093E+01
 -15.920  0.2451E+00  0.2098E+01
 -15.900  0.2447E+00  0.2103E+01
 -15.880  0.2444E+00  0.2108E+01
 -15.860  0.2440E+00  0.2113E+01
 -15.840  0.2436E+00  0.2118E+01
 -15.820  0.2433E+00  0.2123E+01
 -15.800  0.2430E+00  0.2127E+01
 -15.780  0.2426E+00  0.2132E+01
 -15.760  0.2423E+00  0.2137E+01
 -15.740  0.2420E+00  0.2142E+01
 -15.720  0.2416E+00  0.2147E+01
 -15.700  0.2413E+00  0.2152E+01
 -15.680  0.2410E+00  0.2157E+01
 -15.660  0.2407E+00  0.2161E+01
 -15.640  0.2404E+00  0.2166E+01
 -15.620  0.2401E+00  0.2171E+01
 -15.600  0.2399E+00  0.2176E+01
 -15.580  0.2396E+00  0.2181E+01
 -15.560  0.2393E+00  0.2185E+01
 -15.540  0.2390E+00  0.2190E+01
 -15.520  0.2388E+00  0.2195E+01
 -15.500  0.2385E+00  0.2200E+01
 -15.480  0.2383E+00  0.2204E+01
 -15.460  0.2380E+00  0.2209E+01
 -15.440  0.2378E+00  0.2214E+01
 -15.420  0.2375E+00  0.2219E+01
 -15.400  0.2373E+00  0.2223E+01
 -15.380  0.2371E+00  0.2228E+01
 -15.360  0.2369E+00  0.2233E+01
 -15.340  0.2367E+00  0.2238E+01
 -15.320  0.2365E+00  0.2242E+01
 -15.300  0.2363E+00  0.2247E+01
 -15.280  0.2361E+00  0.2252E+01
 -15.260  0.2359E+00  0.2257E+01
 -15.240  0.2357E+00  0.2261E+01
 -15.220  0.2356E+00  0.2266E+01
 -15.200  0.2354E+00  0.2271E+01
 -15.180  0.2353E+00  0.2275E+01
 -15.160  0.2351E+00  0.2280E+01
 -15.140  0.2350E+00  0.2285E+01
 -15.120  0.2348E+00  0.2289E+01
 -15.100  0.2347E+00  0.2294E+01
 -15.080  0.2346E+00  0.2299E+01
 -15.060  0.2345E+00  0.2304E+01
 -15.040  0.2344E+00  0.2308E+01
 -15.020  0.2343E+00  0.2313E+01
 -15.000  0.2342E+00  0.2318E+01
 -14.980  0.2341E+00  0.2322E+01
 -14.960  0.2341E+00  0.2327E+01
 -14.940  0.2340E+00  0.2332E+01
 -14.920  0.2340E+00  0.2336E+01
 -14.900  0.2339E+00  0.2341E+01
 -14.880  0.2339E+00  0.2346E+01
 -14.860  0.2339E+00  0.2350E+01
 -14.840  0.2339E+00  0.2355E+01
 -14.820  0.2339E+00  0.2360E+01
 -14.800  0.2339E+00  0.2364E+01
 -14.780  0.2339E+00  0.2369E+01
 -14.760  0.2340E+00  0.2374E+01
 -14.740  0.2340E+00  0.2378E+01
 -14.720  0.2341E+00  0.2383E+01
 -14.700  0.2342E+00  0.2388E+01
 -14.680  0.2342E+00  0.2392E+01
 -14.660  0.2343E+00  0.2397E+01
 -14.640  0.2345E+00  0.2402E+01
 -14.620  0.2346E+00  0.2407E+01
 -14.600  0.2348E+00  0.2411E+01
 -14.580  0.2349E+00  0.2416E+01
 -14.560  0.2351E+00  0.2421E+01
 -14.540  0.2353E+00  0.2425E+01
 -14.520  0.2355E+00  0.2430E+01
 -14.500  0.2358E+00  0.2435E+01
 -14.480  0.2360E+00  0.2439E+01
 -14.460  0.2363E+00  0.2444E+01
 -14.440  0.2366E+00  0.2449E+01
 -14.420  0.2369E+00  0.2454E+01
 -14.400  0.2373E+00  0.2458E+01
 -14.380  0.2377E+00  0.2463E+01
 -14.360  0.2381E+00  0.2468E+01
 -14.340  0.2385E+00  0.2473E+01
 -14.320  0.2390E+00  0.2478E+01
 -14.300  0.2397E+00  0.2482E+01
 -14.280  0.2406E+00  0.2487E+01
 -14.260  0.2425E+00  0.2492E+01
 -14.240  0.2467E+00  0.2497E+01
 -14.220  0.2559E+00  0.2502E+01
 -14.200  0.2754E+00  0.2508E+01
 -14.180  0.3140E+00  0.2514E+01
 -14.160  0.3842E+00  0.2521E+01
 -14.140  0.5004E+00  0.2531E+01
 -14.120  0.6755E+00  0.2545E+01
 -14.100  0.9140E+00  0.2563E+01
 -14.080  0.1207E+01  0.2587E+01
 -14.060  0.1528E+01  0.2618E+01
 -14.040  0.1838E+01  0.2655E+01
 -14.020  0.2095E+01  0.2697E+01
 -14.000  0.2265E+01  0.2742E+01
 -13.980  0.2336E+01  0.2789E+01
 -13.960  0.2313E+01  0.2835E+01
 -13.940  0.2222E+01  0.2879E+01
 -13.920  0.2092E+01  0.2921E+01
 -13.900  0.1951E+01  0.2960E+01
 -13.880  0.1818E+01  0.2997E+01
 -13.860  0.1703E+01  0.3031E+01
 -13.840  0.1608E+01  0.3063E+01
 -13.820  0.1531E+01  0.3093E+01
 -13.800  0.1470E+01  0.3123E+01
 -13.780  0.1420E+01  0.3151E+01
 -13.760  0.1380E+01  0.3179E+01
 -13.740  0.1346E+01  0.3206E+01
 -13.720  0.1317E+01  0.3232E+01
 -13.700  0.1294E+01  0.3258E+01
 -13.680  0.1274E+01  0.3283E+01
 -13.660  0.1258E+01  0.3309E+01
 -13.640  0.1245E+01  0.3333E+01
 -13.620  0.1234E+01  0.3358E+01
 -13.600  0.1227E+01  0.3383E+01
 -13.580  0.1223E+01  0.3407E+01
 -13.560  0.1222E+01  0.3432E+01
 -13.540  0.1224E+01  0.3456E+01
 -13.520  0.1230E+01  0.3481E+01
 -13.500  0.1240E+01  0.3505E+01
 -13.480  0.1255E+01  0.3531E+01
 -13.460  0.1276E+01  0.3556E+01
 -13.440  0.1307E+01  0.3582E+01
 -13.420  0.1348E+01  0.3609E+01
 -13.400  0.1402E+01  0.3637E+01
 -13.380  0.1472E+01  0.3667E+01
 -13.360  0.1555E+01  0.3698E+01
 -13.340  0.1646E+01  0.3731E+01
 -13.320  0.1731E+01  0.3765E+01
 -13.300  0.1789E+01  0.3801E+01
 -13.280  0.1796E+01  0.3837E+01
 -13.260  0.1733E+01  0.3872E+01
 -13.240  0.1591E+01  0.3903E+01
 -13.220  0.1379E+01  0.3931E+01
 -13.200  0.1120E+01  0.3953E+01
 -13.180  0.8493E+00  0.3970E+01
 -13.160  0.5985E+00  0.3982E+01
 -13.140  0.3908E+00  0.3990E+01
 -13.120  0.2360E+00  0.3995E+01
 -13.100  0.1315E+00  0.3998E+01
 -13.080  0.6753E-01  0.3999E+01
 -13.060  0.3194E-01  0.4000E+01
 -13.040  0.1389E-01  0.4000E+01
 -13.020  0.5556E-02  0.4000E+01
 -13.000  0.2041E-02  0.4000E+01
 -12.980  0.6888E-03  0.4000E+01
 -12.960  0.2133E-03  0.4000E+01
 -12.940  0.6065E-04  0.4000E+01
 -12.920  0.1582E-04  0.4000E+01
 -12.900  0.3784E-05  0.4000E+01
 -12.880  0.8301E-06  0.4000E+01
 -12.860  0.1670E-06  0.4000E+01
 -12.840  0.3080E-07  0.4000E+01
 -12.820  0.5207E-08  0.4000E+01
 -12.800  0.8069E-09  0.4000E+01
 -12.780  0.1146E-09  0.4000E+01
 -12.760  0.1492E-10  0.4000E+01
 -12.740  0.1779E-11  0.4000E+01
 -12.720  0.1945E-12  0.4000E+01
 -12.700  0.1948E-13  0.4000E+01
 -12.680  0.1787E-14  0.4000E+01
 -12.660  0.1502E-15  0.4000E+01
 -12.640  0.1157E-16  0.4000E+01
 -12.620  0.8162E-18  0.4000E+01
 -12.600  0.5275E-19  0.4000E+01
 -12.580  0.3127E-20  0.4000E+01
 -12.560  0.2450E-21  0.4000E+01
 -12.540  0.1432E-20  0.4000E+01
 -12.520  0.2452E-19  0.4000E+01
 -12.500  0.3869E-18  0.4000E+01
 -12.480  0.5593E-17  0.4000E+01
 -12.460  0.7406E-16  0.4000E+01
 -12.440  0.8985E-15  0.4000E+01
 -12.420  0.9986E-14  0.4000E+01
 -12.400  0.1017E-12  0.4000E+01
 -12.380  0.9487E-12  0.4000E+01
 -12.360  0.8111E-11  0.4000E+01
 -12.340  0.6354E-10  0.4000E+01
 -12.320  0.4561E-09  0.4000E+01
 -12.300  0.3001E-08  0.4000E+01
 -12.280  0.1810E-07  0.4000E+01
 -12.260  0.1001E-06  0.4000E+01
 -12.240  0.5071E-06  0.4000E+01
 -12.220  0.2356E-05  0.4000E+01
 -12.200  0.1004E-04  0.4000E+01
 -12.180  0.3924E-04  0.4000E+01
 -12.160  0.1407E-03  0.4000E+01
 -12.140  0.4629E-03  0.4000E+01
 -12.120  0.1398E-02  0.4000E+01
 -12.100  0.3876E-02  0.4000E+01
 -12.080  0.9874E-02  0.4000E+01
 -12.060  0.2311E-01  0.4001E+01
 -12.040  0.4976E-01  0.4002E+01
 -12.020  0.9861E-01  0.4004E+01
 -12.000  0.1800E+00  0.4007E+01
 -11.980  0.3031E+00  0.4013E+01
 -11.960  0.4717E+00  0.4023E+01
 -11.940  0.6794E+00  0.4036E+01
 -11.920  0.9085E+00  0.4055E+01
 -11.900  0.1132E+01  0.4077E+01
 -11.880  0.1319E+01  0.4104E+01
 -11.860  0.1448E+01  0.4133E+01
 -11.840  0.1506E+01  0.4163E+01
 -11.820  0.1500E+01  0.4193E+01
 -11.800  0.1445E+01  0.4222E+01
 -11.780  0.1362E+01  0.4249E+01
 -11.760  0.1271E+01  0.4274E+01
 -11.740  0.1183E+01  0.4298E+01
 -11.720  0.1108E+01  0.4320E+01
 -11.700  0.1045E+01  0.4341E+01
 -11.680  0.9945E+00  0.4361E+01
 -11.660  0.9539E+00  0.4380E+01
 -11.640  0.9207E+00  0.4398E+01
 -11.620  0.8931E+00  0.4416E+01
 -11.600  0.8697E+00  0.4434E+01
 -11.580  0.8495E+00  0.4451E+01
 -11.560  0.8318E+00  0.4467E+01
 -11.540  0.8163E+00  0.4484E+01
 -11.520  0.8024E+00  0.4500E+01
 -11.500  0.7899E+00  0.4515E+01
 -11.480  0.7786E+00  0.4531E+01
 -11.460  0.7684E+00  0.4546E+01
 -11.440  0.7591E+00  0.4562E+01
 -11.420  0.7506E+00  0.4577E+01
 -11.400  0.7428E+00  0.4591E+01
 -11.380  0.7356E+00  0.4606E+01
 -11.360  0.7290E+00  0.4621E+01
 -11.340  0.7229E+00  0.4635E+01
 -11.320  0.7172E+00  0.4650E+01
 -11.300  0.7120E+00  0.4664E+01
 -11.280  0.7071E+00  0.4678E+01
 -11.260  0.7025E+00  0.4692E+01
 -11.240  0.6983E+00  0.4706E+01
 -11.220  0.6944E+00  0.4720E+01
 -11.200  0.6907E+00  0.4734E+01
 -11.180  0.6873E+00  0.4747E+01
 -11.160  0.6841E+00  0.4761E+01
 -11.140  0.6811E+00  0.4775E+01
 -11.120  0.6783E+00  0.4788E+01
 -11.100  0.6758E+00  0.4802E+01
 -11.080  0.6733E+00  0.4815E+01
 -11.060  0.6711E+00  0.4829E+01
 -11.040  0.6690E+00  0.4842E+01
 -11.020  0.6671E+00  0.4855E+01
 -11.000  0.6653E+00  0.4869E+01
 -10.980  0.6637E+00  0.4882E+01
 -10.960  0.6622E+00  0.4895E+01
 -10.940  0.6608E+00  0.4908E+01
 -10.920  0.6595E+00  0.4922E+01
 -10.900  0.6584E+00  0.4935E+01
 -10.880  0.6574E+00  0.4948E+01
 -10.860  0.6564E+00  0.4961E+01
 -10.840  0.6556E+00  0.4974E+01
 -10.820  0.6549E+00  0.4987E+01
 -10.800  0.6543E+00  0.5000E+01
 -10.780  0.6538E+00  0.5013E+01
 -10.760  0.6534E+00  0.5026E+01
 -10.740  0.6531E+00  0.5040E+01
 -10.720  0.6529E+00  0.5053E+01
 -10.700  0.6527E+00  0.5066E+01
 -10.680  0.6526E+00  0.5079E+01
 -10.660  0.6524E+00  0.5092E+01
 -10.640  0.6522E+00  0.5105E+01
 -10.620  0.6520E+00  0.5118E+01
 -10.600  0.6520E+00  0.5131E+01
 -10.580  0.6521E+00  0.5144E+01
 -10.560  0.6526E+00  0.5157E+01
 -10.540  0.6533E+00  0.5170E+01
 -10.520  0.6542E+00  0.5183E+01
 -10.500  0.6552E+00  0.5196E+01
 -10.480  0.6562E+00  0.5209E+01
 -10.460  0.6572E+00  0.5222E+01
 -10.440  0.6582E+00  0.5236E+01
 -10.420  0.6592E+00  0.5249E+01
 -10.400  0.6603E+00  0.5262E+01
 -10.380  0.6614E+00  0.5275E+01
 -10.360  0.6626E+00  0.5289E+01
 -10.340  0.6639E+00  0.5302E+01
 -10.320  0.6653E+00  0.5315E+01
 -10.300  0.6668E+00  0.5328E+01
 -10.280  0.6684E+00  0.5342E+01
 -10.260  0.6701E+00  0.5355E+01
 -10.240  0.6719E+00  0.5369E+01
 -10.220  0.6739E+00  0.5382E+01
 -10.200  0.6759E+00  0.5396E+01
 -10.180  0.6780E+00  0.5409E+01
 -10.160  0.6802E+00  0.5423E+01
 -10.140  0.6825E+00  0.5436E+01
 -10.120  0.6850E+00  0.5450E+01
 -10.100  0.6875E+00  0.5464E+01
 -10.080  0.6902E+00  0.5478E+01
 -10.060  0.6930E+00  0.5492E+01
 -10.040  0.6959E+00  0.5505E+01
 -10.020  0.6990E+00  0.5519E+01
 -10.000  0.7022E+00  0.5534E+01
  -9.980  0.7055E+00  0.5548E+01
  -9.960  0.7090E+00  0.5562E+01
  -9.940  0.7127E+00  0.5576E+01
  -9.920  0.7165E+00  0.5590E+01
  -9.900  0.7204E+00  0.5605E+01
  -9.880  0.7246E+00  0.5619E+01
  -9.860  0.7289E+00  0.5634E+01
  -9.840  0.7335E+00  0.5649E+01
  -9.820  0.7382E+00  0.5663E+01
  -9.800  0.7431E+00  0.5678E+01
  -9.780  0.7483E+00  0.5693E+01
  -9.760  0.7537E+00  0.5708E+01
  -9.740  0.7593E+00  0.5723E+01
  -9.720  0.7652E+00  0.5739E+01
  -9.700  0.7714E+00  0.5754E+01
  -9.680  0.7779E+00  0.5770E+01
  -9.660  0.7846E+00  0.5785E+01
  -9.640  0.7917E+00  0.5801E+01
  -9.620  0.7992E+00  0.5817E+01
  -9.600  0.8071E+00  0.5833E+01
  -9.580  0.8153E+00  0.5850E+01
  -9.560  0.8240E+00  0.5866E+01
  -9.540  0.8331E+00  0.5883E+01
  -9.520  0.8427E+00  0.5900E+01
  -9.500  0.8529E+00  0.5917E+01
  -9.480  0.8637E+00  0.5934E+01
  -9.460  0.8751E+00  0.5951E+01
  -9.440  0.8871E+00  0.5969E+01
  -9.420  0.9000E+00  0.5987E+01
  -9.400  0.9136E+00  0.6005E+01
  -9.380  0.9282E+00  0.6024E+01
  -9.360  0.9437E+00  0.6043E+01
  -9.340  0.9604E+00  0.6062E+01
  -9.320  0.9783E+00  0.6082E+01
  -9.300  0.9975E+00  0.6102E+01
  -9.280  0.1018E+01  0.6122E+01
  -9.260  0.1041E+01  0.6143E+01
  -9.240  0.1065E+01  0.6164E+01
  -9.220  0.1092E+01  0.6186E+01
  -9.200  0.1122E+01  0.6208E+01
  -9.180  0.1155E+01  0.6232E+01
  -9.160  0.1191E+01  0.6255E+01
  -9.140  0.1232E+01  0.6280E+01
  -9.120  0.1278E+01  0.6306E+01
  -9.100  0.1332E+01  0.6332E+01
  -9.080  0.1396E+01  0.6360E+01
  -9.060  0.1473E+01  0.6390E+01
  -9.040  0.1572E+01  0.6421E+01
  -9.020  0.1705E+01  0.6455E+01
  -9.000  0.1889E+01  0.6493E+01
  -8.980  0.2149E+01  0.6536E+01
  -8.960  0.2512E+01  0.6586E+01
  -8.940  0.2994E+01  0.6646E+01
  -8.920  0.3589E+01  0.6718E+01
  -8.900  0.4250E+01  0.6803E+01
  -8.880  0.4884E+01  0.6900E+01
  -8.860  0.5367E+01  0.7008E+01
  -8.840  0.5579E+01  0.7119E+01
  -8.820  0.5448E+01  0.7228E+01
  -8.800  0.4984E+01  0.7328E+01
  -8.780  0.4284E+01  0.7414E+01
  -8.760  0.3497E+01  0.7484E+01
  -8.740  0.2779E+01  0.7539E+01
  -8.720  0.2241E+01  0.7584E+01
  -8.700  0.1927E+01  0.7623E+01
  -8.680  0.1817E+01  0.7659E+01
  -8.660  0.1845E+01  0.7696E+01
  -8.640  0.1932E+01  0.7734E+01
  -8.620  0.2011E+01  0.7775E+01
  -8.600  0.2041E+01  0.7816E+01
  -8.580  0.2012E+01  0.7856E+01
  -8.560  0.1933E+01  0.7894E+01
  -8.540  0.1825E+01  0.7931E+01
  -8.520  0.1709E+01  0.7965E+01
  -8.500  0.1599E+01  0.7997E+01
  -8.480  0.1505E+01  0.8027E+01
  -8.460  0.1428E+01  0.8056E+01
  -8.440  0.1366E+01  0.8083E+01
  -8.420  0.1318E+01  0.8109E+01
  -8.400  0.1279E+01  0.8135E+01
  -8.380  0.1247E+01  0.8160E+01
  -8.360  0.1222E+01  0.8184E+01
  -8.340  0.1202E+01  0.8208E+01
  -8.320  0.1186E+01  0.8232E+01
  -8.300  0.1174E+01  0.8256E+01
  -8.280  0.1165E+01  0.8279E+01
  -8.260  0.1161E+01  0.8302E+01
  -8.240  0.1159E+01  0.8325E+01
  -8.220  0.1162E+01  0.8349E+01
  -8.200  0.1170E+01  0.8372E+01
  -8.180  0.1184E+01  0.8396E+01
  -8.160  0.1204E+01  0.8420E+01
  -8.140  0.1234E+01  0.8444E+01
  -8.120  0.1273E+01  0.8470E+01
  -8.100  0.1320E+01  0.8496E+01
  -8.080  0.1372E+01  0.8524E+01
  -8.060  0.1419E+01  0.8552E+01
  -8.040  0.1451E+01  0.8581E+01
  -8.020  0.1454E+01  0.8610E+01
  -8.000  0.1418E+01  0.8639E+01
  -7.980  0.1339E+01  0.8665E+01
  -7.960  0.1222E+01  0.8690E+01
  -7.940  0.1081E+01  0.8711E+01
  -7.920  0.9354E+00  0.8730E+01
  -7.900  0.8013E+00  0.8746E+01
  -7.880  0.6906E+00  0.8760E+01
  -7.860  0.6076E+00  0.8772E+01
  -7.840  0.5504E+00  0.8783E+01
  -7.820  0.5137E+00  0.8793E+01
  -7.800  0.4912E+00  0.8803E+01
  -7.780  0.4773E+00  0.8813E+01
  -7.760  0.4682E+00  0.8822E+01
  -7.740  0.4615E+00  0.8831E+01
  -7.720  0.4560E+00  0.8840E+01
  -7.700  0.4511E+00  0.8849E+01
  -7.680  0.4464E+00  0.8858E+01
  -7.660  0.4420E+00  0.8867E+01
  -7.640  0.4377E+00  0.8876E+01
  -7.620  0.4335E+00  0.8885E+01
  -7.600  0.4295E+00  0.8893E+01
  -7.580  0.4255E+00  0.8902E+01
  -7.560  0.4217E+00  0.8910E+01
  -7.540  0.4180E+00  0.8919E+01
  -7.520  0.4144E+00  0.8927E+01
  -7.500  0.4109E+00  0.8935E+01
  -7.480  0.4075E+00  0.8943E+01
  -7.460  0.4042E+00  0.8951E+01
  -7.440  0.4009E+00  0.8959E+01
  -7.420  0.3978E+00  0.8967E+01
  -7.400  0.3947E+00  0.8975E+01
  -7.380  0.3917E+00  0.8983E+01
  -7.360  0.3887E+00  0.8991E+01
  -7.340  0.3859E+00  0.8999E+01
  -7.320  0.3831E+00  0.9006E+01
  -7.300  0.3804E+00  0.9014E+01
  -7.280  0.3777E+00  0.9021E+01
  -7.260  0.3751E+00  0.9029E+01
  -7.240  0.3725E+00  0.9036E+01
  -7.220  0.3700E+00  0.9044E+01
  -7.200  0.3676E+00  0.9051E+01
  -7.180  0.3652E+00  0.9058E+01
  -7.160  0.3629E+00  0.9066E+01
  -7.140  0.3606E+00  0.9073E+01
  -7.120  0.3583E+00  0.9080E+01
  -7.100  0.3561E+00  0.9087E+01
  -7.080  0.3540E+00  0.9094E+01
  -7.060  0.3519E+00  0.9101E+01
  -7.040  0.3498E+00  0.9108E+01
  -7.020  0.3478E+00  0.9115E+01
  -7.000  0.3458E+00  0.9122E+01
  -6.980  0.3438E+00  0.9129E+01
  -6.960  0.3419E+00  0.9136E+01
  -6.940  0.3400E+00  0.9143E+01
  -6.920  0.3382E+00  0.9149E+01
  -6.900  0.3364E+00  0.9156E+01
  -6.880  0.3346E+00  0.9163E+01
  -6.860  0.3328E+00  0.9169E+01
  -6.840  0.3311E+00  0.9176E+01
  -6.820  0.3294E+00  0.9183E+01
  -6.800  0.3278E+00  0.9189E+01
  -6.780  0.3261E+00  0.9196E+01
  -6.760  0.3245E+00  0.9202E+01
  -6.740  0.3229E+00  0.9209E+01
  -6.720  0.3214E+00  0.9215E+01
  -6.700  0.3199E+00  0.9221E+01
  -6.680  0.3184E+00  0.9228E+01
  -6.660  0.3169E+00  0.9234E+01
  -6.640  0.3154E+00  0.9241E+01
  -6.620  0.3140E+00  0.9247E+01
  -6.600  0.3126E+00  0.9253E+01
  -6.580  0.3112E+00  0.9259E+01
  -6.560  0.3098E+00  0.9265E+01
  -6.540  0.3085E+00  0.9272E+01
  -6.520  0.3072E+00  0.9278E+01
  -6.500  0.3059E+00  0.9284E+01
  -6.480  0.3046E+00  0.9290E+01
  -6.460  0.3033E+00  0.9296E+01
  -6.440  0.3021E+00  0.9302E+01
  -6.420  0.3008E+00  0.9308E+01
  -6.400  0.2996E+00  0.9314E+01
  -6.380  0.2984E+00  0.9320E+01
  -6.360  0.2973E+00  0.9326E+01
  -6.340  0.2961E+00  0.9332E+01
  -6.320  0.2950E+00  0.9338E+01
  -6.300  0.2938E+00  0.9344E+01
  -6.280  0.2927E+00  0.9350E+01
  -6.260  0.2916E+00  0.9355E+01
  -6.240  0.2906E+00  0.9361E+01
  -6.220  0.2895E+00  0.9367E+01
  -6.200  0.2884E+00  0.9373E+01
  -6.180  0.2874E+00  0.9379E+01
  -6.160  0.2864E+00  0.9384E+01
  -6.140  0.2854E+00  0.9390E+01
  -6.120  0.2844E+00  0.9396E+01
  -6.100  0.2834E+00  0.9401E+01
  -6.080  0.2824E+00  0.9407E+01
  -6.060  0.2815E+00  0.9413E+01
  -6.040  0.2805E+00  0.9418E+01
  -6.020  0.2796E+00  0.9424E+01
  -6.000  0.2787E+00  0.9429E+01
  -5.980  0.2778E+00  0.9435E+01
  -5.960  0.2769E+00  0.9440E+01
  -5.940  0.2760E+00  0.9446E+01
  -5.920  0.2751E+00  0.9451E+01
  -5.900  0.2743E+00  0.9457E+01
  -5.880  0.2734E+00  0.9462E+01
  -5.860  0.2726E+00  0.9468E+01
  -5.840  0.2717E+00  0.9473E+01
  -5.820  0.2709E+00  0.9479E+01
  -5.800  0.2701E+00  0.9484E+01
  -5.780  0.2693E+00  0.9490E+01
  -5.760  0.2685E+00  0.9495E+01
  -5.740  0.2677E+00  0.9500E+01
  -5.720  0.2670E+00  0.9506E+01
  -5.700  0.2662E+00  0.9511E+01
  -5.680  0.2654E+00  0.9516E+01
  -5.660  0.2647E+00  0.9522E+01
  -5.640  0.2640E+00  0.9527E+01
  -5.620  0.2632E+00  0.9532E+01
  -5.600  0.2625E+00  0.9537E+01
  -5.580  0.2618E+00  0.9543E+01
  -5.560  0.2611E+00  0.9548E+01
  -5.540  0.2604E+00  0.9553E+01
  -5.520  0.2597E+00  0.9558E+01
  -5.500  0.2591E+00  0.9563E+01
  -5.480  0.2584E+00  0.9569E+01
  -5.460  0.2577E+00  0.9574E+01
  -5.440  0.2571E+00  0.9579E+01
  -5.420  0.2564E+00  0.9584E+01
  -5.400  0.2558E+00  0.9589E+01
  -5.380  0.2552E+00  0.9594E+01
  -5.360  0.2546E+00  0.9599E+01
  -5.340  0.2539E+00  0.9604E+01
  -5.320  0.2533E+00  0.9609E+01
  -5.300  0.2527E+00  0.9614E+01
  -5.280  0.2521E+00  0.9619E+01
  -5.260  0.2515E+00  0.9625E+01
  -5.240  0.2510E+00  0.9630E+01
  -5.220  0.2504E+00  0.9635E+01
  -5.200  0.2498E+00  0.9640E+01
  -5.180  0.2493E+00  0.9645E+01
  -5.160  0.2487E+00  0.9650E+01
  -5.140  0.2482E+00  0.9654E+01
  -5.120  0.2476E+00  0.9659E+01
  -5.100  0.2471E+00  0.9664E+01
  -5.080  0.2466E+00  0.9669E+01
  -5.060  0.2460E+00  0.9674E+01
  -5.040  0.2455E+00  0.9679E+01
  -5.020  0.2450E+00  0.9684E+01
  -5.000  0.2445E+00  0.9689E+01
  -4.980  0.2440E+00  0.9694E+01
  -4.960  0.2435E+00  0.9699E+01
  -4.940  0.2430E+00  0.9704E+01
  -4.920  0.2426E+00  0.9708E+01
  -4.900  0.2421E+00  0.9713E+01
  -4.880  0.2416E+00  0.9718E+01
  -4.860  0.2411E+00  0.9723E+01
  -4.840  0.2407E+00  0.9728E+01
  -4.820  0.2402E+00  0.9732E+01
  -4.800  0.2398E+00  0.9737E+01
  -4.780  0.2393E+00  0.9742E+01
  -4.760  0.2389E+00  0.9747E+01
  -4.740  0.2385E+00  0.9752E+01
  -4.720  0.2380E+00  0.9756E+01
  -4.700  0.2376E+00  0.9761E+01
  -4.680  0.2372E+00  0.9766E+01
  -4.660  0.2368E+00  0.9771E+01
  -4.640  0.2364E+00  0.9775E+01
  -4.620  0.2360E+00  0.9780E+01
  -4.600  0.2356E+00  0.9785E+01
  -4.580  0.2352E+00  0.9789E+01
  -4.560  0.2348E+00  0.9794E+01
  -4.540  0.2344E+00  0.9799E+01
  -4.520  0.2341E+00  0.9804E+01
  -4.500  0.2337E+00  0.9808E+01
  -4.480  0.2333E+00  0.9813E+01
  -4.460  0.2330E+00  0.9818E+01
  -4.440  0.2326E+00  0.9822E+01
  -4.420  0.2323E+00  0.9827E+01
  -4.400  0.2319E+00  0.9831E+01
  -4.380  0.2316E+00  0.9836E+01
  -4.360  0.2312E+00  0.9841E+01
  -4.340  0.2309E+00  0.9845E+01
  -4.320  0.2306E+00  0.9850E+01
  -4.300  0.2303E+00  0.9855E+01
  -4.280  0.2300E+00  0.9859E+01
  -4.260  0.2297E+00  0.9864E+01
  -4.240  0.2294E+00  0.9868E+01
  -4.220  0.2291E+00  0.9873E+01
  -4.200  0.2288E+00  0.9878E+01
  -4.180  0.2285E+00  0.9882E+01
  -4.160  0.2282E+00  0.9887E+01
  -4.140  0.2279E+00  0.9891E+01
  -4.120  0.2277E+00  0.9896E+01
  -4.100  0.2274E+00  0.9900E+01
  -4.080  0.2272E+00  0.9905E+01
  -4.060  0.2269E+00  0.9909E+01
  -4.040  0.2267E+00  0.9914E+01
  -4.020  0.2265E+00  0.9918E+01
  -4.000  0.2263E+00  0.9923E+01
  -3.980  0.2261E+00  0.9928E+01
  -3.960  0.2260E+00  0.9932E+01
  -3.940  0.2258E+00  0.9937E+01
  -3.920  0.2258E+00  0.9941E+01
  -3.900  0.2258E+00  0.9946E+01
  -3.880  0.2259E+00  0.9950E+01
  -3.860  0.2261E+00  0.9955E+01
  -3.840  0.2265E+00  0.9959E+01
  -3.820  0.2268E+00  0.9964E+01
  -3.800  0.2270E+00  0.9968E+01
  -3.780  0.2268E+00  0.9973E+01
  -3.760  0.2257E+00  0.9977E+01
  -3.740  0.2235E+00  0.9982E+01
  -3.720  0.2201E+00  0.9986E+01
  -3.700  0.2160E+00  0.9990E+01
  -3.680  0.2120E+00  0.9995E+01
  -3.660  0.2092E+00  0.9999E+01
  -3.640  0.2084E+00  0.1000E+02
  -3.620  0.2098E+00  0.1001E+02
  -3.600  0.2129E+00  0.1001E+02
  -3.580  0.2167E+00  0.1002E+02
  -3.560  0.2202E+00  0.1002E+02
  -3.540  0.2227E+00  0.1002E+02
  -3.520  0.2240E+00  0.1003E+02
  -3.500  0.2243E+00  0.1003E+02
  -3.480  0.2239E+00  0.1004E+02
  -3.460  0.2232E+00  0.1004E+02
  -3.440  0.2224E+00  0.1005E+02
  -3.420  0.2218E+00  0.1005E+02
  -3.400  0.2212E+00  0.1006E+02
  -3.380  0.2208E+00  0.1006E+02
  -3.360  0.2205E+00  0.1006E+02
  -3.340  0.2202E+00  0.1007E+02
  -3.320  0.2199E+00  0.1007E+02
  -3.300  0.2197E+00  0.1008E+02
  -3.280  0.2195E+00  0.1008E+02
  -3.260  0.2194E+00  0.1009E+02
  -3.240  0.2192E+00  0.1009E+02
  -3.220  0.2191E+00  0.1010E+02
  -3.200  0.2189E+00  0.1010E+02
  -3.180  0.2188E+00  0.1010E+02
  -3.160  0.2187E+00  0.1011E+02
  -3.140  0.2186E+00  0.1011E+02
  -3.120  0.2185E+00  0.1012E+02
  -3.100  0.2184E+00  0.1012E+02
  -3.080  0.2183E+00  0.1013E+02
  -3.060  0.2182E+00  0.1013E+02
  -3.040  0.2181E+00  0.1013E+02
  -3.020  0.2181E+00  0.1014E+02
  -3.000  0.2180E+00  0.1014E+02
  -2.980  0.2180E+00  0.1015E+02
  -2.960  0.2179E+00  0.1015E+02
  -2.940  0.2179E+00  0.1016E+02
  -2.920  0.2178E+00  0.1016E+02
  -2.900  0.2178E+00  0.1017E+02
  -2.880  0.2178E+00  0.1017E+02
  -2.860  0.2177E+00  0.1017E+02
  -2.840  0.2177E+00  0.1018E+02
  -2.820  0.2177E+00  0.1018E+02
  -2.800  0.2177E+00  0.1019E+02
  -2.780  0.2177E+00  0.1019E+02
  -2.760  0.2177E+00  0.1020E+02
  -2.740  0.2177E+00  0.1020E+02
  -2.720  0.2177E+00  0.1020E+02
  -2.700  0.2177E+00  0.1021E+02
  -2.680  0.2178E+00  0.1021E+02
  -2.660  0.2178E+00  0.1022E+02
  -2.640  0.2178E+00  0.1022E+02
  -2.620  0.2179E+00  0.1023E+02
  -2.600  0.2179E+00  0.1023E+02
  -2.580  0.2180E+00  0.1024E+02
  -2.560  0.2180E+00  0.1024E+02
  -2.540  0.2181E+00  0.1024E+02
  -2.520  0.2182E+00  0.1025E+02
  -2.500  0.2183E+00  0.1025E+02
  -2.480  0.2183E+00  0.1026E+02
  -2.460  0.2184E+00  0.1026E+02
  -2.440  0.2185E+00  0.1027E+02
  -2.420  0.2186E+00  0.1027E+02
  -2.400  0.2187E+00  0.1027E+02
  -2.380  0.2189E+00  0.1028E+02
  -2.360  0.2190E+00  0.1028E+02
  -2.340  0.2191E+00  0.1029E+02
  -2.320  0.2192E+00  0.1029E+02
  -2.300  0.2194E+00  0.1030E+02
  -2.280  0.2195E+00  0.1030E+02
  -2.260  0.2197E+00  0.1031E+02
  -2.240  0.2199E+00  0.1031E+02
  -2.220  0.2200E+00  0.1031E+02
  -2.200  0.2202E+00  0.1032E+02
  -2.180  0.2204E+00  0.1032E+02
  -2.160  0.2206E+00  0.1033E+02
  -2.140  0.2208E+00  0.1033E+02
  -2.120  0.2210E+00  0.1034E+02
  -2.100  0.2212E+00  0.1034E+02
  -2.080  0.2215E+00  0.1034E+02
  -2.060  0.2217E+00  0.1035E+02
  -2.040  0.2219E+00  0.1035E+02
  -2.020  0.2222E+00  0.1036E+02
  -2.000  0.2225E+00  0.1036E+02
  -1.980  0.2227E+00  0.1037E+02
  -1.960  0.2230E+00  0.1037E+02
  -1.940  0.2233E+00  0.1038E+02
  -1.920  0.2236E+00  0.1038E+02
  -1.900  0.2239E+00  0.1038E+02
  -1.880  0.2242E+00  0.1039E+02
  -1.860  0.2246E+00  0.1039E+02
  -1.840  0.2249E+00  0.1040E+02
  -1.820  0.2253E+00  0.1040E+02
  -1.800  0.2256E+00  0.1041E+02
  -1.780  0.2260E+00  0.1041E+02
  -1.760  0.2264E+00  0.1042E+02
  -1.740  0.2268E+00  0.1042E+02
  -1.720  0.2272E+00  0.1043E+02
  -1.700  0.2276E+00  0.1043E+02
  -1.680  0.2281E+00  0.1043E+02
  -1.660  0.2285E+00  0.1044E+02
  -1.640  0.2290E+00  0.1044E+02
  -1.620  0.2295E+00  0.1045E+02
  -1.600  0.2300E+00  0.1045E+02
  -1.580  0.2305E+00  0.1046E+02
  -1.560  0.2310E+00  0.1046E+02
  -1.540  0.2315E+00  0.1047E+02
  -1.520  0.2321E+00  0.1047E+02
  -1.500  0.2327E+00  0.1048E+02
  -1.480  0.2332E+00  0.1048E+02
  -1.460  0.2339E+00  0.1049E+02
  -1.440  0.2345E+00  0.1049E+02
  -1.420  0.2351E+00  0.1049E+02
  -1.400  0.2358E+00  0.1050E+02
  -1.380  0.2365E+00  0.1050E+02
  -1.360  0.2372E+00  0.1051E+02
  -1.340  0.2379E+00  0.1051E+02
  -1.320  0.2386E+00  0.1052E+02
  -1.300  0.2394E+00  0.1052E+02
  -1.280  0.2402E+00  0.1053E+02
  -1.260  0.2410E+00  0.1053E+02
  -1.240  0.2418E+00  0.1054E+02
  -1.220  0.2427E+00  0.1054E+02
  -1.200  0.2435E+00  0.1055E+02
  -1.180  0.2445E+00  0.1055E+02
  -1.160  0.2454E+00  0.1056E+02
  -1.140  0.2464E+00  0.1056E+02
  -1.120  0.2474E+00  0.1057E+02
  -1.100  0.2484E+00  0.1057E+02
  -1.080  0.2494E+00  0.1058E+02
  -1.060  0.2505E+00  0.1058E+02
  -1.040  0.2517E+00  0.1059E+02
  -1.020  0.2528E+00  0.1059E+02
  -1.000  0.2540E+00  0.1060E+02
  -0.980  0.2553E+00  0.1060E+02
  -0.960  0.2566E+00  0.1061E+02
  -0.940  0.2579E+00  0.1061E+02
  -0.920  0.2592E+00  0.1062E+02
  -0.900  0.2607E+00  0.1062E+02
  -0.880  0.2621E+00  0.1063E+02
  -0.860  0.2636E+00  0.1063E+02
  -0.840  0.2652E+00  0.1064E+02
  -0.820  0.2668E+00  0.1064E+02
  -0.800  0.2685E+00  0.1065E+02
  -0.780  0.2704E+00  0.1065E+02
  -0.760  0.2725E+00  0.1066E+02
  -0.740  0.2753E+00  0.1067E+02
  -0.720  0.2798E+00  0.1067E+02
  -0.700  0.2879E+00  0.1068E+02
  -0.680  0.3036E+00  0.1068E+02
  -0.660  0.3333E+00  0.1069E+02
  -0.640  0.3865E+00  0.1070E+02
  -0.620  0.4744E+00  0.1071E+02
  -0.600  0.6072E+00  0.1072E+02
  -0.580  0.7895E+00  0.1074E+02
  -0.560  0.1016E+01  0.1076E+02
  -0.540  0.1267E+01  0.1078E+02
  -0.520  0.1516E+01  0.1081E+02
  -0.500  0.1733E+01  0.1085E+02
  -0.480  0.1896E+01  0.1088E+02
  -0.460  0.2003E+01  0.1092E+02
  -0.440  0.2069E+01  0.1097E+02
  -0.420  0.2123E+01  0.1101E+02
  -0.400  0.2196E+01  0.1105E+02
  -0.380  0.2309E+01  0.1110E+02
  -0.360  0.2461E+01  0.1115E+02
  -0.340  0.2633E+01  0.1120E+02
  -0.320  0.2792E+01  0.1126E+02
  -0.300  0.2904E+01  0.1131E+02
  -0.280  0.2949E+01  0.1137E+02
  -0.260  0.2923E+01  0.1143E+02
  -0.240  0.2838E+01  0.1149E+02
  -0.220  0.2719E+01  0.1154E+02
  -0.200  0.2595E+01  0.1159E+02
  -0.180  0.2492E+01  0.1164E+02
  -0.160  0.2437E+01  0.1169E+02
  -0.140  0.2454E+01  0.1174E+02
  -0.120  0.2567E+01  0.1179E+02
  -0.100  0.2798E+01  0.1185E+02
  -0.080  0.3150E+01  0.1191E+02
  -0.060  0.3610E+01  0.1198E+02
  -0.040  0.4132E+01  0.1207E+02
  -0.020  0.4651E+01  0.1216E+02
  -0.000  0.5095E+01  0.1226E+02
   0.020  0.5406E+01  0.1237E+02
   0.040  0.5556E+01  0.1248E+02
   0.060  0.5557E+01  0.1259E+02
   0.080  0.5447E+01  0.1270E+02
   0.100  0.5281E+01  0.1281E+02
   0.120  0.5109E+01  0.1291E+02
   0.140  0.4970E+01  0.1301E+02
   0.160  0.4883E+01  0.1311E+02
   0.180  0.4850E+01  0.1320E+02
   0.200  0.4853E+01  0.1330E+02
   0.220  0.4860E+01  0.1340E+02
   0.240  0.4830E+01  0.1349E+02
   0.260  0.4722E+01  0.1359E+02
   0.280  0.4509E+01  0.1368E+02
   0.300  0.4184E+01  0.1376E+02
   0.320  0.3771E+01  0.1384E+02
   0.340  0.3314E+01  0.1390E+02
   0.360  0.2866E+01  0.1396E+02
   0.380  0.2470E+01  0.1401E+02
   0.400  0.2154E+01  0.1405E+02
   0.420  0.1922E+01  0.1409E+02
   0.440  0.1765E+01  0.1413E+02
   0.460  0.1664E+01  0.1416E+02
   0.480  0.1601E+01  0.1419E+02
   0.500  0.1560E+01  0.1422E+02
   0.520  0.1532E+01  0.1425E+02
   0.540  0.1510E+01  0.1428E+02
   0.560  0.1491E+01  0.1431E+02
   0.580  0.1474E+01  0.1434E+02
   0.600  0.1458E+01  0.1437E+02
   0.620  0.1444E+01  0.1440E+02
   0.640  0.1430E+01  0.1443E+02
   0.660  0.1416E+01  0.1446E+02
   0.680  0.1403E+01  0.1449E+02
   0.700  0.1391E+01  0.1451E+02
   0.720  0.1380E+01  0.1454E+02
   0.740  0.1369E+01  0.1457E+02
   0.760  0.1358E+01  0.1460E+02
   0.780  0.1348E+01  0.1462E+02
   0.800  0.1338E+01  0.1465E+02
   0.820  0.1329E+01  0.1468E+02
   0.840  0.1320E+01  0.1470E+02
   0.860  0.1312E+01  0.1473E+02
   0.880  0.1304E+01  0.1476E+02
   0.900  0.1296E+01  0.1478E+02
   0.920  0.1289E+01  0.1481E+02
   0.940  0.1282E+01  0.1483E+02
   0.960  0.1275E+01  0.1486E+02
   0.980  0.1268E+01  0.1488E+02
   1.000  0.1262E+01  0.1491E+02
   1.020  0.1256E+01  0.1493E+02
   1.040  0.1250E+01  0.1496E+02
   1.060  0.1244E+01  0.1498E+02
   1.080  0.1239E+01  0.1501E+02
   1.100  0.1234E+01  0.1503E+02
   1.120  0.1228E+01  0.1506E+02
   1.140  0.1223E+01  0.1508E+02
   1.160  0.1218E+01  0.1511E+02
   1.180  0.1213E+01  0.1513E+02
   1.200  0.1208E+01  0.1516E+02
   1.220  0.1204E+01  0.1518E+02
   1.240  0.1199E+01  0.1520E+02
   1.260  0.1194E+01  0.1523E+02
   1.280  0.1189E+01  0.1525E+02
   1.300  0.1184E+01  0.1528E+02
   1.320  0.1179E+01  0.1530E+02
   1.340  0.1175E+01  0.1532E+02
   1.360  0.1170E+01  0.1535E+02
   1.380  0.1165E+01  0.1537E+02
   1.400  0.1159E+01  0.1539E+02
   1.420  0.1154E+01  0.1542E+02
   1.440  0.1149E+01  0.1544E+02
   1.460  0.1144E+01  0.1546E+02
   1.480  0.1138E+01  0.1548E+02
   1.500  0.1133E+01  0.1551E+02
   1.520  0.1127E+01  0.1553E+02
   1.540  0.1121E+01  0.1555E+02
   1.560  0.1115E+01  0.1557E+02
   1.580  0.1109E+01  0.1560E+02
   1.600  0.1103E+01  0.1562E+02
   1.620  0.1097E+01  0.1564E+02
   1.640  0.1091E+01  0.1566E+02
   1.660  0.1085E+01  0.1568E+02
   1.680  0.1078E+01  0.1570E+02
   1.700  0.1072E+01  0.1573E+02
   1.720  0.1066E+01  0.1575E+02
   1.740  0.1059E+01  0.1577E+02
   1.760  0.1053E+01  0.1579E+02
   1.780  0.1046E+01  0.1581E+02
   1.800  0.1040E+01  0.1583E+02
   1.820  0.1033E+01  0.1585E+02
   1.840  0.1027E+01  0.1587E+02
   1.860  0.1020E+01  0.1589E+02
   1.880  0.1014E+01  0.1591E+02
   1.900  0.1007E+01  0.1593E+02
   1.920  0.1001E+01  0.1595E+02
   1.940  0.9944E+00  0.1597E+02
   1.960  0.9880E+00  0.1599E+02
   1.980  0.9817E+00  0.1601E+02
   2.000  0.9755E+00  0.1603E+02
   2.020  0.9693E+00  0.1605E+02
   2.040  0.9631E+00  0.1607E+02
   2.060  0.9571E+00  0.1609E+02
   2.080  0.9511E+00  0.1611E+02
   2.100  0.9452E+00  0.1613E+02
   2.120  0.9393E+00  0.1615E+02
   2.140  0.9335E+00  0.1617E+02
   2.160  0.9278E+00  0.1618E+02
   2.180  0.9222E+00  0.1620E+02
   2.200  0.9166E+00  0.1622E+02
   2.220  0.9112E+00  0.1624E+02
   2.240  0.9058E+00  0.1626E+02
   2.260  0.9004E+00  0.1628E+02
   2.280  0.8952E+00  0.1629E+02
   2.300  0.8900E+00  0.1631E+02
   2.320  0.8849E+00  0.1633E+02
   2.340  0.8799E+00  0.1635E+02
   2.360  0.8750E+00  0.1636E+02
   2.380  0.8701E+00  0.1638E+02
   2.400  0.8654E+00  0.1640E+02
   2.420  0.8606E+00  0.1642E+02
   2.440  0.8560E+00  0.1643E+02
   2.460  0.8515E+00  0.1645E+02
   2.480  0.8470E+00  0.1647E+02
   2.500  0.8426E+00  0.1648E+02
   2.520  0.8382E+00  0.1650E+02
   2.540  0.8339E+00  0.1652E+02
   2.560  0.8297E+00  0.1653E+02
   2.580  0.8256E+00  0.1655E+02
   2.600  0.8215E+00  0.1657E+02
   2.620  0.8175E+00  0.1658E+02
   2.640  0.8135E+00  0.1660E+02
   2.660  0.8096E+00  0.1662E+02
   2.680  0.8058E+00  0.1663E+02
   2.700  0.8021E+00  0.1665E+02
   2.720  0.7983E+00  0.1666E+02
   2.740  0.7947E+00  0.1668E+02
   2.760  0.7911E+00  0.1670E+02
   2.780  0.7876E+00  0.1671E+02
   2.800  0.7841E+00  0.1673E+02
   2.820  0.7807E+00  0.1674E+02
   2.840  0.7773E+00  0.1676E+02
   2.860  0.7740E+00  0.1677E+02
   2.880  0.7707E+00  0.1679E+02
   2.900  0.7675E+00  0.1680E+02
   2.920  0.7643E+00  0.1682E+02
   2.940  0.7612E+00  0.1683E+02
   2.960  0.7582E+00  0.1685E+02
   2.980  0.7551E+00  0.1686E+02
   3.000  0.7522E+00  0.1688E+02
   3.020  0.7493E+00  0.1689E+02
   3.040  0.7464E+00  0.1691E+02
   3.060  0.7436E+00  0.1692E+02
   3.080  0.7408E+00  0.1694E+02
   3.100  0.7381E+00  0.1695E+02
   3.120  0.7355E+00  0.1697E+02
   3.140  0.7329E+00  0.1698E+02
   3.160  0.7304E+00  0.1700E+02
   3.180  0.7278E+00  0.1701E+02
   3.200  0.7252E+00  0.1703E+02
   3.220  0.7224E+00  0.1704E+02
   3.240  0.7194E+00  0.1706E+02
   3.260  0.7162E+00  0.1707E+02
   3.280  0.7130E+00  0.1708E+02
   3.300  0.7101E+00  0.1710E+02
   3.320  0.7075E+00  0.1711E+02
   3.340  0.7053E+00  0.1713E+02
   3.360  0.7036E+00  0.1714E+02
   3.380  0.7021E+00  0.1716E+02
   3.400  0.7006E+00  0.1717E+02
   3.420  0.6990E+00  0.1718E+02
   3.440  0.6972E+00  0.1720E+02
   3.460  0.6953E+00  0.1721E+02
   3.480  0.6932E+00  0.1723E+02
   3.500  0.6911E+00  0.1724E+02
   3.520  0.6890E+00  0.1725E+02
   3.540  0.6869E+00  0.1727E+02
   3.560  0.6849E+00  0.1728E+02
   3.580  0.6830E+00  0.1729E+02
   3.600  0.6811E+00  0.1731E+02
   3.620  0.6793E+00  0.1732E+02
   3.640  0.6775E+00  0.1733E+02
   3.660  0.6758E+00  0.1735E+02
   3.680  0.6741E+00  0.1736E+02
   3.700  0.6725E+00  0.1737E+02
   3.720  0.6709E+00  0.1739E+02
   3.740  0.6694E+00  0.1740E+02
   3.760  0.6680E+00  0.1742E+02
   3.780  0.6667E+00  0.1743E+02
   3.800  0.6655E+00  0.1744E+02
   3.820  0.6644E+00  0.1746E+02
   3.840  0.6636E+00  0.1747E+02
   3.860  0.6631E+00  0.1748E+02
   3.880  0.6629E+00  0.1749E+02
   3.900  0.6633E+00  0.1751E+02
   3.920  0.6642E+00  0.1752E+02
   3.940  0.6654E+00  0.1753E+02
   3.960  0.6663E+00  0.1755E+02
   3.980  0.6657E+00  0.1756E+02
   4.000  0.6622E+00  0.1757E+02
   4.020  0.6541E+00  0.1759E+02
   4.040  0.6408E+00  0.1760E+02
   4.060  0.6234E+00  0.1761E+02
   4.080  0.6048E+00  0.1763E+02
   4.100  0.5893E+00  0.1764E+02
   4.120  0.5811E+00  0.1765E+02
   4.140  0.5822E+00  0.1766E+02
   4.160  0.5921E+00  0.1767E+02
   4.180  0.6074E+00  0.1768E+02
   4.200  0.6237E+00  0.1770E+02
   4.220  0.6373E+00  0.1771E+02
   4.240  0.6460E+00  0.1772E+02
   4.260  0.6496E+00  0.1774E+02
   4.280  0.6492E+00  0.1775E+02
   4.300  0.6461E+00  0.1776E+02
   4.320  0.6413E+00  0.1777E+02
   4.340  0.6347E+00  0.1779E+02
   4.360  0.6253E+00  0.1780E+02
   4.380  0.6114E+00  0.1781E+02
   4.400  0.5910E+00  0.1782E+02
   4.420  0.5623E+00  0.1783E+02
   4.440  0.5248E+00  0.1784E+02
   4.460  0.4794E+00  0.1785E+02
   4.480  0.4290E+00  0.1786E+02
   4.500  0.3777E+00  0.1787E+02
   4.520  0.3297E+00  0.1788E+02
   4.540  0.2886E+00  0.1788E+02
   4.560  0.2563E+00  0.1789E+02
   4.580  0.2331E+00  0.1789E+02
   4.600  0.2177E+00  0.1790E+02
   4.620  0.2084E+00  0.1790E+02
   4.640  0.2032E+00  0.1791E+02
   4.660  0.2005E+00  0.1791E+02
   4.680  0.1992E+00  0.1791E+02
   4.700  0.1985E+00  0.1792E+02
   4.720  0.1982E+00  0.1792E+02
   4.740  0.1980E+00  0.1793E+02
   4.760  0.1979E+00  0.1793E+02
   4.780  0.1978E+00  0.1793E+02
   4.800  0.1978E+00  0.1794E+02
   4.820  0.1977E+00  0.1794E+02
   4.840  0.1977E+00  0.1795E+02
   4.860  0.1977E+00  0.1795E+02
   4.880  0.1977E+00  0.1795E+02
   4.900  0.1976E+00  0.1796E+02
   4.920  0.1975E+00  0.1796E+02
   4.940  0.1973E+00  0.1796E+02
   4.960  0.1966E+00  0.1797E+02
   4.980  0.1951E+00  0.1797E+02
   5.000  0.1921E+00  0.1798E+02
   5.020  0.1869E+00  0.1798E+02
   5.040  0.1786E+00  0.1798E+02
   5.060  0.1664E+00  0.1799E+02
   5.080  0.1501E+00  0.1799E+02
   5.100  0.1301E+00  0.1799E+02
   5.120  0.1076E+00  0.1799E+02
   5.140  0.8432E-01  0.1800E+02
   5.160  0.6232E-01  0.1800E+02
   5.180  0.4324E-01  0.1800E+02
   5.200  0.2804E-01  0.1800E+02
   5.220  0.1695E-01  0.1800E+02
   5.240  0.9528E-02  0.1800E+02
   5.260  0.4967E-02  0.1800E+02
   5.280  0.2398E-02  0.1800E+02
   5.300  0.1070E-02  0.1800E+02
   5.320  0.4410E-03  0.1800E+02
   5.340  0.1677E-03  0.1800E+02
   5.360  0.5876E-04  0.1800E+02
   5.380  0.1897E-04  0.1800E+02
   5.400  0.5634E-05  0.1800E+02
   5.420  0.1539E-05  0.1800E+02
   5.440  0.3868E-06  0.1800E+02
   5.460  0.8930E-07  0.1800E+02
   5.480  0.1894E-07  0.1800E+02
   5.500  0.3690E-08  0.1800E+02
   5.520  0.6599E-09  0.1800E+02
   5.540  0.1083E-09  0.1800E+02
   5.560  0.1632E-10  0.1800E+02
   5.580  0.2255E-11  0.1800E+02
   5.600  0.2858E-12  0.1800E+02
   5.620  0.3322E-13  0.1800E+02
   5.640  0.3541E-14  0.1800E+02
   5.660  0.3461E-15  0.1800E+02
   5.680  0.3100E-16  0.1800E+02
   5.700  0.2545E-17  0.1800E+02
   5.720  0.1915E-18  0.1800E+02
   5.740  0.1321E-19  0.1800E+02
   5.760  0.8346E-21  0.1800E+02
   5.780  0.4832E-22  0.1800E+02
   5.800  0.2563E-23  0.1800E+02
   5.820  0.1245E-24  0.1800E+02
   5.840  0.5544E-26  0.1800E+02
   5.860  0.2261E-27  0.1800E+02
   5.880  0.8444E-29  0.1800E+02
   5.900  0.2889E-30  0.1800E+02
   5.920  0.9052E-32  0.1800E+02
   5.940  0.2598E-33  0.1800E+02
   5.960  0.6828E-35  0.1800E+02
   5.980  0.1644E-36  0.1800E+02
   6.000  0.3623E-38  0.1800E+02
   6.020  0.7314E-40  0.1800E+02
   6.040  0.1352E-41  0.1800E+02
   6.060  0.2289E-43  0.1800E+02
   6.080  0.3549E-45  0.1800E+02
   6.100  0.5038E-47  0.1800E+02
   6.120  0.6548E-49  0.1800E+02
   6.140  0.7795E-51  0.1800E+02
   6.160  0.8496E-53  0.1800E+02
   6.180  0.8479E-55  0.1800E+02
   6.200  0.7748E-57  0.1800E+02
   6.220  0.6483E-59  0.1800E+02
   6.240  0.4967E-61  0.1800E+02
   6.260  0.3485E-63  0.1800E+02
   6.280  0.2238E-65  0.1800E+02
   6.300  0.1317E-67  0.1800E+02
   6.320  0.7090E-70  0.1800E+02
   6.340  0.3496E-72  0.1800E+02
   6.360  0.1578E-74  0.1800E+02
   6.380  0.6524E-77  0.1800E+02
   6.400  0.2469E-79  0.1800E+02
   6.420  0.8572E-82  0.1800E+02
   6.440  0.4190E-84  0.1800E+02
   6.460  0.1483E-84  0.1800E+02
   6.480  0.1476E-84  0.1800E+02
   6.500  0.1476E-84  0.1800E+02
   6.520  0.1476E-84  0.1800E+02
   6.540  0.1476E-84  0.1800E+02
   6.560  0.1476E-84  0.1800E+02
   6.580  0.1476E-84  0.1800E+02
   6.600  0.1476E-84  0.1800E+02
   6.620  0.1476E-84  0.1800E+02
   6.640  0.1476E-84  0.1800E+02
   6.660  0.1476E-84  0.1800E+02
   6.680  0.1476E-84  0.1800E+02
   6.700  0.1476E-84  0.1800E+02
   6.720  0.1476E-84  0.1800E+02
   6.740  0.1476E-84  0.1800E+02
   6.760  0.1476E-84  0.1800E+02
   6.780  0.1476E-84  0.1800E+02
   6.800  0.1476E-84  0.1800E+02
   6.820  0.1476E-84  0.1800E+02
   6.840  0.1476E-84  0.1800E+02
   6.860  0.1476E-84  0.1800E+02
   6.880  0.1476E-84  0.1800E+02
   6.900  0.1476E-84  0.1800E+02
   6.920  0.1476E-84  0.1800E+02
   6.940  0.1476E-84  0.1800E+02
   6.960  0.1476E-84  0.1800E+02
   6.980  0.1476E-84  0.1800E+02
   7.000  0.1476E-84  0.1800E+02
   7.020  0.1476E-84  0.1800E+02
   7.040  0.1476E-84  0.1800E+02
   7.060  0.1476E-84  0.1800E+02
   7.080  0.1476E-84  0.1800E+02
   7.100  0.1476E-84  0.1800E+02
   7.120  0.1476E-84  0.1800E+02
   7.140  0.1476E-84  0.1800E+02
   7.160  0.1476E-84  0.1800E+02
   7.180  0.1476E-84  0.1800E+02
   7.200  0.1476E-84  0.1800E+02
   7.220  0.1476E-84  0.1800E+02
   7.240  0.1476E-84  0.1800E+02
   7.260  0.1476E-84  0.1800E+02
   7.280  0.1476E-84  0.1800E+02
   7.300  0.1476E-84  0.1800E+02
   7.320  0.1476E-84  0.1800E+02
   7.340  0.1476E-84  0.1800E+02
   7.360  0.1476E-84  0.1800E+02
   7.380  0.1476E-84  0.1800E+02
   7.400  0.1476E-84  0.1800E+02
   7.420  0.1476E-84  0.1800E+02
   7.440  0.1476E-84  0.1800E+02
   7.460  0.1476E-84  0.1800E+02
   7.480  0.1476E-84  0.1800E+02
   7.500  0.1476E-84  0.1800E+02
   7.520  0.1476E-84  0.1800E+02
   7.540  0.1476E-84  0.1800E+02
   7.560  0.1476E-84  0.1800E+02
   7.580  0.1476E-84  0.1800E+02
   7.600  0.1476E-84  0.1800E+02
   7.620  0.1476E-84  0.1800E+02
   7.640  0.1476E-84  0.1800E+02
   7.660  0.1476E-84  0.1800E+02
   7.680  0.1476E-84  0.1800E+02
   7.700  0.1476E-84  0.1800E+02
   7.720  0.1476E-84  0.1800E+02
   7.740  0.1476E-84  0.1800E+02
   7.760  0.1476E-84  0.1800E+02
   7.780  0.1476E-84  0.1800E+02
   7.800  0.1476E-84  0.1800E+02
   7.820  0.1476E-84  0.1800E+02
   7.840  0.1476E-84  0.1800E+02
   7.860  0.1476E-84  0.1800E+02
   7.880  0.1476E-84  0.1800E+02
   7.900  0.1476E-84  0.1800E+02
   7.920  0.1476E-84  0.1800E+02
   7.940  0.1476E-84  0.1800E+02
   7.960  0.1476E-84  0.1800E+02
   7.980  0.1476E-84  0.1800E+02
   8.000  0.1476E-84  0.1800E+02
   8.020  0.1476E-84  0.1800E+02
   8.040  0.1476E-84  0.1800E+02
   8.060  0.1476E-84  0.1800E+02
   8.080  0.1476E-84  0.1800E+02
   8.100  0.1476E-84  0.1800E+02
   8.120  0.1476E-84  0.1800E+02
   8.140  0.1476E-84  0.1800E+02
   8.160  0.1476E-84  0.1800E+02
   8.180  0.1476E-84  0.1800E+02
   8.200  0.1476E-84  0.1800E+02
   8.220  0.1476E-84  0.1800E+02
   8.240  0.1476E-84  0.1800E+02
   8.260  0.1476E-84  0.1800E+02
   8.280  0.1476E-84  0.1800E+02
   8.300  0.1476E-84  0.1800E+02
   8.320  0.1476E-84  0.1800E+02
   8.340  0.1476E-84  0.1800E+02
   8.360  0.1476E-84  0.1800E+02
   8.380  0.1476E-84  0.1800E+02
   8.400  0.1476E-84  0.1800E+02
   8.420  0.1476E-84  0.1800E+02
   8.440  0.1476E-84  0.1800E+02
   8.460  0.1476E-84  0.1800E+02
   8.480  0.1476E-84  0.1800E+02
   8.500  0.1476E-84  0.1800E+02
   8.520  0.1476E-84  0.1800E+02
   8.540  0.1476E-84  0.1800E+02
   8.560  0.1476E-84  0.1800E+02
   8.580  0.1476E-84  0.1800E+02
   8.600  0.1476E-84  0.1800E+02
   8.620  0.1476E-84  0.1800E+02
   8.640  0.1476E-84  0.1800E+02
   8.660  0.1476E-84  0.1800E+02
   8.680  0.1476E-84  0.1800E+02
   8.700  0.1476E-84  0.1800E+02
   8.720  0.1476E-84  0.1800E+02
   8.740  0.1476E-84  0.1800E+02
   8.760  0.1476E-84  0.1800E+02
   8.780  0.1476E-84  0.1800E+02
   8.800  0.1476E-84  0.1800E+02
   8.820  0.1476E-84  0.1800E+02
   8.840  0.1476E-84  0.1800E+02
   8.860  0.1476E-84  0.1800E+02
   8.880  0.1476E-84  0.1800E+02
   8.900  0.1476E-84  0.1800E+02
   8.920  0.1476E-84  0.1800E+02
   8.940  0.1476E-84  0.1800E+02
   8.960  0.1476E-84  0.1800E+02
   8.980  0.1476E-84  0.1800E+02
   9.000  0.1476E-84  0.1800E+02
   9.020  0.1476E-84  0.1800E+02
   9.040  0.1476E-84  0.1800E+02
   9.060  0.1476E-84  0.1800E+02
   9.080  0.1476E-84  0.1800E+02
   9.100  0.1476E-84  0.1800E+02
   9.120  0.1476E-84  0.1800E+02
   9.140  0.1476E-84  0.1800E+02
   9.160  0.1476E-84  0.1800E+02
   9.180  0.1476E-84  0.1800E+02
   9.200  0.1476E-84  0.1800E+02
   9.220  0.1476E-84  0.1800E+02
   9.240  0.1476E-84  0.1800E+02
   9.260  0.1476E-84  0.1800E+02
   9.280  0.1476E-84  0.1800E+02
   9.300  0.1476E-84  0.1800E+02
   9.320  0.1476E-84  0.1800E+02
   9.340  0.1476E-84  0.1800E+02
   9.360  0.1476E-84  0.1800E+02
   9.380  0.1476E-84  0.1800E+02
   9.400  0.1476E-84  0.1800E+02
   9.420  0.1476E-84  0.1800E+02
   9.440  0.1476E-84  0.1800E+02
   9.460  0.1476E-84  0.1800E+02
   9.480  0.1476E-84  0.1800E+02
   9.500  0.1476E-84  0.1800E+02
   9.520  0.1476E-84  0.1800E+02
   9.540  0.1476E-84  0.1800E+02
   9.560  0.1476E-84  0.1800E+02
   9.580  0.1476E-84  0.1800E+02
   9.600  0.1476E-84  0.1800E+02
   9.620  0.1476E-84  0.1800E+02
   9.640  0.1476E-84  0.1800E+02
   9.660  0.1476E-84  0.1800E+02
   9.680  0.1476E-84  0.1800E+02
   9.700  0.1476E-84  0.1800E+02
   9.720  0.1476E-84  0.1800E+02
   9.740  0.1476E-84  0.1800E+02
   9.760  0.1476E-84  0.1800E+02
   9.780  0.1476E-84  0.1800E+02
   9.800  0.1476E-84  0.1800E+02
   9.820  0.1476E-84  0.1800E+02
   9.840  0.1476E-84  0.1800E+02
   9.860  0.1476E-84  0.1800E+02
   9.880  0.1476E-84  0.1800E+02
   9.900  0.1476E-84  0.1800E+02
   9.920  0.1476E-84  0.1800E+02
   9.940  0.1476E-84  0.1800E+02
   9.960  0.1476E-84  0.1800E+02
   9.980  0.1476E-84  0.1800E+02
  10.000  0.1476E-84  0.1800E+02
  10.020  0.1476E-84  0.1800E+02
  10.040  0.1476E-84  0.1800E+02
  10.060  0.1476E-84  0.1800E+02
  10.080  0.1476E-84  0.1800E+02
  10.100  0.1476E-84  0.1800E+02
  10.120  0.1476E-84  0.1800E+02
  10.140  0.1476E-84  0.1800E+02
  10.160  0.1476E-84  0.1800E+02
  10.180  0.1476E-84  0.1800E+02
  10.200  0.1476E-84  0.1800E+02
  10.220  0.1476E-84  0.1800E+02
  10.240  0.1476E-84  0.1800E+02
  10.260  0.1476E-84  0.1800E+02
  10.280  0.1476E-84  0.1800E+02
  10.300  0.1476E-84  0.1800E+02
  10.320  0.1476E-84  0.1800E+02
  10.340  0.1476E-84  0.1800E+02
  10.360  0.1476E-84  0.1800E+02
  10.380  0.1476E-84  0.1800E+02
  10.400  0.1476E-84  0.1800E+02
  10.420  0.1476E-84  0.1800E+02
  10.440  0.1476E-84  0.1800E+02
  10.460  0.1476E-84  0.1800E+02
  10.480  0.1476E-84  0.1800E+02
  10.500  0.1476E-84  0.1800E+02
  10.520  0.1476E-84  0.1800E+02
  10.540  0.1476E-84  0.1800E+02
  10.560  0.1476E-84  0.1800E+02
  10.580  0.1476E-84  0.1800E+02
  10.600  0.1476E-84  0.1800E+02
  10.620  0.1476E-84  0.1800E+02
  10.640  0.1476E-84  0.1800E+02
  10.660  0.1476E-84  0.1800E+02
  10.680  0.1476E-84  0.1800E+02
  10.700  0.1476E-84  0.1800E+02
  10.720  0.1476E-84  0.1800E+02
  10.740  0.1476E-84  0.1800E+02
  10.760  0.1476E-84  0.1800E+02
  10.780  0.1476E-84  0.1800E+02
  10.800  0.1476E-84  0.1800E+02
  10.820  0.1476E-84  0.1800E+02
  10.840  0.1476E-84  0.1800E+02
  10.860  0.1476E-84  0.1800E+02
  10.880  0.1476E-84  0.1800E+02
  10.900  0.1476E-84  0.1800E+02
  10.920  0.1476E-84  0.1800E+02
  10.940  0.1476E-84  0.1800E+02
  10.960  0.1476E-84  0.1800E+02
  10.980  0.1476E-84  0.1800E+02
  11.000  0.1476E-84  0.1800E+02
  11.020  0.1476E-84  0.1800E+02
  11.040  0.1476E-84  0.1800E+02
  11.060  0.1476E-84  0.1800E+02
  11.080  0.1476E-84  0.1800E+02
  11.100  0.1476E-84  0.1800E+02
  11.120  0.1476E-84  0.1800E+02
  11.140  0.1476E-84  0.1800E+02
  11.160  0.1476E-84  0.1800E+02
  11.180  0.1476E-84  0.1800E+02
  11.200  0.1476E-84  0.1800E+02
  11.220  0.1476E-84  0.1800E+02
  11.240  0.1476E-84  0.1800E+02
  11.260  0.1476E-84  0.1800E+02
  11.280  0.1476E-84  0.1800E+02
  11.300  0.1476E-84  0.1800E+02
  11.320  0.1476E-84  0.1800E+02
  11.340  0.1476E-84  0.1800E+02
  11.360  0.1476E-84  0.1800E+02
  11.380  0.1476E-84  0.1800E+02
  11.400  0.1476E-84  0.1800E+02
  11.420  0.1476E-84  0.1800E+02
  11.440  0.1476E-84  0.1800E+02
  11.460  0.1476E-84  0.1800E+02
  11.480  0.1476E-84  0.1800E+02
  11.500  0.1476E-84  0.1800E+02
  11.520  0.1476E-84  0.1800E+02
  11.540  0.1476E-84  0.1800E+02
  11.560  0.1476E-84  0.1800E+02
  11.580  0.1476E-84  0.1800E+02
  11.600  0.1476E-84  0.1800E+02
  11.620  0.1476E-84  0.1800E+02
  11.640  0.1476E-84  0.1800E+02
  11.660  0.1476E-84  0.1800E+02
  11.680  0.1476E-84  0.1800E+02
  11.700  0.1476E-84  0.1800E+02
  11.720  0.1476E-84  0.1800E+02
  11.740  0.1476E-84  0.1800E+02
  11.760  0.1476E-84  0.1800E+02
  11.780  0.1476E-84  0.1800E+02
  11.800  0.1476E-84  0.1800E+02
  11.820  0.1476E-84  0.1800E+02
  11.840  0.1476E-84  0.1800E+02
  11.860  0.1476E-84  0.1800E+02
  11.880  0.1476E-84  0.1800E+02
  11.900  0.1476E-84  0.1800E+02
  11.920  0.1476E-84  0.1800E+02
  11.940  0.1476E-84  0.1800E+02
  11.960  0.1476E-84  0.1800E+02
  11.980  0.1476E-84  0.1800E+02
  12.000  0.1476E-84  0.1800E+02
  12.020  0.1476E-84  0.1800E+02
  12.040  0.1476E-84  0.1800E+02
  12.060  0.1476E-84  0.1800E+02
  12.080  0.1476E-84  0.1800E+02
  12.100  0.1476E-84  0.1800E+02
  12.120  0.1476E-84  0.1800E+02
  12.140  0.1476E-84  0.1800E+02
  12.160  0.1476E-84  0.1800E+02
  12.180  0.1476E-84  0.1800E+02
  12.200  0.1476E-84  0.1800E+02
  12.220  0.1476E-84  0.1800E+02
  12.240  0.1476E-84  0.1800E+02
  12.260  0.1476E-84  0.1800E+02
  12.280  0.1476E-84  0.1800E+02
  12.300  0.1476E-84  0.1800E+02
  12.320  0.1476E-84  0.1800E+02
  12.340  0.1476E-84  0.1800E+02
  12.360  0.1476E-84  0.1800E+02
  12.380  0.1476E-84  0.1800E+02
  12.400  0.1476E-84  0.1800E+02
  12.420  0.1476E-84  0.1800E+02
  12.440  0.1476E-84  0.1800E+02
  12.460  0.1476E-84  0.1800E+02
  12.480  0.1476E-84  0.1800E+02
  12.500  0.1476E-84  0.1800E+02
  12.520  0.1476E-84  0.1800E+02
  12.540  0.1476E-84  0.1800E+02
  12.560  0.1476E-84  0.1800E+02
  12.580  0.1476E-84  0.1800E+02
  12.600  0.1476E-84  0.1800E+02
  12.620  0.1476E-84  0.1800E+02
  12.640  0.1476E-84  0.1800E+02
  12.660  0.1476E-84  0.1800E+02
  12.680  0.1476E-84  0.1800E+02
  12.700  0.1476E-84  0.1800E+02
  12.720  0.1476E-84  0.1800E+02
  12.740  0.1476E-84  0.1800E+02
  12.760  0.1476E-84  0.1800E+02
  12.780  0.1476E-84  0.1800E+02
  12.800  0.1476E-84  0.1800E+02
  12.820  0.1476E-84  0.1800E+02
  12.840  0.1476E-84  0.1800E+02
  12.860  0.1476E-84  0.1800E+02
  12.880  0.1476E-84  0.1800E+02
  12.900  0.1476E-84  0.1800E+02
  12.920  0.1476E-84  0.1800E+02
  12.940  0.1476E-84  0.1800E+02
  12.960  0.1476E-84  0.1800E+02
  12.980  0.1476E-84  0.1800E+02
  13.000  0.1476E-84  0.1800E+02
  13.020  0.1476E-84  0.1800E+02
  13.040  0.1476E-84  0.1800E+02
  13.060  0.1476E-84  0.1800E+02
  13.080  0.1476E-84  0.1800E+02
  13.100  0.1476E-84  0.1800E+02
  13.120  0.1476E-84  0.1800E+02
  13.140  0.1476E-84  0.1800E+02
  13.160  0.1476E-84  0.1800E+02
  13.180  0.1476E-84  0.1800E+02
  13.200  0.1476E-84  0.1800E+02
  13.220  0.1476E-84  0.1800E+02
  13.240  0.1476E-84  0.1800E+02
  13.260  0.1476E-84  0.1800E+02
  13.280  0.1476E-84  0.1800E+02
  13.300  0.1476E-84  0.1800E+02
  13.320  0.1476E-84  0.1800E+02
  13.340  0.1476E-84  0.1800E+02
  13.360  0.1476E-84  0.1800E+02
  13.380  0.1476E-84  0.1800E+02
  13.400  0.1476E-84  0.1800E+02
  13.420  0.1476E-84  0.1800E+02
  13.440  0.1476E-84  0.1800E+02
  13.460  0.1476E-84  0.1800E+02
  13.480  0.1476E-84  0.1800E+02
  13.500  0.1476E-84  0.1800E+02
  13.520  0.1476E-84  0.1800E+02
  13.540  0.1476E-84  0.1800E+02
  13.560  0.1476E-84  0.1800E+02
  13.580  0.1476E-84  0.1800E+02
  13.600  0.1476E-84  0.1800E+02
  13.620  0.1476E-84  0.1800E+02
  13.640  0.1476E-84  0.1800E+02
  13.660  0.1476E-84  0.1800E+02
  13.680  0.1476E-84  0.1800E+02
  13.700  0.1476E-84  0.1800E+02
  13.720  0.1476E-84  0.1800E+02
  13.740  0.1476E-84  0.1800E+02
  13.760  0.1476E-84  0.1800E+02
  13.780  0.1476E-84  0.1800E+02
  13.800  0.1476E-84  0.1800E+02
  13.820  0.1476E-84  0.1800E+02
  13.840  0.1476E-84  0.1800E+02
  13.860  0.1476E-84  0.1800E+02
  13.880  0.1476E-84  0.1800E+02
  13.900  0.1476E-84  0.1800E+02
  13.920  0.1476E-84  0.1800E+02
  13.940  0.1476E-84  0.1800E+02
  13.960  0.1476E-84  0.1800E+02
  13.980  0.1476E-84  0.1800E+02
  14.000  0.1476E-84  0.1800E+02
  14.020  0.1476E-84  0.1800E+02
  14.040  0.1476E-84  0.1800E+02
  14.060  0.1476E-84  0.1800E+02
  14.080  0.1476E-84  0.1800E+02
  14.100  0.1476E-84  0.1800E+02
  14.120  0.1476E-84  0.1800E+02
  14.140  0.1476E-84  0.1800E+02
  14.160  0.1476E-84  0.1800E+02
  14.180  0.1476E-84  0.1800E+02
  14.200  0.1476E-84  0.1800E+02
  14.220  0.1476E-84  0.1800E+02
  14.240  0.1476E-84  0.1800E+02
  14.260  0.1476E-84  0.1800E+02
  14.280  0.1476E-84  0.1800E+02
  14.300  0.1476E-84  0.1800E+02
  14.320  0.1476E-84  0.1800E+02
  14.340  0.1476E-84  0.1800E+02
  14.360  0.1476E-84  0.1800E+02
  14.380  0.1476E-84  0.1800E+02
  14.400  0.1476E-84  0.1800E+02
  14.420  0.1476E-84  0.1800E+02
  14.440  0.1476E-84  0.1800E+02
  14.460  0.1476E-84  0.1800E+02
  14.480  0.1476E-84  0.1800E+02
  14.500  0.1476E-84  0.1800E+02
  14.520  0.1476E-84  0.1800E+02
  14.540  0.1476E-84  0.1800E+02
  14.560  0.1476E-84  0.1800E+02
  14.580  0.1476E-84  0.1800E+02
  14.600  0.1476E-84  0.1800E+02
  14.620  0.1476E-84  0.1800E+02
  14.640  0.1476E-84  0.1800E+02
  14.660  0.1476E-84  0.1800E+02
  14.680  0.1476E-84  0.1800E+02
  14.700  0.1476E-84  0.1800E+02
  14.720  0.1476E-84  0.1800E+02
  14.740  0.1476E-84  0.1800E+02
  14.760  0.1476E-84  0.1800E+02
  14.780  0.1476E-84  0.1800E+02
  14.800  0.1476E-84  0.1800E+02
  14.820  0.1476E-84  0.1800E+02
  14.840  0.1476E-84  0.1800E+02
  14.860  0.1476E-84  0.1800E+02
  14.880  0.1476E-84  0.1800E+02
  14.900  0.1476E-84  0.1800E+02
  14.920  0.1476E-84  0.1800E+02
  14.940  0.1476E-84  0.1800E+02
  14.960  0.1476E-84  0.1800E+02
  14.980  0.1476E-84  0.1800E+02
  15.000  0.1476E-84  0.1800E+02
