#  E (eV)   dos(E)     Int dos(E) EFermi =   -1.646 eV
 -24.000  0.1312E-84  0.2623E-86
 -23.980  0.1312E-84  0.5247E-86
 -23.960  0.1312E-84  0.7870E-86
 -23.940  0.1312E-84  0.1049E-85
 -23.920  0.1312E-84  0.1312E-85
 -23.900  0.1312E-84  0.1574E-85
 -23.880  0.1312E-84  0.1836E-85
 -23.860  0.1312E-84  0.2099E-85
 -23.840  0.1312E-84  0.2361E-85
 -23.820  0.1312E-84  0.2623E-85
 -23.800  0.1312E-84  0.2886E-85
 -23.780  0.1312E-84  0.3148E-85
 -23.760  0.1312E-84  0.3410E-85
 -23.740  0.1312E-84  0.3673E-85
 -23.720  0.1312E-84  0.3935E-85
 -23.700  0.1312E-84  0.4197E-85
 -23.680  0.1312E-84  0.4460E-85
 -23.660  0.1312E-84  0.4722E-85
 -23.640  0.1312E-84  0.4984E-85
 -23.620  0.1312E-84  0.5247E-85
 -23.600  0.1312E-84  0.5509E-85
 -23.580  0.1312E-84  0.5771E-85
 -23.560  0.1312E-84  0.6034E-85
 -23.540  0.1312E-84  0.6296E-85
 -23.520  0.1312E-84  0.6558E-85
 -23.500  0.1312E-84  0.6821E-85
 -23.480  0.1312E-84  0.7083E-85
 -23.460  0.1312E-84  0.7345E-85
 -23.440  0.1312E-84  0.7608E-85
 -23.420  0.1312E-84  0.7870E-85
 -23.400  0.1312E-84  0.8132E-85
 -23.380  0.1312E-84  0.8395E-85
 -23.360  0.1312E-84  0.8657E-85
 -23.340  0.1312E-84  0.8919E-85
 -23.320  0.1312E-84  0.9182E-85
 -23.300  0.1312E-84  0.9444E-85
 -23.280  0.1312E-84  0.9706E-85
 -23.260  0.1312E-84  0.9969E-85
 -23.240  0.1312E-84  0.1023E-84
 -23.220  0.1312E-84  0.1049E-84
 -23.200  0.1312E-84  0.1076E-84
 -23.180  0.1312E-84  0.1102E-84
 -23.160  0.1312E-84  0.1128E-84
 -23.140  0.1312E-84  0.1154E-84
 -23.120  0.1312E-84  0.1181E-84
 -23.100  0.1312E-84  0.1207E-84
 -23.080  0.1312E-84  0.1233E-84
 -23.060  0.1312E-84  0.1259E-84
 -23.040  0.1312E-84  0.1285E-84
 -23.020  0.1312E-84  0.1312E-84
 -23.000  0.1312E-84  0.1338E-84
 -22.980  0.1312E-84  0.1364E-84
 -22.960  0.1312E-84  0.1390E-84
 -22.940  0.1312E-84  0.1417E-84
 -22.920  0.1312E-84  0.1443E-84
 -22.900  0.1312E-84  0.1469E-84
 -22.880  0.1312E-84  0.1495E-84
 -22.860  0.1312E-84  0.1522E-84
 -22.840  0.1312E-84  0.1548E-84
 -22.820  0.1312E-84  0.1574E-84
 -22.800  0.1312E-84  0.1600E-84
 -22.780  0.1312E-84  0.1626E-84
 -22.760  0.1312E-84  0.1653E-84
 -22.740  0.1312E-84  0.1679E-84
 -22.720  0.1312E-84  0.1705E-84
 -22.700  0.1312E-84  0.1731E-84
 -22.680  0.1312E-84  0.1758E-84
 -22.660  0.1312E-84  0.1784E-84
 -22.640  0.1312E-84  0.1810E-84
 -22.620  0.1312E-84  0.1836E-84
 -22.600  0.1312E-84  0.1863E-84
 -22.580  0.1312E-84  0.1889E-84
 -22.560  0.1312E-84  0.1915E-84
 -22.540  0.1312E-84  0.1941E-84
 -22.520  0.1312E-84  0.1968E-84
 -22.500  0.1313E-84  0.1994E-84
 -22.480  0.1881E-84  0.2031E-84
 -22.460  0.1856E-82  0.5743E-84
 -22.440  0.5456E-80  0.1097E-81
 -22.420  0.1480E-77  0.2970E-79
 -22.400  0.3674E-75  0.7379E-77
 -22.380  0.8357E-73  0.1679E-74
 -22.360  0.1741E-70  0.3498E-72
 -22.340  0.3321E-68  0.6676E-70
 -22.320  0.5801E-66  0.1167E-67
 -22.300  0.9283E-64  0.1868E-65
 -22.280  0.1360E-61  0.2739E-63
 -22.260  0.1826E-59  0.3679E-61
 -22.240  0.2244E-57  0.4525E-59
 -22.220  0.2527E-55  0.5099E-57
 -22.200  0.2605E-53  0.5262E-55
 -22.180  0.2461E-51  0.4974E-53
 -22.160  0.2129E-49  0.4307E-51
 -22.140  0.1687E-47  0.3416E-49
 -22.120  0.1224E-45  0.2482E-47
 -22.100  0.8137E-44  0.1652E-45
 -22.080  0.4955E-42  0.1007E-43
 -22.060  0.2764E-40  0.5628E-42
 -22.040  0.1412E-38  0.2880E-40
 -22.020  0.6608E-37  0.1350E-38
 -22.000  0.2833E-35  0.5802E-37
 -21.980  0.1113E-33  0.2284E-35
 -21.960  0.4004E-32  0.8236E-34
 -21.940  0.1320E-30  0.2722E-32
 -21.920  0.3986E-29  0.8244E-31
 -21.900  0.1103E-27  0.2288E-29
 -21.880  0.2796E-26  0.5821E-28
 -21.860  0.6495E-25  0.1357E-26
 -21.840  0.1382E-23  0.2900E-25
 -21.820  0.2696E-22  0.5682E-24
 -21.800  0.4818E-21  0.1020E-22
 -21.780  0.7892E-20  0.1680E-21
 -21.760  0.1185E-18  0.2537E-20
 -21.740  0.1630E-17  0.3513E-19
 -21.720  0.2055E-16  0.4462E-18
 -21.700  0.2376E-15  0.5198E-17
 -21.680  0.2518E-14  0.5555E-16
 -21.660  0.2446E-13  0.5448E-15
 -21.640  0.2179E-12  0.4903E-14
 -21.620  0.1780E-11  0.4051E-13
 -21.600  0.1334E-10  0.3073E-12
 -21.580  0.9168E-10  0.2141E-11
 -21.560  0.5781E-09  0.1370E-10
 -21.540  0.3345E-08  0.8059E-10
 -21.520  0.1776E-07  0.4358E-09
 -21.500  0.8656E-07  0.2167E-08
 -21.480  0.3874E-06  0.9916E-08
 -21.460  0.1593E-05  0.4177E-07
 -21.440  0.6016E-05  0.1621E-06
 -21.420  0.2089E-04  0.5799E-06
 -21.400  0.6670E-04  0.1914E-05
 -21.380  0.1960E-03  0.5834E-05
 -21.360  0.5302E-03  0.1644E-04
 -21.340  0.1322E-02  0.4288E-04
 -21.320  0.3040E-02  0.1037E-03
 -21.300  0.6455E-02  0.2328E-03
 -21.280  0.1268E-01  0.4863E-03
 -21.260  0.2306E-01  0.9474E-03
 -21.240  0.3892E-01  0.1726E-02
 -21.220  0.6115E-01  0.2949E-02
 -21.200  0.8967E-01  0.4742E-02
 -21.180  0.1232E+00  0.7207E-02
 -21.160  0.1593E+00  0.1039E-01
 -21.140  0.1950E+00  0.1429E-01
 -21.120  0.2272E+00  0.1884E-01
 -21.100  0.2540E+00  0.2392E-01
 -21.080  0.2742E+00  0.2940E-01
 -21.060  0.2884E+00  0.3517E-01
 -21.040  0.2974E+00  0.4112E-01
 -21.020  0.3027E+00  0.4717E-01
 -21.000  0.3056E+00  0.5328E-01
 -20.980  0.3070E+00  0.5942E-01
 -20.960  0.3077E+00  0.6558E-01
 -20.940  0.3080E+00  0.7174E-01
 -20.920  0.3082E+00  0.7790E-01
 -20.900  0.3083E+00  0.8406E-01
 -20.880  0.3083E+00  0.9023E-01
 -20.860  0.3084E+00  0.9640E-01
 -20.840  0.3085E+00  0.1026E+00
 -20.820  0.3086E+00  0.1087E+00
 -20.800  0.3086E+00  0.1149E+00
 -20.780  0.3087E+00  0.1211E+00
 -20.760  0.3088E+00  0.1273E+00
 -20.740  0.3088E+00  0.1334E+00
 -20.720  0.3089E+00  0.1396E+00
 -20.700  0.3090E+00  0.1458E+00
 -20.680  0.3090E+00  0.1520E+00
 -20.660  0.3091E+00  0.1582E+00
 -20.640  0.3092E+00  0.1643E+00
 -20.620  0.3093E+00  0.1705E+00
 -20.600  0.3093E+00  0.1767E+00
 -20.580  0.3094E+00  0.1829E+00
 -20.560  0.3095E+00  0.1891E+00
 -20.540  0.3095E+00  0.1953E+00
 -20.520  0.3096E+00  0.2015E+00
 -20.500  0.3097E+00  0.2077E+00
 -20.480  0.3098E+00  0.2139E+00
 -20.460  0.3098E+00  0.2201E+00
 -20.440  0.3099E+00  0.2263E+00
 -20.420  0.3100E+00  0.2325E+00
 -20.400  0.3101E+00  0.2387E+00
 -20.380  0.3101E+00  0.2449E+00
 -20.360  0.3102E+00  0.2511E+00
 -20.340  0.3103E+00  0.2573E+00
 -20.320  0.3104E+00  0.2635E+00
 -20.300  0.3105E+00  0.2697E+00
 -20.280  0.3105E+00  0.2759E+00
 -20.260  0.3106E+00  0.2821E+00
 -20.240  0.3107E+00  0.2883E+00
 -20.220  0.3108E+00  0.2945E+00
 -20.200  0.3109E+00  0.3008E+00
 -20.180  0.3109E+00  0.3070E+00
 -20.160  0.3110E+00  0.3132E+00
 -20.140  0.3111E+00  0.3194E+00
 -20.120  0.3112E+00  0.3256E+00
 -20.100  0.3113E+00  0.3319E+00
 -20.080  0.3113E+00  0.3381E+00
 -20.060  0.3114E+00  0.3443E+00
 -20.040  0.3115E+00  0.3506E+00
 -20.020  0.3116E+00  0.3568E+00
 -20.000  0.3117E+00  0.3630E+00
 -19.980  0.3118E+00  0.3693E+00
 -19.960  0.3118E+00  0.3755E+00
 -19.940  0.3119E+00  0.3817E+00
 -19.920  0.3120E+00  0.3880E+00
 -19.900  0.3121E+00  0.3942E+00
 -19.880  0.3122E+00  0.4005E+00
 -19.860  0.3123E+00  0.4067E+00
 -19.840  0.3124E+00  0.4129E+00
 -19.820  0.3124E+00  0.4192E+00
 -19.800  0.3125E+00  0.4254E+00
 -19.780  0.3126E+00  0.4317E+00
 -19.760  0.3127E+00  0.4380E+00
 -19.740  0.3128E+00  0.4442E+00
 -19.720  0.3129E+00  0.4505E+00
 -19.700  0.3130E+00  0.4567E+00
 -19.680  0.3131E+00  0.4630E+00
 -19.660  0.3132E+00  0.4693E+00
 -19.640  0.3133E+00  0.4755E+00
 -19.620  0.3133E+00  0.4818E+00
 -19.600  0.3134E+00  0.4881E+00
 -19.580  0.3135E+00  0.4943E+00
 -19.560  0.3136E+00  0.5006E+00
 -19.540  0.3137E+00  0.5069E+00
 -19.520  0.3138E+00  0.5131E+00
 -19.500  0.3139E+00  0.5194E+00
 -19.480  0.3140E+00  0.5257E+00
 -19.460  0.3141E+00  0.5320E+00
 -19.440  0.3142E+00  0.5383E+00
 -19.420  0.3143E+00  0.5446E+00
 -19.400  0.3144E+00  0.5508E+00
 -19.380  0.3145E+00  0.5571E+00
 -19.360  0.3146E+00  0.5634E+00
 -19.340  0.3147E+00  0.5697E+00
 -19.320  0.3148E+00  0.5760E+00
 -19.300  0.3149E+00  0.5823E+00
 -19.280  0.3150E+00  0.5886E+00
 -19.260  0.3151E+00  0.5949E+00
 -19.240  0.3152E+00  0.6012E+00
 -19.220  0.3153E+00  0.6075E+00
 -19.200  0.3154E+00  0.6138E+00
 -19.180  0.3155E+00  0.6201E+00
 -19.160  0.3156E+00  0.6265E+00
 -19.140  0.3157E+00  0.6328E+00
 -19.120  0.3158E+00  0.6391E+00
 -19.100  0.3160E+00  0.6454E+00
 -19.080  0.3161E+00  0.6517E+00
 -19.060  0.3162E+00  0.6581E+00
 -19.040  0.3163E+00  0.6644E+00
 -19.020  0.3164E+00  0.6707E+00
 -19.000  0.3165E+00  0.6770E+00
 -18.980  0.3166E+00  0.6834E+00
 -18.960  0.3167E+00  0.6897E+00
 -18.940  0.3169E+00  0.6960E+00
 -18.920  0.3170E+00  0.7024E+00
 -18.900  0.3171E+00  0.7087E+00
 -18.880  0.3172E+00  0.7151E+00
 -18.860  0.3173E+00  0.7214E+00
 -18.840  0.3174E+00  0.7278E+00
 -18.820  0.3176E+00  0.7341E+00
 -18.800  0.3177E+00  0.7405E+00
 -18.780  0.3178E+00  0.7468E+00
 -18.760  0.3179E+00  0.7532E+00
 -18.740  0.3181E+00  0.7595E+00
 -18.720  0.3182E+00  0.7659E+00
 -18.700  0.3183E+00  0.7723E+00
 -18.680  0.3184E+00  0.7786E+00
 -18.660  0.3186E+00  0.7850E+00
 -18.640  0.3187E+00  0.7914E+00
 -18.620  0.3188E+00  0.7978E+00
 -18.600  0.3190E+00  0.8041E+00
 -18.580  0.3191E+00  0.8105E+00
 -18.560  0.3192E+00  0.8169E+00
 -18.540  0.3194E+00  0.8233E+00
 -18.520  0.3195E+00  0.8297E+00
 -18.500  0.3196E+00  0.8361E+00
 -18.480  0.3198E+00  0.8425E+00
 -18.460  0.3199E+00  0.8489E+00
 -18.440  0.3200E+00  0.8553E+00
 -18.420  0.3202E+00  0.8617E+00
 -18.400  0.3203E+00  0.8681E+00
 -18.380  0.3205E+00  0.8745E+00
 -18.360  0.3206E+00  0.8809E+00
 -18.340  0.3208E+00  0.8873E+00
 -18.320  0.3209E+00  0.8937E+00
 -18.300  0.3211E+00  0.9002E+00
 -18.280  0.3212E+00  0.9066E+00
 -18.260  0.3214E+00  0.9130E+00
 -18.240  0.3215E+00  0.9194E+00
 -18.220  0.3217E+00  0.9259E+00
 -18.200  0.3218E+00  0.9323E+00
 -18.180  0.3220E+00  0.9388E+00
 -18.160  0.3222E+00  0.9452E+00
 -18.140  0.3223E+00  0.9516E+00
 -18.120  0.3225E+00  0.9581E+00
 -18.100  0.3227E+00  0.9645E+00
 -18.080  0.3228E+00  0.9710E+00
 -18.060  0.3230E+00  0.9775E+00
 -18.040  0.3232E+00  0.9839E+00
 -18.020  0.3234E+00  0.9904E+00
 -18.000  0.3235E+00  0.9969E+00
 -17.980  0.3237E+00  0.1003E+01
 -17.960  0.3239E+00  0.1010E+01
 -17.940  0.3241E+00  0.1016E+01
 -17.920  0.3243E+00  0.1023E+01
 -17.900  0.3245E+00  0.1029E+01
 -17.880  0.3246E+00  0.1036E+01
 -17.860  0.3248E+00  0.1042E+01
 -17.840  0.3250E+00  0.1049E+01
 -17.820  0.3252E+00  0.1055E+01
 -17.800  0.3254E+00  0.1062E+01
 -17.780  0.3256E+00  0.1068E+01
 -17.760  0.3258E+00  0.1075E+01
 -17.740  0.3260E+00  0.1081E+01
 -17.720  0.3263E+00  0.1088E+01
 -17.700  0.3265E+00  0.1094E+01
 -17.680  0.3267E+00  0.1101E+01
 -17.660  0.3269E+00  0.1107E+01
 -17.640  0.3271E+00  0.1114E+01
 -17.620  0.3274E+00  0.1121E+01
 -17.600  0.3276E+00  0.1127E+01
 -17.580  0.3278E+00  0.1134E+01
 -17.560  0.3281E+00  0.1140E+01
 -17.540  0.3283E+00  0.1147E+01
 -17.520  0.3286E+00  0.1153E+01
 -17.500  0.3288E+00  0.1160E+01
 -17.480  0.3291E+00  0.1167E+01
 -17.460  0.3293E+00  0.1173E+01
 -17.440  0.3296E+00  0.1180E+01
 -17.420  0.3299E+00  0.1186E+01
 -17.400  0.3302E+00  0.1193E+01
 -17.380  0.3304E+00  0.1200E+01
 -17.360  0.3307E+00  0.1206E+01
 -17.340  0.3310E+00  0.1213E+01
 -17.320  0.3313E+00  0.1219E+01
 -17.300  0.3316E+00  0.1226E+01
 -17.280  0.3319E+00  0.1233E+01
 -17.260  0.3322E+00  0.1239E+01
 -17.240  0.3325E+00  0.1246E+01
 -17.220  0.3329E+00  0.1253E+01
 -17.200  0.3333E+00  0.1259E+01
 -17.180  0.3336E+00  0.1266E+01
 -17.160  0.3339E+00  0.1273E+01
 -17.140  0.3343E+00  0.1279E+01
 -17.120  0.3347E+00  0.1286E+01
 -17.100  0.3351E+00  0.1293E+01
 -17.080  0.3354E+00  0.1299E+01
 -17.060  0.3358E+00  0.1306E+01
 -17.040  0.3362E+00  0.1313E+01
 -17.020  0.3366E+00  0.1320E+01
 -17.000  0.3371E+00  0.1326E+01
 -16.980  0.3375E+00  0.1333E+01
 -16.960  0.3380E+00  0.1340E+01
 -16.940  0.3384E+00  0.1347E+01
 -16.920  0.3389E+00  0.1353E+01
 -16.900  0.3394E+00  0.1360E+01
 -16.880  0.3400E+00  0.1367E+01
 -16.860  0.3405E+00  0.1374E+01
 -16.840  0.3410E+00  0.1381E+01
 -16.820  0.3415E+00  0.1387E+01
 -16.800  0.3421E+00  0.1394E+01
 -16.780  0.3428E+00  0.1401E+01
 -16.760  0.3434E+00  0.1408E+01
 -16.740  0.3440E+00  0.1415E+01
 -16.720  0.3446E+00  0.1422E+01
 -16.700  0.3453E+00  0.1429E+01
 -16.680  0.3461E+00  0.1436E+01
 -16.660  0.3469E+00  0.1443E+01
 -16.640  0.3476E+00  0.1449E+01
 -16.620  0.3484E+00  0.1456E+01
 -16.600  0.3492E+00  0.1463E+01
 -16.580  0.3502E+00  0.1470E+01
 -16.560  0.3512E+00  0.1477E+01
 -16.540  0.3522E+00  0.1484E+01
 -16.520  0.3531E+00  0.1492E+01
 -16.500  0.3542E+00  0.1499E+01
 -16.480  0.3553E+00  0.1506E+01
 -16.460  0.3566E+00  0.1513E+01
 -16.440  0.3579E+00  0.1520E+01
 -16.420  0.3593E+00  0.1527E+01
 -16.400  0.3607E+00  0.1534E+01
 -16.380  0.3622E+00  0.1542E+01
 -16.360  0.3639E+00  0.1549E+01
 -16.340  0.3657E+00  0.1556E+01
 -16.320  0.3677E+00  0.1564E+01
 -16.300  0.3697E+00  0.1571E+01
 -16.280  0.3719E+00  0.1578E+01
 -16.260  0.3743E+00  0.1586E+01
 -16.240  0.3771E+00  0.1593E+01
 -16.220  0.3802E+00  0.1601E+01
 -16.200  0.3835E+00  0.1609E+01
 -16.180  0.3872E+00  0.1616E+01
 -16.160  0.3915E+00  0.1624E+01
 -16.140  0.3966E+00  0.1632E+01
 -16.120  0.4027E+00  0.1640E+01
 -16.100  0.4099E+00  0.1649E+01
 -16.080  0.4185E+00  0.1657E+01
 -16.060  0.4286E+00  0.1665E+01
 -16.040  0.4403E+00  0.1674E+01
 -16.020  0.4529E+00  0.1683E+01
 -16.000  0.4654E+00  0.1693E+01
 -15.980  0.4760E+00  0.1702E+01
 -15.960  0.4827E+00  0.1712E+01
 -15.940  0.4841E+00  0.1721E+01
 -15.920  0.4792E+00  0.1731E+01
 -15.900  0.4683E+00  0.1740E+01
 -15.880  0.4524E+00  0.1749E+01
 -15.860  0.4332E+00  0.1758E+01
 -15.840  0.4126E+00  0.1766E+01
 -15.820  0.3924E+00  0.1774E+01
 -15.800  0.3737E+00  0.1782E+01
 -15.780  0.3570E+00  0.1789E+01
 -15.760  0.3422E+00  0.1796E+01
 -15.740  0.3291E+00  0.1802E+01
 -15.720  0.3173E+00  0.1809E+01
 -15.700  0.3068E+00  0.1815E+01
 -15.680  0.2972E+00  0.1821E+01
 -15.660  0.2884E+00  0.1826E+01
 -15.640  0.2801E+00  0.1832E+01
 -15.620  0.2723E+00  0.1838E+01
 -15.600  0.2648E+00  0.1843E+01
 -15.580  0.2578E+00  0.1848E+01
 -15.560  0.2511E+00  0.1853E+01
 -15.540  0.2448E+00  0.1858E+01
 -15.520  0.2386E+00  0.1863E+01
 -15.500  0.2326E+00  0.1867E+01
 -15.480  0.2268E+00  0.1872E+01
 -15.460  0.2213E+00  0.1876E+01
 -15.440  0.2161E+00  0.1881E+01
 -15.420  0.2109E+00  0.1885E+01
 -15.400  0.2058E+00  0.1889E+01
 -15.380  0.2008E+00  0.1893E+01
 -15.360  0.1960E+00  0.1897E+01
 -15.340  0.1914E+00  0.1901E+01
 -15.320  0.1869E+00  0.1904E+01
 -15.300  0.1824E+00  0.1908E+01
 -15.280  0.1780E+00  0.1912E+01
 -15.260  0.1737E+00  0.1915E+01
 -15.240  0.1695E+00  0.1919E+01
 -15.220  0.1655E+00  0.1922E+01
 -15.200  0.1615E+00  0.1925E+01
 -15.180  0.1575E+00  0.1928E+01
 -15.160  0.1535E+00  0.1931E+01
 -15.140  0.1497E+00  0.1934E+01
 -15.120  0.1460E+00  0.1937E+01
 -15.100  0.1425E+00  0.1940E+01
 -15.080  0.1391E+00  0.1943E+01
 -15.060  0.1362E+00  0.1946E+01
 -15.040  0.1341E+00  0.1948E+01
 -15.020  0.1335E+00  0.1951E+01
 -15.000  0.1353E+00  0.1954E+01
 -14.980  0.1405E+00  0.1956E+01
 -14.960  0.1500E+00  0.1959E+01
 -14.940  0.1644E+00  0.1963E+01
 -14.920  0.1835E+00  0.1966E+01
 -14.900  0.2062E+00  0.1970E+01
 -14.880  0.2307E+00  0.1975E+01
 -14.860  0.2546E+00  0.1980E+01
 -14.840  0.2760E+00  0.1986E+01
 -14.820  0.2935E+00  0.1992E+01
 -14.800  0.3066E+00  0.1998E+01
 -14.780  0.3156E+00  0.2004E+01
 -14.760  0.3213E+00  0.2010E+01
 -14.740  0.3246E+00  0.2017E+01
 -14.720  0.3264E+00  0.2023E+01
 -14.700  0.3273E+00  0.2030E+01
 -14.680  0.3278E+00  0.2037E+01
 -14.660  0.3281E+00  0.2043E+01
 -14.640  0.3283E+00  0.2050E+01
 -14.620  0.3284E+00  0.2056E+01
 -14.600  0.3286E+00  0.2063E+01
 -14.580  0.3287E+00  0.2069E+01
 -14.560  0.3289E+00  0.2076E+01
 -14.540  0.3290E+00  0.2083E+01
 -14.520  0.3292E+00  0.2089E+01
 -14.500  0.3293E+00  0.2096E+01
 -14.480  0.3295E+00  0.2102E+01
 -14.460  0.3296E+00  0.2109E+01
 -14.440  0.3298E+00  0.2116E+01
 -14.420  0.3300E+00  0.2122E+01
 -14.400  0.3302E+00  0.2129E+01
 -14.380  0.3306E+00  0.2135E+01
 -14.360  0.3311E+00  0.2142E+01
 -14.340  0.3320E+00  0.2149E+01
 -14.320  0.3334E+00  0.2155E+01
 -14.300  0.3355E+00  0.2162E+01
 -14.280  0.3386E+00  0.2169E+01
 -14.260  0.3429E+00  0.2176E+01
 -14.240  0.3487E+00  0.2183E+01
 -14.220  0.3562E+00  0.2190E+01
 -14.200  0.3656E+00  0.2197E+01
 -14.180  0.3769E+00  0.2205E+01
 -14.160  0.3902E+00  0.2212E+01
 -14.140  0.4054E+00  0.2220E+01
 -14.120  0.4222E+00  0.2229E+01
 -14.100  0.4395E+00  0.2238E+01
 -14.080  0.4563E+00  0.2247E+01
 -14.060  0.4707E+00  0.2256E+01
 -14.040  0.4812E+00  0.2266E+01
 -14.020  0.4866E+00  0.2276E+01
 -14.000  0.4866E+00  0.2285E+01
 -13.980  0.4816E+00  0.2295E+01
 -13.960  0.4729E+00  0.2304E+01
 -13.940  0.4620E+00  0.2314E+01
 -13.920  0.4504E+00  0.2323E+01
 -13.900  0.4393E+00  0.2331E+01
 -13.880  0.4293E+00  0.2340E+01
 -13.860  0.4206E+00  0.2348E+01
 -13.840  0.4131E+00  0.2357E+01
 -13.820  0.4066E+00  0.2365E+01
 -13.800  0.4010E+00  0.2373E+01
 -13.780  0.3960E+00  0.2381E+01
 -13.760  0.3915E+00  0.2389E+01
 -13.740  0.3874E+00  0.2396E+01
 -13.720  0.3837E+00  0.2404E+01
 -13.700  0.3801E+00  0.2412E+01
 -13.680  0.3768E+00  0.2419E+01
 -13.660  0.3737E+00  0.2427E+01
 -13.640  0.3707E+00  0.2434E+01
 -13.620  0.3679E+00  0.2441E+01
 -13.600  0.3652E+00  0.2449E+01
 -13.580  0.3626E+00  0.2456E+01
 -13.560  0.3600E+00  0.2463E+01
 -13.540  0.3576E+00  0.2470E+01
 -13.520  0.3553E+00  0.2477E+01
 -13.500  0.3530E+00  0.2484E+01
 -13.480  0.3508E+00  0.2492E+01
 -13.460  0.3487E+00  0.2498E+01
 -13.440  0.3466E+00  0.2505E+01
 -13.420  0.3446E+00  0.2512E+01
 -13.400  0.3426E+00  0.2519E+01
 -13.380  0.3407E+00  0.2526E+01
 -13.360  0.3388E+00  0.2533E+01
 -13.340  0.3370E+00  0.2539E+01
 -13.320  0.3352E+00  0.2546E+01
 -13.300  0.3334E+00  0.2553E+01
 -13.280  0.3317E+00  0.2560E+01
 -13.260  0.3299E+00  0.2566E+01
 -13.240  0.3283E+00  0.2573E+01
 -13.220  0.3266E+00  0.2579E+01
 -13.200  0.3250E+00  0.2586E+01
 -13.180  0.3234E+00  0.2592E+01
 -13.160  0.3218E+00  0.2599E+01
 -13.140  0.3203E+00  0.2605E+01
 -13.120  0.3188E+00  0.2611E+01
 -13.100  0.3173E+00  0.2618E+01
 -13.080  0.3158E+00  0.2624E+01
 -13.060  0.3143E+00  0.2630E+01
 -13.040  0.3129E+00  0.2637E+01
 -13.020  0.3114E+00  0.2643E+01
 -13.000  0.3100E+00  0.2649E+01
 -12.980  0.3086E+00  0.2655E+01
 -12.960  0.3073E+00  0.2661E+01
 -12.940  0.3059E+00  0.2667E+01
 -12.920  0.3046E+00  0.2674E+01
 -12.900  0.3032E+00  0.2680E+01
 -12.880  0.3019E+00  0.2686E+01
 -12.860  0.3006E+00  0.2692E+01
 -12.840  0.2993E+00  0.2698E+01
 -12.820  0.2981E+00  0.2704E+01
 -12.800  0.2968E+00  0.2710E+01
 -12.780  0.2956E+00  0.2715E+01
 -12.760  0.2943E+00  0.2721E+01
 -12.740  0.2931E+00  0.2727E+01
 -12.720  0.2919E+00  0.2733E+01
 -12.700  0.2907E+00  0.2739E+01
 -12.680  0.2895E+00  0.2745E+01
 -12.660  0.2883E+00  0.2750E+01
 -12.640  0.2872E+00  0.2756E+01
 -12.620  0.2860E+00  0.2762E+01
 -12.600  0.2849E+00  0.2768E+01
 -12.580  0.2837E+00  0.2773E+01
 -12.560  0.2826E+00  0.2779E+01
 -12.540  0.2815E+00  0.2785E+01
 -12.520  0.2804E+00  0.2790E+01
 -12.500  0.2793E+00  0.2796E+01
 -12.480  0.2782E+00  0.2801E+01
 -12.460  0.2771E+00  0.2807E+01
 -12.440  0.2760E+00  0.2812E+01
 -12.420  0.2750E+00  0.2818E+01
 -12.400  0.2741E+00  0.2823E+01
 -12.380  0.2733E+00  0.2829E+01
 -12.360  0.2729E+00  0.2834E+01
 -12.340  0.2730E+00  0.2840E+01
 -12.320  0.2741E+00  0.2845E+01
 -12.300  0.2766E+00  0.2851E+01
 -12.280  0.2808E+00  0.2856E+01
 -12.260  0.2870E+00  0.2862E+01
 -12.240  0.2952E+00  0.2868E+01
 -12.220  0.3048E+00  0.2874E+01
 -12.200  0.3151E+00  0.2880E+01
 -12.180  0.3252E+00  0.2887E+01
 -12.160  0.3342E+00  0.2894E+01
 -12.140  0.3417E+00  0.2900E+01
 -12.120  0.3473E+00  0.2907E+01
 -12.100  0.3513E+00  0.2914E+01
 -12.080  0.3539E+00  0.2921E+01
 -12.060  0.3555E+00  0.2929E+01
 -12.040  0.3566E+00  0.2936E+01
 -12.020  0.3572E+00  0.2943E+01
 -12.000  0.3577E+00  0.2950E+01
 -11.980  0.3581E+00  0.2957E+01
 -11.960  0.3585E+00  0.2964E+01
 -11.940  0.3589E+00  0.2972E+01
 -11.920  0.3592E+00  0.2979E+01
 -11.900  0.3596E+00  0.2986E+01
 -11.880  0.3599E+00  0.2993E+01
 -11.860  0.3603E+00  0.3000E+01
 -11.840  0.3607E+00  0.3008E+01
 -11.820  0.3610E+00  0.3015E+01
 -11.800  0.3614E+00  0.3022E+01
 -11.780  0.3618E+00  0.3029E+01
 -11.760  0.3622E+00  0.3036E+01
 -11.740  0.3625E+00  0.3044E+01
 -11.720  0.3629E+00  0.3051E+01
 -11.700  0.3633E+00  0.3058E+01
 -11.680  0.3637E+00  0.3065E+01
 -11.660  0.3641E+00  0.3073E+01
 -11.640  0.3645E+00  0.3080E+01
 -11.620  0.3649E+00  0.3087E+01
 -11.600  0.3653E+00  0.3095E+01
 -11.580  0.3657E+00  0.3102E+01
 -11.560  0.3662E+00  0.3109E+01
 -11.540  0.3666E+00  0.3117E+01
 -11.520  0.3670E+00  0.3124E+01
 -11.500  0.3674E+00  0.3131E+01
 -11.480  0.3678E+00  0.3139E+01
 -11.460  0.3683E+00  0.3146E+01
 -11.440  0.3687E+00  0.3153E+01
 -11.420  0.3691E+00  0.3161E+01
 -11.400  0.3696E+00  0.3168E+01
 -11.380  0.3700E+00  0.3176E+01
 -11.360  0.3705E+00  0.3183E+01
 -11.340  0.3710E+00  0.3190E+01
 -11.320  0.3714E+00  0.3198E+01
 -11.300  0.3719E+00  0.3205E+01
 -11.280  0.3723E+00  0.3213E+01
 -11.260  0.3727E+00  0.3220E+01
 -11.240  0.3733E+00  0.3228E+01
 -11.220  0.3738E+00  0.3235E+01
 -11.200  0.3743E+00  0.3243E+01
 -11.180  0.3747E+00  0.3250E+01
 -11.160  0.3752E+00  0.3258E+01
 -11.140  0.3757E+00  0.3265E+01
 -11.120  0.3762E+00  0.3273E+01
 -11.100  0.3768E+00  0.3280E+01
 -11.080  0.3773E+00  0.3288E+01
 -11.060  0.3778E+00  0.3295E+01
 -11.040  0.3782E+00  0.3303E+01
 -11.020  0.3788E+00  0.3310E+01
 -11.000  0.3794E+00  0.3318E+01
 -10.980  0.3800E+00  0.3326E+01
 -10.960  0.3806E+00  0.3333E+01
 -10.940  0.3810E+00  0.3341E+01
 -10.920  0.3815E+00  0.3348E+01
 -10.900  0.3820E+00  0.3356E+01
 -10.880  0.3827E+00  0.3364E+01
 -10.860  0.3834E+00  0.3371E+01
 -10.840  0.3840E+00  0.3379E+01
 -10.820  0.3845E+00  0.3387E+01
 -10.800  0.3849E+00  0.3395E+01
 -10.780  0.3855E+00  0.3402E+01
 -10.760  0.3863E+00  0.3410E+01
 -10.740  0.3870E+00  0.3418E+01
 -10.720  0.3877E+00  0.3425E+01
 -10.700  0.3882E+00  0.3433E+01
 -10.680  0.3886E+00  0.3441E+01
 -10.660  0.3893E+00  0.3449E+01
 -10.640  0.3901E+00  0.3457E+01
 -10.620  0.3909E+00  0.3464E+01
 -10.600  0.3916E+00  0.3472E+01
 -10.580  0.3921E+00  0.3480E+01
 -10.560  0.3926E+00  0.3488E+01
 -10.540  0.3933E+00  0.3496E+01
 -10.520  0.3941E+00  0.3504E+01
 -10.500  0.3950E+00  0.3512E+01
 -10.480  0.3957E+00  0.3519E+01
 -10.460  0.3963E+00  0.3527E+01
 -10.440  0.3969E+00  0.3535E+01
 -10.420  0.3975E+00  0.3543E+01
 -10.400  0.3984E+00  0.3551E+01
 -10.380  0.3993E+00  0.3559E+01
 -10.360  0.4001E+00  0.3567E+01
 -10.340  0.4008E+00  0.3575E+01
 -10.320  0.4014E+00  0.3583E+01
 -10.300  0.4022E+00  0.3591E+01
 -10.280  0.4031E+00  0.3599E+01
 -10.260  0.4040E+00  0.3607E+01
 -10.240  0.4049E+00  0.3616E+01
 -10.220  0.4057E+00  0.3624E+01
 -10.200  0.4064E+00  0.3632E+01
 -10.180  0.4072E+00  0.3640E+01
 -10.160  0.4081E+00  0.3648E+01
 -10.140  0.4091E+00  0.3656E+01
 -10.120  0.4101E+00  0.3664E+01
 -10.100  0.4109E+00  0.3673E+01
 -10.080  0.4117E+00  0.3681E+01
 -10.060  0.4125E+00  0.3689E+01
 -10.040  0.4135E+00  0.3697E+01
 -10.020  0.4146E+00  0.3706E+01
 -10.000  0.4156E+00  0.3714E+01
  -9.980  0.4165E+00  0.3722E+01
  -9.960  0.4174E+00  0.3731E+01
  -9.940  0.4184E+00  0.3739E+01
  -9.920  0.4194E+00  0.3747E+01
  -9.900  0.4206E+00  0.3756E+01
  -9.880  0.4217E+00  0.3764E+01
  -9.860  0.4227E+00  0.3773E+01
  -9.840  0.4237E+00  0.3781E+01
  -9.820  0.4247E+00  0.3790E+01
  -9.800  0.4259E+00  0.3798E+01
  -9.780  0.4271E+00  0.3807E+01
  -9.760  0.4283E+00  0.3815E+01
  -9.740  0.4294E+00  0.3824E+01
  -9.720  0.4305E+00  0.3833E+01
  -9.700  0.4317E+00  0.3841E+01
  -9.680  0.4330E+00  0.3850E+01
  -9.660  0.4343E+00  0.3859E+01
  -9.640  0.4355E+00  0.3867E+01
  -9.620  0.4368E+00  0.3876E+01
  -9.600  0.4380E+00  0.3885E+01
  -9.580  0.4394E+00  0.3894E+01
  -9.560  0.4408E+00  0.3902E+01
  -9.540  0.4422E+00  0.3911E+01
  -9.520  0.4436E+00  0.3920E+01
  -9.500  0.4450E+00  0.3929E+01
  -9.480  0.4465E+00  0.3938E+01
  -9.460  0.4482E+00  0.3947E+01
  -9.440  0.4504E+00  0.3956E+01
  -9.420  0.4532E+00  0.3965E+01
  -9.400  0.4572E+00  0.3974E+01
  -9.380  0.4634E+00  0.3983E+01
  -9.360  0.4730E+00  0.3993E+01
  -9.340  0.4871E+00  0.4003E+01
  -9.320  0.5064E+00  0.4013E+01
  -9.300  0.5311E+00  0.4023E+01
  -9.280  0.5602E+00  0.4035E+01
  -9.260  0.5919E+00  0.4046E+01
  -9.240  0.6238E+00  0.4059E+01
  -9.220  0.6534E+00  0.4072E+01
  -9.200  0.6787E+00  0.4085E+01
  -9.180  0.6986E+00  0.4099E+01
  -9.160  0.7132E+00  0.4114E+01
  -9.140  0.7235E+00  0.4128E+01
  -9.120  0.7306E+00  0.4143E+01
  -9.100  0.7356E+00  0.4158E+01
  -9.080  0.7392E+00  0.4172E+01
  -9.060  0.7421E+00  0.4187E+01
  -9.040  0.7447E+00  0.4202E+01
  -9.020  0.7472E+00  0.4217E+01
  -9.000  0.7498E+00  0.4232E+01
  -8.980  0.7525E+00  0.4247E+01
  -8.960  0.7552E+00  0.4262E+01
  -8.940  0.7579E+00  0.4277E+01
  -8.920  0.7607E+00  0.4293E+01
  -8.900  0.7635E+00  0.4308E+01
  -8.880  0.7665E+00  0.4323E+01
  -8.860  0.7696E+00  0.4338E+01
  -8.840  0.7728E+00  0.4354E+01
  -8.820  0.7760E+00  0.4369E+01
  -8.800  0.7793E+00  0.4385E+01
  -8.780  0.7826E+00  0.4401E+01
  -8.760  0.7862E+00  0.4416E+01
  -8.740  0.7899E+00  0.4432E+01
  -8.720  0.7938E+00  0.4448E+01
  -8.700  0.7977E+00  0.4464E+01
  -8.680  0.8017E+00  0.4480E+01
  -8.660  0.8059E+00  0.4496E+01
  -8.640  0.8103E+00  0.4512E+01
  -8.620  0.8149E+00  0.4529E+01
  -8.600  0.8197E+00  0.4545E+01
  -8.580  0.8248E+00  0.4562E+01
  -8.560  0.8299E+00  0.4578E+01
  -8.540  0.8353E+00  0.4595E+01
  -8.520  0.8410E+00  0.4612E+01
  -8.500  0.8471E+00  0.4629E+01
  -8.480  0.8535E+00  0.4646E+01
  -8.460  0.8603E+00  0.4663E+01
  -8.440  0.8674E+00  0.4680E+01
  -8.420  0.8749E+00  0.4698E+01
  -8.400  0.8831E+00  0.4715E+01
  -8.380  0.8919E+00  0.4733E+01
  -8.360  0.9014E+00  0.4751E+01
  -8.340  0.9118E+00  0.4770E+01
  -8.320  0.9233E+00  0.4788E+01
  -8.300  0.9360E+00  0.4807E+01
  -8.280  0.9504E+00  0.4826E+01
  -8.260  0.9670E+00  0.4845E+01
  -8.240  0.9864E+00  0.4865E+01
  -8.220  0.1009E+01  0.4885E+01
  -8.200  0.1035E+01  0.4906E+01
  -8.180  0.1064E+01  0.4927E+01
  -8.160  0.1094E+01  0.4949E+01
  -8.140  0.1124E+01  0.4971E+01
  -8.120  0.1149E+01  0.4994E+01
  -8.100  0.1167E+01  0.5018E+01
  -8.080  0.1173E+01  0.5041E+01
  -8.060  0.1168E+01  0.5064E+01
  -8.040  0.1152E+01  0.5088E+01
  -8.020  0.1126E+01  0.5110E+01
  -8.000  0.1096E+01  0.5132E+01
  -7.980  0.1064E+01  0.5153E+01
  -7.960  0.1033E+01  0.5174E+01
  -7.940  0.1005E+01  0.5194E+01
  -7.920  0.9806E+00  0.5214E+01
  -7.900  0.9592E+00  0.5233E+01
  -7.880  0.9409E+00  0.5252E+01
  -7.860  0.9248E+00  0.5270E+01
  -7.840  0.9106E+00  0.5288E+01
  -7.820  0.8977E+00  0.5306E+01
  -7.800  0.8860E+00  0.5324E+01
  -7.780  0.8752E+00  0.5342E+01
  -7.760  0.8653E+00  0.5359E+01
  -7.740  0.8560E+00  0.5376E+01
  -7.720  0.8473E+00  0.5393E+01
  -7.700  0.8391E+00  0.5410E+01
  -7.680  0.8312E+00  0.5426E+01
  -7.660  0.8238E+00  0.5443E+01
  -7.640  0.8168E+00  0.5459E+01
  -7.620  0.8101E+00  0.5475E+01
  -7.600  0.8038E+00  0.5491E+01
  -7.580  0.7976E+00  0.5507E+01
  -7.560  0.7916E+00  0.5523E+01
  -7.540  0.7859E+00  0.5539E+01
  -7.520  0.7804E+00  0.5554E+01
  -7.500  0.7752E+00  0.5570E+01
  -7.480  0.7701E+00  0.5585E+01
  -7.460  0.7652E+00  0.5601E+01
  -7.440  0.7603E+00  0.5616E+01
  -7.420  0.7556E+00  0.5631E+01
  -7.400  0.7511E+00  0.5646E+01
  -7.380  0.7468E+00  0.5661E+01
  -7.360  0.7427E+00  0.5676E+01
  -7.340  0.7386E+00  0.5691E+01
  -7.320  0.7345E+00  0.5705E+01
  -7.300  0.7306E+00  0.5720E+01
  -7.280  0.7268E+00  0.5734E+01
  -7.260  0.7231E+00  0.5749E+01
  -7.240  0.7196E+00  0.5763E+01
  -7.220  0.7160E+00  0.5778E+01
  -7.200  0.7125E+00  0.5792E+01
  -7.180  0.7091E+00  0.5806E+01
  -7.160  0.7058E+00  0.5820E+01
  -7.140  0.7026E+00  0.5834E+01
  -7.120  0.6995E+00  0.5848E+01
  -7.100  0.6964E+00  0.5862E+01
  -7.080  0.6934E+00  0.5876E+01
  -7.060  0.6904E+00  0.5890E+01
  -7.040  0.6875E+00  0.5904E+01
  -7.020  0.6847E+00  0.5917E+01
  -7.000  0.6819E+00  0.5931E+01
  -6.980  0.6792E+00  0.5944E+01
  -6.960  0.6765E+00  0.5958E+01
  -6.940  0.6738E+00  0.5971E+01
  -6.920  0.6712E+00  0.5985E+01
  -6.900  0.6687E+00  0.5998E+01
  -6.880  0.6663E+00  0.6012E+01
  -6.860  0.6638E+00  0.6025E+01
  -6.840  0.6614E+00  0.6038E+01
  -6.820  0.6590E+00  0.6051E+01
  -6.800  0.6567E+00  0.6064E+01
  -6.780  0.6544E+00  0.6078E+01
  -6.760  0.6522E+00  0.6091E+01
  -6.740  0.6500E+00  0.6104E+01
  -6.720  0.6478E+00  0.6117E+01
  -6.700  0.6456E+00  0.6129E+01
  -6.680  0.6435E+00  0.6142E+01
  -6.660  0.6415E+00  0.6155E+01
  -6.640  0.6395E+00  0.6168E+01
  -6.620  0.6375E+00  0.6181E+01
  -6.600  0.6355E+00  0.6193E+01
  -6.580  0.6336E+00  0.6206E+01
  -6.560  0.6316E+00  0.6219E+01
  -6.540  0.6298E+00  0.6231E+01
  -6.520  0.6280E+00  0.6244E+01
  -6.500  0.6262E+00  0.6256E+01
  -6.480  0.6243E+00  0.6269E+01
  -6.460  0.6226E+00  0.6281E+01
  -6.440  0.6208E+00  0.6294E+01
  -6.420  0.6192E+00  0.6306E+01
  -6.400  0.6175E+00  0.6318E+01
  -6.380  0.6158E+00  0.6331E+01
  -6.360  0.6142E+00  0.6343E+01
  -6.340  0.6125E+00  0.6355E+01
  -6.320  0.6110E+00  0.6368E+01
  -6.300  0.6094E+00  0.6380E+01
  -6.280  0.6079E+00  0.6392E+01
  -6.260  0.6064E+00  0.6404E+01
  -6.240  0.6049E+00  0.6416E+01
  -6.220  0.6034E+00  0.6428E+01
  -6.200  0.6020E+00  0.6440E+01
  -6.180  0.6006E+00  0.6452E+01
  -6.160  0.5992E+00  0.6464E+01
  -6.140  0.5978E+00  0.6476E+01
  -6.120  0.5964E+00  0.6488E+01
  -6.100  0.5951E+00  0.6500E+01
  -6.080  0.5938E+00  0.6512E+01
  -6.060  0.5925E+00  0.6524E+01
  -6.040  0.5912E+00  0.6536E+01
  -6.020  0.5900E+00  0.6547E+01
  -6.000  0.5888E+00  0.6559E+01
  -5.980  0.5876E+00  0.6571E+01
  -5.960  0.5864E+00  0.6583E+01
  -5.940  0.5852E+00  0.6594E+01
  -5.920  0.5841E+00  0.6606E+01
  -5.900  0.5830E+00  0.6618E+01
  -5.880  0.5818E+00  0.6629E+01
  -5.860  0.5807E+00  0.6641E+01
  -5.840  0.5797E+00  0.6652E+01
  -5.820  0.5787E+00  0.6664E+01
  -5.800  0.5776E+00  0.6676E+01
  -5.780  0.5766E+00  0.6687E+01
  -5.760  0.5756E+00  0.6699E+01
  -5.740  0.5747E+00  0.6710E+01
  -5.720  0.5737E+00  0.6722E+01
  -5.700  0.5728E+00  0.6733E+01
  -5.680  0.5719E+00  0.6745E+01
  -5.660  0.5710E+00  0.6756E+01
  -5.640  0.5702E+00  0.6767E+01
  -5.620  0.5693E+00  0.6779E+01
  -5.600  0.5685E+00  0.6790E+01
  -5.580  0.5677E+00  0.6801E+01
  -5.560  0.5669E+00  0.6813E+01
  -5.540  0.5662E+00  0.6824E+01
  -5.520  0.5654E+00  0.6835E+01
  -5.500  0.5648E+00  0.6847E+01
  -5.480  0.5641E+00  0.6858E+01
  -5.460  0.5634E+00  0.6869E+01
  -5.440  0.5627E+00  0.6881E+01
  -5.420  0.5621E+00  0.6892E+01
  -5.400  0.5615E+00  0.6903E+01
  -5.380  0.5610E+00  0.6914E+01
  -5.360  0.5604E+00  0.6925E+01
  -5.340  0.5598E+00  0.6937E+01
  -5.320  0.5593E+00  0.6948E+01
  -5.300  0.5589E+00  0.6959E+01
  -5.280  0.5585E+00  0.6970E+01
  -5.260  0.5580E+00  0.6981E+01
  -5.240  0.5576E+00  0.6992E+01
  -5.220  0.5572E+00  0.7004E+01
  -5.200  0.5569E+00  0.7015E+01
  -5.180  0.5566E+00  0.7026E+01
  -5.160  0.5563E+00  0.7037E+01
  -5.140  0.5561E+00  0.7048E+01
  -5.120  0.5558E+00  0.7059E+01
  -5.100  0.5556E+00  0.7070E+01
  -5.080  0.5554E+00  0.7081E+01
  -5.060  0.5554E+00  0.7093E+01
  -5.040  0.5553E+00  0.7104E+01
  -5.020  0.5552E+00  0.7115E+01
  -5.000  0.5551E+00  0.7126E+01
  -4.980  0.5551E+00  0.7137E+01
  -4.960  0.5552E+00  0.7148E+01
  -4.940  0.5554E+00  0.7159E+01
  -4.920  0.5554E+00  0.7170E+01
  -4.900  0.5553E+00  0.7181E+01
  -4.880  0.5550E+00  0.7193E+01
  -4.860  0.5542E+00  0.7204E+01
  -4.840  0.5524E+00  0.7215E+01
  -4.820  0.5487E+00  0.7226E+01
  -4.800  0.5423E+00  0.7236E+01
  -4.780  0.5322E+00  0.7247E+01
  -4.760  0.5179E+00  0.7257E+01
  -4.740  0.4996E+00  0.7267E+01
  -4.720  0.4779E+00  0.7277E+01
  -4.700  0.4543E+00  0.7286E+01
  -4.680  0.4310E+00  0.7295E+01
  -4.660  0.4102E+00  0.7303E+01
  -4.640  0.3933E+00  0.7311E+01
  -4.620  0.3810E+00  0.7318E+01
  -4.600  0.3731E+00  0.7326E+01
  -4.580  0.3689E+00  0.7333E+01
  -4.560  0.3675E+00  0.7341E+01
  -4.540  0.3680E+00  0.7348E+01
  -4.520  0.3697E+00  0.7355E+01
  -4.500  0.3722E+00  0.7363E+01
  -4.480  0.3751E+00  0.7370E+01
  -4.460  0.3781E+00  0.7378E+01
  -4.440  0.3814E+00  0.7385E+01
  -4.420  0.3850E+00  0.7393E+01
  -4.400  0.3889E+00  0.7401E+01
  -4.380  0.3931E+00  0.7409E+01
  -4.360  0.3974E+00  0.7417E+01
  -4.340  0.4021E+00  0.7425E+01
  -4.320  0.4071E+00  0.7433E+01
  -4.300  0.4127E+00  0.7441E+01
  -4.280  0.4189E+00  0.7450E+01
  -4.260  0.4258E+00  0.7458E+01
  -4.240  0.4334E+00  0.7467E+01
  -4.220  0.4419E+00  0.7476E+01
  -4.200  0.4518E+00  0.7485E+01
  -4.180  0.4636E+00  0.7494E+01
  -4.160  0.4775E+00  0.7503E+01
  -4.140  0.4938E+00  0.7513E+01
  -4.120  0.5124E+00  0.7524E+01
  -4.100  0.5326E+00  0.7534E+01
  -4.080  0.5535E+00  0.7545E+01
  -4.060  0.5727E+00  0.7557E+01
  -4.040  0.5877E+00  0.7569E+01
  -4.020  0.5956E+00  0.7580E+01
  -4.000  0.5948E+00  0.7592E+01
  -3.980  0.5851E+00  0.7604E+01
  -3.960  0.5678E+00  0.7615E+01
  -3.940  0.5452E+00  0.7626E+01
  -3.920  0.5198E+00  0.7637E+01
  -3.900  0.4941E+00  0.7647E+01
  -3.880  0.4698E+00  0.7656E+01
  -3.860  0.4480E+00  0.7665E+01
  -3.840  0.4289E+00  0.7673E+01
  -3.820  0.4124E+00  0.7682E+01
  -3.800  0.3979E+00  0.7690E+01
  -3.780  0.3849E+00  0.7697E+01
  -3.760  0.3730E+00  0.7705E+01
  -3.740  0.3623E+00  0.7712E+01
  -3.720  0.3526E+00  0.7719E+01
  -3.700  0.3436E+00  0.7726E+01
  -3.680  0.3350E+00  0.7733E+01
  -3.660  0.3267E+00  0.7739E+01
  -3.640  0.3189E+00  0.7746E+01
  -3.620  0.3116E+00  0.7752E+01
  -3.600  0.3048E+00  0.7758E+01
  -3.580  0.2982E+00  0.7764E+01
  -3.560  0.2918E+00  0.7770E+01
  -3.540  0.2855E+00  0.7775E+01
  -3.520  0.2795E+00  0.7781E+01
  -3.500  0.2738E+00  0.7787E+01
  -3.480  0.2684E+00  0.7792E+01
  -3.460  0.2631E+00  0.7797E+01
  -3.440  0.2578E+00  0.7802E+01
  -3.420  0.2526E+00  0.7807E+01
  -3.400  0.2477E+00  0.7812E+01
  -3.380  0.2430E+00  0.7817E+01
  -3.360  0.2385E+00  0.7822E+01
  -3.340  0.2339E+00  0.7827E+01
  -3.320  0.2294E+00  0.7831E+01
  -3.300  0.2250E+00  0.7836E+01
  -3.280  0.2208E+00  0.7840E+01
  -3.260  0.2167E+00  0.7844E+01
  -3.240  0.2127E+00  0.7849E+01
  -3.220  0.2087E+00  0.7853E+01
  -3.200  0.2047E+00  0.7857E+01
  -3.180  0.2009E+00  0.7861E+01
  -3.160  0.1972E+00  0.7865E+01
  -3.140  0.1936E+00  0.7869E+01
  -3.120  0.1900E+00  0.7873E+01
  -3.100  0.1864E+00  0.7876E+01
  -3.080  0.1828E+00  0.7880E+01
  -3.060  0.1793E+00  0.7884E+01
  -3.040  0.1760E+00  0.7887E+01
  -3.020  0.1727E+00  0.7891E+01
  -3.000  0.1694E+00  0.7894E+01
  -2.980  0.1661E+00  0.7897E+01
  -2.960  0.1629E+00  0.7901E+01
  -2.940  0.1597E+00  0.7904E+01
  -2.920  0.1567E+00  0.7907E+01
  -2.900  0.1536E+00  0.7910E+01
  -2.880  0.1506E+00  0.7913E+01
  -2.860  0.1475E+00  0.7916E+01
  -2.840  0.1445E+00  0.7919E+01
  -2.820  0.1416E+00  0.7922E+01
  -2.800  0.1388E+00  0.7924E+01
  -2.780  0.1359E+00  0.7927E+01
  -2.760  0.1330E+00  0.7930E+01
  -2.740  0.1302E+00  0.7932E+01
  -2.720  0.1274E+00  0.7935E+01
  -2.700  0.1247E+00  0.7937E+01
  -2.680  0.1220E+00  0.7940E+01
  -2.660  0.1193E+00  0.7942E+01
  -2.640  0.1166E+00  0.7945E+01
  -2.620  0.1139E+00  0.7947E+01
  -2.600  0.1113E+00  0.7949E+01
  -2.580  0.1087E+00  0.7951E+01
  -2.560  0.1062E+00  0.7953E+01
  -2.540  0.1036E+00  0.7955E+01
  -2.520  0.1010E+00  0.7957E+01
  -2.500  0.9849E-01  0.7959E+01
  -2.480  0.9600E-01  0.7961E+01
  -2.460  0.9352E-01  0.7963E+01
  -2.440  0.9104E-01  0.7965E+01
  -2.420  0.8856E-01  0.7967E+01
  -2.400  0.8611E-01  0.7969E+01
  -2.380  0.8369E-01  0.7970E+01
  -2.360  0.8129E-01  0.7972E+01
  -2.340  0.7889E-01  0.7973E+01
  -2.320  0.7649E-01  0.7975E+01
  -2.300  0.7410E-01  0.7976E+01
  -2.280  0.7174E-01  0.7978E+01
  -2.260  0.6940E-01  0.7979E+01
  -2.240  0.6706E-01  0.7981E+01
  -2.220  0.6473E-01  0.7982E+01
  -2.200  0.6240E-01  0.7983E+01
  -2.180  0.6008E-01  0.7984E+01
  -2.160  0.5779E-01  0.7986E+01
  -2.140  0.5550E-01  0.7987E+01
  -2.120  0.5320E-01  0.7988E+01
  -2.100  0.5092E-01  0.7989E+01
  -2.080  0.4864E-01  0.7990E+01
  -2.060  0.4638E-01  0.7991E+01
  -2.040  0.4412E-01  0.7992E+01
  -2.020  0.4186E-01  0.7992E+01
  -2.000  0.3960E-01  0.7993E+01
  -1.980  0.3735E-01  0.7994E+01
  -1.960  0.3511E-01  0.7995E+01
  -1.940  0.3287E-01  0.7995E+01
  -1.920  0.3063E-01  0.7996E+01
  -1.900  0.2839E-01  0.7996E+01
  -1.880  0.2616E-01  0.7997E+01
  -1.860  0.2393E-01  0.7997E+01
  -1.840  0.2170E-01  0.7998E+01
  -1.820  0.1948E-01  0.7998E+01
  -1.800  0.1728E-01  0.7999E+01
  -1.780  0.1512E-01  0.7999E+01
  -1.760  0.1304E-01  0.7999E+01
  -1.740  0.1108E-01  0.7999E+01
  -1.720  0.9329E-02  0.8000E+01
  -1.700  0.7865E-02  0.8000E+01
  -1.680  0.6787E-02  0.8000E+01
  -1.660  0.6178E-02  0.8000E+01
  -1.640  0.6089E-02  0.8000E+01
  -1.620  0.6527E-02  0.8000E+01
  -1.600  0.7461E-02  0.8000E+01
  -1.580  0.8822E-02  0.8001E+01
  -1.560  0.1052E-01  0.8001E+01
  -1.540  0.1246E-01  0.8001E+01
  -1.520  0.1456E-01  0.8001E+01
  -1.500  0.1677E-01  0.8002E+01
  -1.480  0.1904E-01  0.8002E+01
  -1.460  0.2134E-01  0.8002E+01
  -1.440  0.2367E-01  0.8003E+01
  -1.420  0.2602E-01  0.8003E+01
  -1.400  0.2838E-01  0.8004E+01
  -1.380  0.3076E-01  0.8005E+01
  -1.360  0.3315E-01  0.8005E+01
  -1.340  0.3556E-01  0.8006E+01
  -1.320  0.3798E-01  0.8007E+01
  -1.300  0.4042E-01  0.8008E+01
  -1.280  0.4288E-01  0.8008E+01
  -1.260  0.4536E-01  0.8009E+01
  -1.240  0.4786E-01  0.8010E+01
  -1.220  0.5038E-01  0.8011E+01
  -1.200  0.5292E-01  0.8012E+01
  -1.180  0.5550E-01  0.8013E+01
  -1.160  0.5809E-01  0.8015E+01
  -1.140  0.6071E-01  0.8016E+01
  -1.120  0.6336E-01  0.8017E+01
  -1.100  0.6604E-01  0.8018E+01
  -1.080  0.6876E-01  0.8020E+01
  -1.060  0.7151E-01  0.8021E+01
  -1.040  0.7429E-01  0.8023E+01
  -1.020  0.7710E-01  0.8024E+01
  -1.000  0.7995E-01  0.8026E+01
  -0.980  0.8286E-01  0.8028E+01
  -0.960  0.8581E-01  0.8029E+01
  -0.940  0.8880E-01  0.8031E+01
  -0.920  0.9183E-01  0.8033E+01
  -0.900  0.9491E-01  0.8035E+01
  -0.880  0.9806E-01  0.8037E+01
  -0.860  0.1013E+00  0.8039E+01
  -0.840  0.1045E+00  0.8041E+01
  -0.820  0.1079E+00  0.8043E+01
  -0.800  0.1112E+00  0.8045E+01
  -0.780  0.1147E+00  0.8048E+01
  -0.760  0.1183E+00  0.8050E+01
  -0.740  0.1219E+00  0.8052E+01
  -0.720  0.1256E+00  0.8055E+01
  -0.700  0.1294E+00  0.8057E+01
  -0.680  0.1334E+00  0.8060E+01
  -0.660  0.1374E+00  0.8063E+01
  -0.640  0.1416E+00  0.8066E+01
  -0.620  0.1458E+00  0.8069E+01
  -0.600  0.1502E+00  0.8072E+01
  -0.580  0.1547E+00  0.8075E+01
  -0.560  0.1595E+00  0.8078E+01
  -0.540  0.1644E+00  0.8081E+01
  -0.520  0.1695E+00  0.8085E+01
  -0.500  0.1747E+00  0.8088E+01
  -0.480  0.1801E+00  0.8092E+01
  -0.460  0.1858E+00  0.8095E+01
  -0.440  0.1919E+00  0.8099E+01
  -0.420  0.1982E+00  0.8103E+01
  -0.400  0.2048E+00  0.8107E+01
  -0.380  0.2118E+00  0.8111E+01
  -0.360  0.2191E+00  0.8116E+01
  -0.340  0.2271E+00  0.8120E+01
  -0.320  0.2356E+00  0.8125E+01
  -0.300  0.2446E+00  0.8130E+01
  -0.280  0.2543E+00  0.8135E+01
  -0.260  0.2648E+00  0.8140E+01
  -0.240  0.2765E+00  0.8146E+01
  -0.220  0.2895E+00  0.8152E+01
  -0.200  0.3042E+00  0.8158E+01
  -0.180  0.3208E+00  0.8164E+01
  -0.160  0.3401E+00  0.8171E+01
  -0.140  0.3630E+00  0.8178E+01
  -0.120  0.3906E+00  0.8186E+01
  -0.100  0.4236E+00  0.8195E+01
  -0.080  0.4623E+00  0.8204E+01
  -0.060  0.5057E+00  0.8214E+01
  -0.040  0.5519E+00  0.8225E+01
  -0.020  0.5971E+00  0.8237E+01
  -0.000  0.6365E+00  0.8250E+01
   0.020  0.6652E+00  0.8263E+01
   0.040  0.6795E+00  0.8277E+01
   0.060  0.6785E+00  0.8290E+01
   0.080  0.6637E+00  0.8303E+01
   0.100  0.6389E+00  0.8316E+01
   0.120  0.6088E+00  0.8328E+01
   0.140  0.5773E+00  0.8340E+01
   0.160  0.5475E+00  0.8351E+01
   0.180  0.5210E+00  0.8361E+01
   0.200  0.4982E+00  0.8371E+01
   0.220  0.4792E+00  0.8381E+01
   0.240  0.4632E+00  0.8390E+01
   0.260  0.4496E+00  0.8399E+01
   0.280  0.4377E+00  0.8408E+01
   0.300  0.4271E+00  0.8416E+01
   0.320  0.4176E+00  0.8425E+01
   0.340  0.4091E+00  0.8433E+01
   0.360  0.4015E+00  0.8441E+01
   0.380  0.3945E+00  0.8449E+01
   0.400  0.3880E+00  0.8457E+01
   0.420  0.3817E+00  0.8464E+01
   0.440  0.3759E+00  0.8472E+01
   0.460  0.3705E+00  0.8479E+01
   0.480  0.3656E+00  0.8486E+01
   0.500  0.3610E+00  0.8494E+01
   0.520  0.3565E+00  0.8501E+01
   0.540  0.3522E+00  0.8508E+01
   0.560  0.3480E+00  0.8515E+01
   0.580  0.3440E+00  0.8522E+01
   0.600  0.3405E+00  0.8528E+01
   0.620  0.3371E+00  0.8535E+01
   0.640  0.3338E+00  0.8542E+01
   0.660  0.3305E+00  0.8548E+01
   0.680  0.3272E+00  0.8555E+01
   0.700  0.3241E+00  0.8562E+01
   0.720  0.3213E+00  0.8568E+01
   0.740  0.3187E+00  0.8574E+01
   0.760  0.3161E+00  0.8581E+01
   0.780  0.3135E+00  0.8587E+01
   0.800  0.3108E+00  0.8593E+01
   0.820  0.3082E+00  0.8599E+01
   0.840  0.3059E+00  0.8605E+01
   0.860  0.3038E+00  0.8611E+01
   0.880  0.3017E+00  0.8618E+01
   0.900  0.2996E+00  0.8624E+01
   0.920  0.2973E+00  0.8629E+01
   0.940  0.2951E+00  0.8635E+01
   0.960  0.2931E+00  0.8641E+01
   0.980  0.2913E+00  0.8647E+01
   1.000  0.2896E+00  0.8653E+01
   1.020  0.2878E+00  0.8659E+01
   1.040  0.2859E+00  0.8664E+01
   1.060  0.2840E+00  0.8670E+01
   1.080  0.2821E+00  0.8676E+01
   1.100  0.2806E+00  0.8681E+01
   1.120  0.2793E+00  0.8687E+01
   1.140  0.2782E+00  0.8692E+01
   1.160  0.2775E+00  0.8698E+01
   1.180  0.2775E+00  0.8704E+01
   1.200  0.2792E+00  0.8709E+01
   1.220  0.2835E+00  0.8715E+01
   1.240  0.2916E+00  0.8721E+01
   1.260  0.3041E+00  0.8727E+01
   1.280  0.3213E+00  0.8733E+01
   1.300  0.3425E+00  0.8740E+01
   1.320  0.3666E+00  0.8747E+01
   1.340  0.3915E+00  0.8755E+01
   1.360  0.4152E+00  0.8763E+01
   1.380  0.4358E+00  0.8772E+01
   1.400  0.4520E+00  0.8781E+01
   1.420  0.4633E+00  0.8790E+01
   1.440  0.4703E+00  0.8800E+01
   1.460  0.4739E+00  0.8809E+01
   1.480  0.4755E+00  0.8819E+01
   1.500  0.4759E+00  0.8828E+01
   1.520  0.4757E+00  0.8838E+01
   1.540  0.4750E+00  0.8847E+01
   1.560  0.4740E+00  0.8857E+01
   1.580  0.4727E+00  0.8866E+01
   1.600  0.4714E+00  0.8876E+01
   1.620  0.4703E+00  0.8885E+01
   1.640  0.4694E+00  0.8895E+01
   1.660  0.4686E+00  0.8904E+01
   1.680  0.4678E+00  0.8913E+01
   1.700  0.4666E+00  0.8923E+01
   1.720  0.4654E+00  0.8932E+01
   1.740  0.4642E+00  0.8941E+01
   1.760  0.4632E+00  0.8950E+01
   1.780  0.4625E+00  0.8960E+01
   1.800  0.4618E+00  0.8969E+01
   1.820  0.4610E+00  0.8978E+01
   1.840  0.4599E+00  0.8987E+01
   1.860  0.4587E+00  0.8997E+01
   1.880  0.4576E+00  0.9006E+01
   1.900  0.4567E+00  0.9015E+01
   1.920  0.4561E+00  0.9024E+01
   1.940  0.4555E+00  0.9033E+01
   1.960  0.4547E+00  0.9042E+01
   1.980  0.4536E+00  0.9051E+01
   2.000  0.4525E+00  0.9060E+01
   2.020  0.4515E+00  0.9069E+01
   2.040  0.4508E+00  0.9078E+01
   2.060  0.4503E+00  0.9087E+01
   2.080  0.4498E+00  0.9096E+01
   2.100  0.4492E+00  0.9105E+01
   2.120  0.4485E+00  0.9114E+01
   2.140  0.4483E+00  0.9123E+01
   2.160  0.4491E+00  0.9132E+01
   2.180  0.4519E+00  0.9141E+01
   2.200  0.4575E+00  0.9150E+01
   2.220  0.4666E+00  0.9160E+01
   2.240  0.4798E+00  0.9169E+01
   2.260  0.4974E+00  0.9179E+01
   2.280  0.5193E+00  0.9190E+01
   2.300  0.5441E+00  0.9201E+01
   2.320  0.5700E+00  0.9212E+01
   2.340  0.5946E+00  0.9224E+01
   2.360  0.6157E+00  0.9236E+01
   2.380  0.6321E+00  0.9249E+01
   2.400  0.6435E+00  0.9262E+01
   2.420  0.6507E+00  0.9275E+01
   2.440  0.6548E+00  0.9288E+01
   2.460  0.6571E+00  0.9301E+01
   2.480  0.6582E+00  0.9314E+01
   2.500  0.6585E+00  0.9327E+01
   2.520  0.6582E+00  0.9340E+01
   2.540  0.6574E+00  0.9354E+01
   2.560  0.6565E+00  0.9367E+01
   2.580  0.6560E+00  0.9380E+01
   2.600  0.6561E+00  0.9393E+01
   2.620  0.6573E+00  0.9406E+01
   2.640  0.6598E+00  0.9419E+01
   2.660  0.6642E+00  0.9433E+01
   2.680  0.6716E+00  0.9446E+01
   2.700  0.6830E+00  0.9460E+01
   2.720  0.6992E+00  0.9474E+01
   2.740  0.7203E+00  0.9488E+01
   2.760  0.7450E+00  0.9503E+01
   2.780  0.7712E+00  0.9518E+01
   2.800  0.7963E+00  0.9534E+01
   2.820  0.8183E+00  0.9551E+01
   2.840  0.8360E+00  0.9567E+01
   2.860  0.8490E+00  0.9584E+01
   2.880  0.8580E+00  0.9601E+01
   2.900  0.8638E+00  0.9619E+01
   2.920  0.8670E+00  0.9636E+01
   2.940  0.8684E+00  0.9653E+01
   2.960  0.8686E+00  0.9671E+01
   2.980  0.8680E+00  0.9688E+01
   3.000  0.8673E+00  0.9706E+01
   3.020  0.8668E+00  0.9723E+01
   3.040  0.8666E+00  0.9740E+01
   3.060  0.8666E+00  0.9758E+01
   3.080  0.8663E+00  0.9775E+01
   3.100  0.8657E+00  0.9792E+01
   3.120  0.8648E+00  0.9809E+01
   3.140  0.8639E+00  0.9827E+01
   3.160  0.8633E+00  0.9844E+01
   3.180  0.8631E+00  0.9861E+01
   3.200  0.8630E+00  0.9879E+01
   3.220  0.8629E+00  0.9896E+01
   3.240  0.8624E+00  0.9913E+01
   3.260  0.8615E+00  0.9930E+01
   3.280  0.8607E+00  0.9948E+01
   3.300  0.8600E+00  0.9965E+01
   3.320  0.8597E+00  0.9982E+01
   3.340  0.8597E+00  0.9999E+01
   3.360  0.8597E+00  0.1002E+02
   3.380  0.8593E+00  0.1003E+02
   3.400  0.8586E+00  0.1005E+02
   3.420  0.8577E+00  0.1007E+02
   3.440  0.8570E+00  0.1008E+02
   3.460  0.8567E+00  0.1010E+02
   3.480  0.8567E+00  0.1012E+02
   3.500  0.8568E+00  0.1014E+02
   3.520  0.8566E+00  0.1015E+02
   3.540  0.8560E+00  0.1017E+02
   3.560  0.8552E+00  0.1019E+02
   3.580  0.8545E+00  0.1020E+02
   3.600  0.8541E+00  0.1022E+02
   3.620  0.8541E+00  0.1024E+02
   3.640  0.8542E+00  0.1026E+02
   3.660  0.8543E+00  0.1027E+02
   3.680  0.8539E+00  0.1029E+02
   3.700  0.8533E+00  0.1031E+02
   3.720  0.8526E+00  0.1032E+02
   3.740  0.8522E+00  0.1034E+02
   3.760  0.8522E+00  0.1036E+02
   3.780  0.8526E+00  0.1038E+02
   3.800  0.8529E+00  0.1039E+02
   3.820  0.8529E+00  0.1041E+02
   3.840  0.8526E+00  0.1043E+02
   3.860  0.8523E+00  0.1044E+02
   3.880  0.8522E+00  0.1046E+02
   3.900  0.8527E+00  0.1048E+02
   3.920  0.8538E+00  0.1049E+02
   3.940  0.8553E+00  0.1051E+02
   3.960  0.8569E+00  0.1053E+02
   3.980  0.8587E+00  0.1055E+02
   4.000  0.8608E+00  0.1056E+02
   4.020  0.8633E+00  0.1058E+02
   4.040  0.8661E+00  0.1060E+02
   4.060  0.8682E+00  0.1062E+02
   4.080  0.8682E+00  0.1063E+02
   4.100  0.8642E+00  0.1065E+02
   4.120  0.8547E+00  0.1067E+02
   4.140  0.8394E+00  0.1068E+02
   4.160  0.8197E+00  0.1070E+02
   4.180  0.7984E+00  0.1072E+02
   4.200  0.7793E+00  0.1073E+02
   4.220  0.7662E+00  0.1075E+02
   4.240  0.7618E+00  0.1076E+02
   4.260  0.7668E+00  0.1078E+02
   4.280  0.7801E+00  0.1079E+02
   4.300  0.7990E+00  0.1081E+02
   4.320  0.8198E+00  0.1083E+02
   4.340  0.8389E+00  0.1084E+02
   4.360  0.8538E+00  0.1086E+02
   4.380  0.8631E+00  0.1088E+02
   4.400  0.8670E+00  0.1089E+02
   4.420  0.8667E+00  0.1091E+02
   4.440  0.8639E+00  0.1093E+02
   4.460  0.8604E+00  0.1095E+02
   4.480  0.8573E+00  0.1096E+02
   4.500  0.8551E+00  0.1098E+02
   4.520  0.8539E+00  0.1100E+02
   4.540  0.8534E+00  0.1101E+02
   4.560  0.8534E+00  0.1103E+02
   4.580  0.8537E+00  0.1105E+02
   4.600  0.8543E+00  0.1107E+02
   4.620  0.8553E+00  0.1108E+02
   4.640  0.8566E+00  0.1110E+02
   4.660  0.8577E+00  0.1112E+02
   4.680  0.8579E+00  0.1113E+02
   4.700  0.8560E+00  0.1115E+02
   4.720  0.8519E+00  0.1117E+02
   4.740  0.8464E+00  0.1119E+02
   4.760  0.8419E+00  0.1120E+02
   4.780  0.8413E+00  0.1122E+02
   4.800  0.8473E+00  0.1124E+02
   4.820  0.8616E+00  0.1125E+02
   4.840  0.8840E+00  0.1127E+02
   4.860  0.9126E+00  0.1129E+02
   4.880  0.9441E+00  0.1131E+02
   4.900  0.9743E+00  0.1133E+02
   4.920  0.9987E+00  0.1135E+02
   4.940  0.1013E+01  0.1137E+02
   4.960  0.1016E+01  0.1139E+02
   4.980  0.1005E+01  0.1141E+02
   5.000  0.9826E+00  0.1143E+02
   5.020  0.9521E+00  0.1145E+02
   5.040  0.9177E+00  0.1147E+02
   5.060  0.8839E+00  0.1148E+02
   5.080  0.8551E+00  0.1150E+02
   5.100  0.8348E+00  0.1152E+02
   5.120  0.8264E+00  0.1153E+02
   5.140  0.8322E+00  0.1155E+02
   5.160  0.8534E+00  0.1157E+02
   5.180  0.8890E+00  0.1158E+02
   5.200  0.9355E+00  0.1160E+02
   5.220  0.9874E+00  0.1162E+02
   5.240  0.1038E+01  0.1164E+02
   5.260  0.1081E+01  0.1167E+02
   5.280  0.1111E+01  0.1169E+02
   5.300  0.1128E+01  0.1171E+02
   5.320  0.1133E+01  0.1173E+02
   5.340  0.1129E+01  0.1176E+02
   5.360  0.1119E+01  0.1178E+02
   5.380  0.1108E+01  0.1180E+02
   5.400  0.1098E+01  0.1182E+02
   5.420  0.1090E+01  0.1184E+02
   5.440  0.1084E+01  0.1187E+02
   5.460  0.1079E+01  0.1189E+02
   5.480  0.1074E+01  0.1191E+02
   5.500  0.1071E+01  0.1193E+02
   5.520  0.1068E+01  0.1195E+02
   5.540  0.1068E+01  0.1197E+02
   5.560  0.1069E+01  0.1199E+02
   5.580  0.1074E+01  0.1202E+02
   5.600  0.1082E+01  0.1204E+02
   5.620  0.1096E+01  0.1206E+02
   5.640  0.1119E+01  0.1208E+02
   5.660  0.1154E+01  0.1210E+02
   5.680  0.1201E+01  0.1213E+02
   5.700  0.1259E+01  0.1215E+02
   5.720  0.1324E+01  0.1218E+02
   5.740  0.1391E+01  0.1221E+02
   5.760  0.1453E+01  0.1224E+02
   5.780  0.1505E+01  0.1227E+02
   5.800  0.1544E+01  0.1230E+02
   5.820  0.1569E+01  0.1233E+02
   5.840  0.1581E+01  0.1236E+02
   5.860  0.1583E+01  0.1239E+02
   5.880  0.1577E+01  0.1242E+02
   5.900  0.1569E+01  0.1246E+02
   5.920  0.1559E+01  0.1249E+02
   5.940  0.1550E+01  0.1252E+02
   5.960  0.1543E+01  0.1255E+02
   5.980  0.1535E+01  0.1258E+02
   6.000  0.1526E+01  0.1261E+02
   6.020  0.1516E+01  0.1264E+02
   6.040  0.1503E+01  0.1267E+02
   6.060  0.1490E+01  0.1270E+02
   6.080  0.1478E+01  0.1273E+02
   6.100  0.1468E+01  0.1276E+02
   6.120  0.1459E+01  0.1279E+02
   6.140  0.1450E+01  0.1282E+02
   6.160  0.1439E+01  0.1285E+02
   6.180  0.1427E+01  0.1287E+02
   6.200  0.1414E+01  0.1290E+02
   6.220  0.1401E+01  0.1293E+02
   6.240  0.1389E+01  0.1296E+02
   6.260  0.1378E+01  0.1299E+02
   6.280  0.1366E+01  0.1301E+02
   6.300  0.1350E+01  0.1304E+02
   6.320  0.1327E+01  0.1307E+02
   6.340  0.1295E+01  0.1309E+02
   6.360  0.1253E+01  0.1312E+02
   6.380  0.1203E+01  0.1314E+02
   6.400  0.1148E+01  0.1317E+02
   6.420  0.1092E+01  0.1319E+02
   6.440  0.1039E+01  0.1321E+02
   6.460  0.9911E+00  0.1323E+02
   6.480  0.9496E+00  0.1325E+02
   6.500  0.9157E+00  0.1326E+02
   6.520  0.8894E+00  0.1328E+02
   6.540  0.8701E+00  0.1330E+02
   6.560  0.8564E+00  0.1332E+02
   6.580  0.8466E+00  0.1333E+02
   6.600  0.8387E+00  0.1335E+02
   6.620  0.8315E+00  0.1337E+02
   6.640  0.8246E+00  0.1338E+02
   6.660  0.8185E+00  0.1340E+02
   6.680  0.8137E+00  0.1342E+02
   6.700  0.8102E+00  0.1343E+02
   6.720  0.8073E+00  0.1345E+02
   6.740  0.8040E+00  0.1347E+02
   6.760  0.7995E+00  0.1348E+02
   6.780  0.7941E+00  0.1350E+02
   6.800  0.7889E+00  0.1351E+02
   6.820  0.7850E+00  0.1353E+02
   6.840  0.7827E+00  0.1354E+02
   6.860  0.7810E+00  0.1356E+02
   6.880  0.7787E+00  0.1358E+02
   6.900  0.7747E+00  0.1359E+02
   6.920  0.7697E+00  0.1361E+02
   6.940  0.7649E+00  0.1362E+02
   6.960  0.7617E+00  0.1364E+02
   6.980  0.7603E+00  0.1365E+02
   7.000  0.7593E+00  0.1367E+02
   7.020  0.7574E+00  0.1368E+02
   7.040  0.7538E+00  0.1370E+02
   7.060  0.7492E+00  0.1371E+02
   7.080  0.7450E+00  0.1373E+02
   7.100  0.7424E+00  0.1374E+02
   7.120  0.7414E+00  0.1376E+02
   7.140  0.7407E+00  0.1377E+02
   7.160  0.7390E+00  0.1379E+02
   7.180  0.7358E+00  0.1380E+02
   7.200  0.7318E+00  0.1382E+02
   7.220  0.7283E+00  0.1383E+02
   7.240  0.7260E+00  0.1384E+02
   7.260  0.7249E+00  0.1386E+02
   7.280  0.7242E+00  0.1387E+02
   7.300  0.7228E+00  0.1389E+02
   7.320  0.7203E+00  0.1390E+02
   7.340  0.7171E+00  0.1392E+02
   7.360  0.7141E+00  0.1393E+02
   7.380  0.7118E+00  0.1395E+02
   7.400  0.7103E+00  0.1396E+02
   7.420  0.7094E+00  0.1397E+02
   7.440  0.7083E+00  0.1399E+02
   7.460  0.7068E+00  0.1400E+02
   7.480  0.7048E+00  0.1402E+02
   7.500  0.7023E+00  0.1403E+02
   7.520  0.6998E+00  0.1404E+02
   7.540  0.6978E+00  0.1406E+02
   7.560  0.6964E+00  0.1407E+02
   7.580  0.6956E+00  0.1409E+02
   7.600  0.6951E+00  0.1410E+02
   7.620  0.6943E+00  0.1411E+02
   7.640  0.6928E+00  0.1413E+02
   7.660  0.6904E+00  0.1414E+02
   7.680  0.6877E+00  0.1416E+02
   7.700  0.6854E+00  0.1417E+02
   7.720  0.6842E+00  0.1418E+02
   7.740  0.6839E+00  0.1420E+02
   7.760  0.6842E+00  0.1421E+02
   7.780  0.6839E+00  0.1422E+02
   7.800  0.6824E+00  0.1424E+02
   7.820  0.6798E+00  0.1425E+02
   7.840  0.6767E+00  0.1426E+02
   7.860  0.6743E+00  0.1428E+02
   7.880  0.6731E+00  0.1429E+02
   7.900  0.6732E+00  0.1431E+02
   7.920  0.6739E+00  0.1432E+02
   7.940  0.6741E+00  0.1433E+02
   7.960  0.6731E+00  0.1435E+02
   7.980  0.6708E+00  0.1436E+02
   8.000  0.6678E+00  0.1437E+02
   8.020  0.6650E+00  0.1439E+02
   8.040  0.6634E+00  0.1440E+02
   8.060  0.6632E+00  0.1441E+02
   8.080  0.6642E+00  0.1443E+02
   8.100  0.6653E+00  0.1444E+02
   8.120  0.6656E+00  0.1445E+02
   8.140  0.6644E+00  0.1447E+02
   8.160  0.6616E+00  0.1448E+02
   8.180  0.6581E+00  0.1449E+02
   8.200  0.6553E+00  0.1450E+02
   8.220  0.6544E+00  0.1452E+02
   8.240  0.6557E+00  0.1453E+02
   8.260  0.6584E+00  0.1454E+02
   8.280  0.6609E+00  0.1456E+02
   8.300  0.6615E+00  0.1457E+02
   8.320  0.6593E+00  0.1458E+02
   8.340  0.6551E+00  0.1460E+02
   8.360  0.6510E+00  0.1461E+02
   8.380  0.6491E+00  0.1462E+02
   8.400  0.6504E+00  0.1464E+02
   8.420  0.6541E+00  0.1465E+02
   8.440  0.6582E+00  0.1466E+02
   8.460  0.6600E+00  0.1468E+02
   8.480  0.6584E+00  0.1469E+02
   8.500  0.6542E+00  0.1470E+02
   8.520  0.6497E+00  0.1471E+02
   8.540  0.6474E+00  0.1473E+02
   8.560  0.6484E+00  0.1474E+02
   8.580  0.6523E+00  0.1475E+02
   8.600  0.6567E+00  0.1477E+02
   8.620  0.6596E+00  0.1478E+02
   8.640  0.6597E+00  0.1479E+02
   8.660  0.6575E+00  0.1481E+02
   8.680  0.6548E+00  0.1482E+02
   8.700  0.6532E+00  0.1483E+02
   8.720  0.6538E+00  0.1485E+02
   8.740  0.6569E+00  0.1486E+02
   8.760  0.6616E+00  0.1487E+02
   8.780  0.6672E+00  0.1489E+02
   8.800  0.6730E+00  0.1490E+02
   8.820  0.6792E+00  0.1491E+02
   8.840  0.6871E+00  0.1493E+02
   8.860  0.6989E+00  0.1494E+02
   8.880  0.7177E+00  0.1495E+02
   8.900  0.7462E+00  0.1497E+02
   8.920  0.7860E+00  0.1498E+02
   8.940  0.8357E+00  0.1500E+02
   8.960  0.8913E+00  0.1502E+02
   8.980  0.9464E+00  0.1504E+02
   9.000  0.9943E+00  0.1506E+02
   9.020  0.1029E+01  0.1508E+02
   9.040  0.1049E+01  0.1510E+02
   9.060  0.1052E+01  0.1512E+02
   9.080  0.1043E+01  0.1514E+02
   9.100  0.1023E+01  0.1516E+02
   9.120  0.9971E+00  0.1518E+02
   9.140  0.9680E+00  0.1520E+02
   9.160  0.9381E+00  0.1522E+02
   9.180  0.9090E+00  0.1524E+02
   9.200  0.8820E+00  0.1526E+02
   9.220  0.8582E+00  0.1527E+02
   9.240  0.8380E+00  0.1529E+02
   9.260  0.8213E+00  0.1531E+02
   9.280  0.8072E+00  0.1532E+02
   9.300  0.7946E+00  0.1534E+02
   9.320  0.7822E+00  0.1535E+02
   9.340  0.7694E+00  0.1537E+02
   9.360  0.7562E+00  0.1538E+02
   9.380  0.7434E+00  0.1540E+02
   9.400  0.7317E+00  0.1541E+02
   9.420  0.7216E+00  0.1543E+02
   9.440  0.7133E+00  0.1544E+02
   9.460  0.7061E+00  0.1546E+02
   9.480  0.6991E+00  0.1547E+02
   9.500  0.6916E+00  0.1548E+02
   9.520  0.6833E+00  0.1550E+02
   9.540  0.6745E+00  0.1551E+02
   9.560  0.6657E+00  0.1553E+02
   9.580  0.6575E+00  0.1554E+02
   9.600  0.6503E+00  0.1555E+02
   9.620  0.6438E+00  0.1556E+02
   9.640  0.6377E+00  0.1558E+02
   9.660  0.6316E+00  0.1559E+02
   9.680  0.6256E+00  0.1560E+02
   9.700  0.6195E+00  0.1561E+02
   9.720  0.6135E+00  0.1563E+02
   9.740  0.6070E+00  0.1564E+02
   9.760  0.5992E+00  0.1565E+02
   9.780  0.5895E+00  0.1566E+02
   9.800  0.5780E+00  0.1567E+02
   9.820  0.5657E+00  0.1569E+02
   9.840  0.5543E+00  0.1570E+02
   9.860  0.5451E+00  0.1571E+02
   9.880  0.5381E+00  0.1572E+02
   9.900  0.5316E+00  0.1573E+02
   9.920  0.5223E+00  0.1574E+02
   9.940  0.5066E+00  0.1575E+02
   9.960  0.4823E+00  0.1576E+02
   9.980  0.4492E+00  0.1577E+02
  10.000  0.4099E+00  0.1578E+02
  10.020  0.3688E+00  0.1578E+02
  10.040  0.3305E+00  0.1579E+02
  10.060  0.2981E+00  0.1580E+02
  10.080  0.2725E+00  0.1580E+02
  10.100  0.2524E+00  0.1581E+02
  10.120  0.2358E+00  0.1581E+02
  10.140  0.2211E+00  0.1582E+02
  10.160  0.2084E+00  0.1582E+02
  10.180  0.1986E+00  0.1582E+02
  10.200  0.1932E+00  0.1583E+02
  10.220  0.1921E+00  0.1583E+02
  10.240  0.1938E+00  0.1584E+02
  10.260  0.1953E+00  0.1584E+02
  10.280  0.1941E+00  0.1584E+02
  10.300  0.1892E+00  0.1585E+02
  10.320  0.1816E+00  0.1585E+02
  10.340  0.1744E+00  0.1585E+02
  10.360  0.1701E+00  0.1586E+02
  10.380  0.1698E+00  0.1586E+02
  10.400  0.1724E+00  0.1586E+02
  10.420  0.1750E+00  0.1587E+02
  10.440  0.1750E+00  0.1587E+02
  10.460  0.1712E+00  0.1588E+02
  10.480  0.1647E+00  0.1588E+02
  10.500  0.1582E+00  0.1588E+02
  10.520  0.1541E+00  0.1588E+02
  10.540  0.1535E+00  0.1589E+02
  10.560  0.1553E+00  0.1589E+02
  10.580  0.1573E+00  0.1589E+02
  10.600  0.1574E+00  0.1590E+02
  10.620  0.1549E+00  0.1590E+02
  10.640  0.1505E+00  0.1590E+02
  10.660  0.1459E+00  0.1591E+02
  10.680  0.1427E+00  0.1591E+02
  10.700  0.1413E+00  0.1591E+02
  10.720  0.1412E+00  0.1591E+02
  10.740  0.1416E+00  0.1592E+02
  10.760  0.1416E+00  0.1592E+02
  10.780  0.1409E+00  0.1592E+02
  10.800  0.1393E+00  0.1593E+02
  10.820  0.1371E+00  0.1593E+02
  10.840  0.1346E+00  0.1593E+02
  10.860  0.1322E+00  0.1593E+02
  10.880  0.1304E+00  0.1594E+02
  10.900  0.1297E+00  0.1594E+02
  10.920  0.1300E+00  0.1594E+02
  10.940  0.1309E+00  0.1594E+02
  10.960  0.1313E+00  0.1595E+02
  10.980  0.1308E+00  0.1595E+02
  11.000  0.1292E+00  0.1595E+02
  11.020  0.1271E+00  0.1595E+02
  11.040  0.1254E+00  0.1596E+02
  11.060  0.1252E+00  0.1596E+02
  11.080  0.1266E+00  0.1596E+02
  11.100  0.1294E+00  0.1596E+02
  11.120  0.1332E+00  0.1597E+02
  11.140  0.1373E+00  0.1597E+02
  11.160  0.1411E+00  0.1597E+02
  11.180  0.1444E+00  0.1598E+02
  11.200  0.1467E+00  0.1598E+02
  11.220  0.1475E+00  0.1598E+02
  11.240  0.1459E+00  0.1598E+02
  11.260  0.1409E+00  0.1599E+02
  11.280  0.1320E+00  0.1599E+02
  11.300  0.1189E+00  0.1599E+02
  11.320  0.1023E+00  0.1599E+02
  11.340  0.8343E-01  0.1600E+02
  11.360  0.6418E-01  0.1600E+02
  11.380  0.4634E-01  0.1600E+02
  11.400  0.3129E-01  0.1600E+02
  11.420  0.1969E-01  0.1600E+02
  11.440  0.1152E-01  0.1600E+02
  11.460  0.6249E-02  0.1600E+02
  11.480  0.3139E-02  0.1600E+02
  11.500  0.1458E-02  0.1600E+02
  11.520  0.6253E-03  0.1600E+02
  11.540  0.2474E-03  0.1600E+02
  11.560  0.9019E-04  0.1600E+02
  11.580  0.3029E-04  0.1600E+02
  11.600  0.9365E-05  0.1600E+02
  11.620  0.2664E-05  0.1600E+02
  11.640  0.6968E-06  0.1600E+02
  11.660  0.1676E-06  0.1600E+02
  11.680  0.3703E-07  0.1600E+02
  11.700  0.7519E-08  0.1600E+02
  11.720  0.1402E-08  0.1600E+02
  11.740  0.2401E-09  0.1600E+02
  11.760  0.3774E-10  0.1600E+02
  11.780  0.5446E-11  0.1600E+02
  11.800  0.7211E-12  0.1600E+02
  11.820  0.8760E-13  0.1600E+02
  11.840  0.9764E-14  0.1600E+02
  11.860  0.9981E-15  0.1600E+02
  11.880  0.9358E-16  0.1600E+02
  11.900  0.8046E-17  0.1600E+02
  11.920  0.6343E-18  0.1600E+02
  11.940  0.4585E-19  0.1600E+02
  11.960  0.3038E-20  0.1600E+02
  11.980  0.1845E-21  0.1600E+02
  12.000  0.1027E-22  0.1600E+02
  12.020  0.5239E-24  0.1600E+02
  12.040  0.2449E-25  0.1600E+02
  12.060  0.1049E-26  0.1600E+02
  12.080  0.4120E-28  0.1600E+02
  12.100  0.1482E-29  0.1600E+02
  12.120  0.4883E-31  0.1600E+02
  12.140  0.1474E-32  0.1600E+02
  12.160  0.4078E-34  0.1600E+02
  12.180  0.1033E-35  0.1600E+02
  12.200  0.2398E-37  0.1600E+02
  12.220  0.5098E-39  0.1600E+02
  12.240  0.9928E-41  0.1600E+02
  12.260  0.1771E-42  0.1600E+02
  12.280  0.2893E-44  0.1600E+02
  12.300  0.4329E-46  0.1600E+02
  12.320  0.5933E-48  0.1600E+02
  12.340  0.7447E-50  0.1600E+02
  12.360  0.8560E-52  0.1600E+02
  12.380  0.9012E-54  0.1600E+02
  12.400  0.8688E-56  0.1600E+02
  12.420  0.7671E-58  0.1600E+02
  12.440  0.6202E-60  0.1600E+02
  12.460  0.4592E-62  0.1600E+02
  12.480  0.3114E-64  0.1600E+02
  12.500  0.1933E-66  0.1600E+02
  12.520  0.1099E-68  0.1600E+02
  12.540  0.5724E-71  0.1600E+02
  12.560  0.2729E-73  0.1600E+02
  12.580  0.1192E-75  0.1600E+02
  12.600  0.4764E-78  0.1600E+02
  12.620  0.1744E-80  0.1600E+02
  12.640  0.5977E-83  0.1600E+02
  12.660  0.1491E-84  0.1600E+02
  12.680  0.1312E-84  0.1600E+02
  12.700  0.1312E-84  0.1600E+02
  12.720  0.1312E-84  0.1600E+02
  12.740  0.1312E-84  0.1600E+02
  12.760  0.1312E-84  0.1600E+02
  12.780  0.1312E-84  0.1600E+02
  12.800  0.1312E-84  0.1600E+02
  12.820  0.1312E-84  0.1600E+02
  12.840  0.1312E-84  0.1600E+02
  12.860  0.1312E-84  0.1600E+02
  12.880  0.1312E-84  0.1600E+02
  12.900  0.1312E-84  0.1600E+02
  12.920  0.1312E-84  0.1600E+02
  12.940  0.1312E-84  0.1600E+02
  12.960  0.1312E-84  0.1600E+02
  12.980  0.1312E-84  0.1600E+02
  13.000  0.1312E-84  0.1600E+02
  13.020  0.1312E-84  0.1600E+02
  13.040  0.1312E-84  0.1600E+02
  13.060  0.1312E-84  0.1600E+02
  13.080  0.1312E-84  0.1600E+02
  13.100  0.1312E-84  0.1600E+02
  13.120  0.1312E-84  0.1600E+02
  13.140  0.1312E-84  0.1600E+02
  13.160  0.1312E-84  0.1600E+02
  13.180  0.1312E-84  0.1600E+02
  13.200  0.1312E-84  0.1600E+02
  13.220  0.1312E-84  0.1600E+02
  13.240  0.1312E-84  0.1600E+02
  13.260  0.1312E-84  0.1600E+02
  13.280  0.1312E-84  0.1600E+02
  13.300  0.1312E-84  0.1600E+02
  13.320  0.1312E-84  0.1600E+02
  13.340  0.1312E-84  0.1600E+02
  13.360  0.1312E-84  0.1600E+02
  13.380  0.1312E-84  0.1600E+02
  13.400  0.1312E-84  0.1600E+02
  13.420  0.1312E-84  0.1600E+02
  13.440  0.1312E-84  0.1600E+02
  13.460  0.1312E-84  0.1600E+02
  13.480  0.1312E-84  0.1600E+02
  13.500  0.1312E-84  0.1600E+02
  13.520  0.1312E-84  0.1600E+02
  13.540  0.1312E-84  0.1600E+02
  13.560  0.1312E-84  0.1600E+02
  13.580  0.1312E-84  0.1600E+02
  13.600  0.1312E-84  0.1600E+02
  13.620  0.1312E-84  0.1600E+02
  13.640  0.1312E-84  0.1600E+02
  13.660  0.1312E-84  0.1600E+02
  13.680  0.1312E-84  0.1600E+02
  13.700  0.1312E-84  0.1600E+02
  13.720  0.1312E-84  0.1600E+02
  13.740  0.1312E-84  0.1600E+02
  13.760  0.1312E-84  0.1600E+02
  13.780  0.1312E-84  0.1600E+02
  13.800  0.1312E-84  0.1600E+02
  13.820  0.1312E-84  0.1600E+02
  13.840  0.1312E-84  0.1600E+02
  13.860  0.1312E-84  0.1600E+02
  13.880  0.1312E-84  0.1600E+02
  13.900  0.1312E-84  0.1600E+02
  13.920  0.1312E-84  0.1600E+02
  13.940  0.1312E-84  0.1600E+02
  13.960  0.1312E-84  0.1600E+02
  13.980  0.1312E-84  0.1600E+02
  14.000  0.1312E-84  0.1600E+02
  14.020  0.1312E-84  0.1600E+02
  14.040  0.1312E-84  0.1600E+02
  14.060  0.1312E-84  0.1600E+02
  14.080  0.1312E-84  0.1600E+02
  14.100  0.1312E-84  0.1600E+02
  14.120  0.1312E-84  0.1600E+02
  14.140  0.1312E-84  0.1600E+02
  14.160  0.1312E-84  0.1600E+02
  14.180  0.1312E-84  0.1600E+02
  14.200  0.1312E-84  0.1600E+02
  14.220  0.1312E-84  0.1600E+02
  14.240  0.1312E-84  0.1600E+02
  14.260  0.1312E-84  0.1600E+02
  14.280  0.1312E-84  0.1600E+02
  14.300  0.1312E-84  0.1600E+02
  14.320  0.1312E-84  0.1600E+02
  14.340  0.1312E-84  0.1600E+02
  14.360  0.1312E-84  0.1600E+02
  14.380  0.1312E-84  0.1600E+02
  14.400  0.1312E-84  0.1600E+02
  14.420  0.1312E-84  0.1600E+02
  14.440  0.1312E-84  0.1600E+02
  14.460  0.1312E-84  0.1600E+02
  14.480  0.1312E-84  0.1600E+02
  14.500  0.1312E-84  0.1600E+02
  14.520  0.1312E-84  0.1600E+02
  14.540  0.1312E-84  0.1600E+02
  14.560  0.1312E-84  0.1600E+02
  14.580  0.1312E-84  0.1600E+02
  14.600  0.1312E-84  0.1600E+02
  14.620  0.1312E-84  0.1600E+02
  14.640  0.1312E-84  0.1600E+02
  14.660  0.1312E-84  0.1600E+02
  14.680  0.1312E-84  0.1600E+02
  14.700  0.1312E-84  0.1600E+02
  14.720  0.1312E-84  0.1600E+02
  14.740  0.1312E-84  0.1600E+02
  14.760  0.1312E-84  0.1600E+02
  14.780  0.1312E-84  0.1600E+02
  14.800  0.1312E-84  0.1600E+02
  14.820  0.1312E-84  0.1600E+02
  14.840  0.1312E-84  0.1600E+02
  14.860  0.1312E-84  0.1600E+02
  14.880  0.1312E-84  0.1600E+02
  14.900  0.1312E-84  0.1600E+02
  14.920  0.1312E-84  0.1600E+02
  14.940  0.1312E-84  0.1600E+02
  14.960  0.1312E-84  0.1600E+02
  14.980  0.1312E-84  0.1600E+02
  15.000  0.1312E-84  0.1600E+02
