    0.000000000    0.149751460    0.149751237
    0.094486306    0.150113628    0.150118633
    0.188972612    0.150494236    0.150486721
    0.283458919    0.150846358    0.150853401
    0.377945225    0.151225631    0.151221588
    0.472431531    0.151588907    0.151588729
    0.566917837    0.151952172    0.151956139
    0.661404143    0.152330038    0.152324051
    0.755890450    0.152685333    0.152690971
    0.850376756    0.153062200    0.153058951
    0.944863062    0.153426351    0.153426199
    1.039349368    0.153790388    0.153793619
    1.133835674    0.154166322    0.154161429
    1.228321981    0.154523867    0.154528489
    1.322808287    0.154899018    0.154896347
    1.417294593    0.155263792    0.155263658
    1.511780899    0.155628398    0.155631087
    1.606267205    0.156002912    0.155998830
    1.700753511    0.156362117    0.156365981
    1.795239818    0.156735997    0.156733759
    1.889726124    0.157101231    0.157101110
    1.984212430    0.157466270    0.157468546
    2.078698736    0.157839706    0.157836243
    2.173185042    0.158200174    0.158203457
    2.267671349    0.158573087    0.158571179
    2.362157655    0.158938666    0.158938558
    2.456643961    0.159304048    0.159305999
    2.551130267    0.159676642    0.159673661
    2.645616573    0.160038095    0.160040920
    2.740102880    0.160410254    0.160408602
    2.834589186    0.160776096    0.160775998
    2.929075492    0.161141758    0.161143443
    3.023561798    0.161513676    0.161511078
    3.118048104    0.161875915    0.161878368
    3.212534411    0.162247475    0.162246017
    3.307020717    0.162613519    0.162613424
    3.401507023    0.162979416    0.162980870
    3.495993329    0.163350780    0.163348479
    3.590479635    0.163713657    0.163715791
    3.684965942    0.164084732    0.164083411
    3.779452248    0.164450931    0.164450822
    3.873938554    0.164817029    0.164818264
    3.968424860    0.165187926    0.165185847
    4.062911166    0.165551329    0.165553168
    4.157397473    0.165922005    0.165920757
    4.251883779    0.166288312    0.166288159
    4.346370085    0.166654581    0.166655586
    4.440856391    0.167025071    0.167023133
    4.535342697    0.167388905    0.167390445
    4.629829003    0.167759241    0.167757988
    4.724315310    0.168125623    0.168125358
    4.818801616    0.168492045    0.168492744
    4.913287922    0.168862169    0.168860225
    5.007774228    0.169226363    0.169227488
    5.102260534    0.169596403    0.169594944
    5.196746841    0.169962814    0.169962228
    5.291233147    0.170329358    0.170329511
    5.385719453    0.170699128    0.170696853
    5.480205759    0.171063600    0.171063974
    5.574692065    0.171433350    0.171431238
    5.669178372    0.171799720    0.171798306
    5.763664678    0.172166333    0.172165333
    5.858150984    0.172535709    0.172532355
    5.952637290    0.172900343    0.172899116
    6.047123596    0.173269750    0.173265930
    6.141609903    0.173635944    0.173632469
    6.236096209    0.174002497    0.173998870
    6.330582515    0.174371340    0.174365128
    6.425068821    0.174735920    0.174730996
    6.519555127    0.175104795    0.175096728
    6.614041434    0.175470522    0.175461982
    6.708527740    0.175836705    0.175826854
    6.803014046    0.176204642    0.176191271
    6.897500352    0.176568688    0.176554960
    6.991986658    0.176936515    0.176918076
    7.086472964    0.177301100    0.177280212
    7.180959271    0.177666157    0.177641371
    7.275445577    0.178032262    0.178001341
    7.369931883    0.178394654    0.178359744
    7.464418189    0.178760138    0.178716545
    7.558904495    0.179121968    0.179071148
    7.653390802    0.179484033    0.179423338
    7.747877108    0.179846045    0.179772597
    7.842363414    0.180204090    0.180118251
    7.936849720    0.180564059    0.180459852
    8.031336026    0.180919279    0.180796341
    8.125822333    0.181273831    0.181126973
    8.220308639    0.181626284    0.181450536
    8.314794945    0.181973480    0.181765613
    8.409281251    0.182320213    0.182070806
    8.503767557    0.182659546    0.182363950
    8.598253864    0.182995650    0.182643026
    8.692740170    0.183325428    0.182905221
    8.787226476    0.183646201    0.183147317
    8.881712782    0.183961171    0.183365702
    8.976199088    0.184262436    0.183555592
    9.070685395    0.184553826    0.183711918
    9.165171701    0.184829524    0.183828122
    9.259658007    0.185086613    0.183896670
    9.354144313    0.185325543    0.183908738
    9.448630619    0.185535972    0.183853333
    9.543116926    0.185720120    0.183718120
    9.637603232    0.185867161    0.183487705
    9.732089538    0.185972016    0.183144237
    9.826575844    0.186029663    0.182666510
    9.921062150    0.186024002    0.182028767
   10.015548456    0.185952454    0.181201319
   10.110034763    0.185794190    0.180147841
   10.204521069    0.185537221    0.178825892
   10.299007375    0.185164614    0.177184902
   10.393493681    0.184646725    0.175164142
   10.487979987    0.183968066    0.172692794
   10.582466294    0.183086344    0.169685259
   10.676952600    0.181971034    0.166041280
   10.771438906    0.180578212    0.161641747
   10.865925212    0.178846516    0.156344799
   10.960411518    0.176727653    0.149984927
   11.054897825    0.174130980    0.142364117
   11.149384131    0.170978772    0.133251617
   11.243870437    0.167163935    0.122375844
   11.338356743    0.162550197    0.109414905
   11.432843049    0.157008647    0.093998042
   11.527329356    0.150337839    0.075692335
   11.621815662    0.142345013    0.053997360
   11.716301968    0.132775502    0.028361624
   11.810788274    0.121317609   -0.001786310
   11.905274580    0.107650661   -0.037157980
   11.999760887    0.091320218   -0.078883354
   12.094247193    0.071866176   -0.128356258
   12.188733499    0.048701098   -0.186604722
   12.283219805    0.021120143   -0.253892435
   12.377706111   -0.011620043   -0.329630608
   12.472192418   -0.050524978   -0.412450453
   12.566678724   -0.096620347   -0.500486915
   12.661165030   -0.151176966   -0.591646645
   12.755651336   -0.215759427   -0.683758329
   12.850137642   -0.291898743   -0.774642763
   12.944623948   -0.381524473   -0.862119930
   13.039110255   -0.486750030   -0.944078423
   13.133596561   -0.609170615   -1.018625751
   13.228082867   -0.749421333   -1.084355093
   13.322569173   -0.911875045   -1.140627770
   13.417055479   -1.109518511   -1.187644982
   13.511541786   -1.350573689   -1.226356650
   13.606028092   -1.623731361   -1.258061881
   13.700514398   -1.905340881   -1.283776042
   13.795000704   -2.169036859   -1.304072502
   13.889487010   -2.390687520   -1.319359266
   13.983973317   -2.554999341   -1.329991864
   14.078459623   -2.654972862   -1.336240500
   14.172945929   -2.688298275   -1.338266690
   14.267432235   -2.654867252   -1.336118964
   14.361918541   -2.554783546   -1.329746812
   14.456404848   -2.390375427   -1.318987559
   14.550891154   -2.168622159   -1.303568633
   14.645377460   -1.904834096   -1.283133498
   14.739863766   -1.623135400   -1.257272488
   14.834350072   -1.349882891   -1.225410693
   14.928836379   -1.108741509   -1.186532162
   15.023322685   -0.910995986   -1.139336071
   15.117808991   -0.748437870   -1.082872209
   15.212295297   -0.608070140   -1.016938447
   15.306781603   -0.485509709   -0.942172618
   15.401267910   -0.380135536   -0.859981614
   15.495754216   -0.290328035   -0.772256729
   15.590240522   -0.213988859   -0.681109501
   15.684726828   -0.149179919   -0.588719290
   15.779213134   -0.094362056   -0.497264583
   15.873699440   -0.047987613   -0.408916824
   15.968185747   -0.008763316   -0.325768117
   16.062672053    0.024318560   -0.249683626
   16.157158359    0.052269975   -0.182031487
   16.251644665    0.075840608   -0.123399846
   16.346130971    0.095715948   -0.073525373
   16.440617278    0.112505125   -0.031379096
   16.535103584    0.126648352    0.004432234
   16.629589890    0.138605743    0.035038690
   16.724076196    0.148703832    0.061151851
   16.818562502    0.157233608    0.083342098
   16.913048809    0.164472118    0.102161242
   17.007535115    0.170591198    0.118108458
   17.102021421    0.175798276    0.131616182
   17.196507727    0.180228635    0.143054715
   17.290994033    0.183997004    0.152744400
   17.385480340    0.187234472    0.160956832
   17.479966646    0.189997070    0.167921202
   17.574452952    0.192382215    0.173834858
   17.668939258    0.194445480    0.178862770
   17.763425564    0.196225762    0.183145147
   17.857911871    0.197793081    0.186801205
   17.952398177    0.199155249    0.189929662
   18.046884483    0.200362252    0.192615577
   18.141370789    0.201437869    0.194929432
   18.235857095    0.202387932    0.196930402
   18.330343402    0.203257938    0.198669458
   18.424829708    0.204035660    0.200187655
   18.519316014    0.204750575    0.201521010
   18.613802320    0.205414624    0.202699159
   18.708288626    0.206018178    0.203746421
   18.802774932    0.206597769    0.204684742
   18.897261239    0.207132166    0.205530715
   18.991747545    0.207641877    0.206299634
   19.086233851    0.208135256    0.207004050
   19.180720157    0.208594302    0.207653551
   19.275206463    0.209053722    0.208258030
   19.369692770    0.209487295    0.208823796
   19.464179076    0.209911735    0.209357466
   19.558665382    0.210335251    0.209864559
   19.653151688    0.210733907    0.210348370
   19.747637994    0.211144315    0.210813913
   19.842124301    0.211536243    0.211263120
   19.936610607    0.211925190    0.211698963
   20.031096913    0.212320895    0.212124154
   20.125583219    0.212693770    0.212539141
   20.220069525    0.213084955    0.212947120
   20.314555832    0.213459625    0.213348045
   20.409042138    0.213833571    0.213743362
   20.503528444    0.214219117    0.214134796
   20.598014750    0.214580005    0.214521275
   20.692501056    0.214964591    0.214905597
   20.786987363    0.215331830    0.215286646
   20.881473669    0.215699018    0.215665217
   20.975959975    0.216082147    0.216042947
   21.070446281    0.216436013    0.216417557
   21.164932587    0.216819778    0.216792320
   21.259418893    0.217183326    0.217165235
   21.353905200    0.217546812    0.217536806
   21.448391506    0.217931499    0.217909259
   21.542877812    0.218279199    0.218278662
   21.637364118    0.218665527    0.218649815
   21.731850424    0.219026467    0.219019415
   21.826336731    0.219386970    0.219387750
   21.920823037    0.219776341    0.219758872
   22.015309343    0.220116107    0.220125129
   22.109795649    0.220508285    0.220495668
   22.204281955    0.220866245    0.220863914
   22.298768262    0.221223000    0.221229362
   22.393254568    0.221621366    0.221603817
   22.487740874    0.221948150    0.221962409
   22.582227180    0.222351559    0.222340327
   22.676713486    0.222704672    0.222708005
   22.771199793    0.223054943    0.222883185
   22.865686099    0.223471246    0.222830106
   22.960172405    0.223772382    0.222594050
   23.054658711    0.224199531    0.222139918
   23.149145017    0.224542551    0.221485786
   23.243631324    0.224878015    0.220631625
   23.338117630    0.225338339    0.219562946
   23.432603936    0.225573095    0.218301984
   23.527090242    0.226066704    0.216827170
   23.621576548    0.226380208    0.215151325
   23.716062855    0.226660731    0.213276389
   23.810549161    0.227307107    0.211183087
   23.905035467    0.227198517    0.208906370
   23.999521773    0.228151478    0.206402571
   24.094008079    0.228217772    0.203704995
   24.188494385    0.222613905    0.200998163
   24.282980692    0.215901374    0.198310771
   24.377466998    0.210613753    0.195606452
   24.471953304    0.204201108    0.192913261
   24.566439610    0.198387441    0.190215347
   24.660925916    0.192547465    0.187516477
   24.755412223    0.186257942    0.184822703
   24.849898529    0.180686519    0.182121662
   24.944384835    0.174396859    0.179427885
   25.038871141    0.168557086    0.176729012
   25.133357447    0.162743246    0.174031090
   25.227843754    0.156330645    0.171337886
   25.322330060    0.151043128    0.168633558
   25.416816366    0.144330371    0.165946145
   25.511302672    0.138726721    0.163239294
   25.605788978    0.138792876    0.160541695
   25.700275285    0.139745774    0.158037861
   25.794761591    0.139637382    0.155761113
   25.889247897    0.140283446    0.153667762
   25.983734203    0.140564186    0.151792777
   26.078220509    0.140877598    0.150116873
   26.172706816    0.141371024    0.148641976
   26.267193122    0.141606071    0.147380936
   26.361679428    0.142065991    0.146312145
   26.456165734    0.142401647    0.145457859
   26.550652040    0.142744619    0.144803583
   26.645138347    0.143171431    0.144349260
   26.739624653    0.143472930    0.144113003
   26.834110959    0.143888717    0.144059659
   26.928597265    0.144239104    0.144234533
   27.023083571    0.144592187    0.144601852
   27.117569877    0.144995041    0.144979315
   27.212056184    0.145322202    0.145337399
   27.306542490    0.145719868    0.145711213
   27.401028796    0.146076559    0.146075906
   27.495515102    0.146434416    0.146443260
   27.590001408    0.146825678    0.146812694
   27.684487715    0.147165687    0.147177671
   27.778974021    0.147553996    0.147547224
   27.873460327    0.147914011    0.147913687
   27.967946633    0.148274531    0.148281066
   28.062432939    0.148659235    0.148649508
   28.156919246    0.149006661    0.149015716
   28.251405552    0.149389464    0.149384299
