 &plot nbnd=  21, nks=   201 /
            0.000000  0.000000 -0.500000
  -18.624  -18.570  -18.070  -17.212  -16.462  -16.024  -14.935  -14.707  -11.903  -11.841
  -10.601  -10.431   -9.875   -6.256   -6.213   -6.043   -3.794   -3.713   -1.600   -1.353
   -1.033
            0.000000  0.000000 -0.495000
  -18.679  -18.516  -18.077  -17.204  -16.474  -16.010  -14.957  -14.684  -11.943  -11.801
  -10.611  -10.421   -9.875   -6.306   -6.164   -6.046   -3.793   -3.714   -1.596   -1.370
   -1.014
            0.000000  0.000000 -0.490000
  -18.753  -18.441  -18.098  -17.182  -16.507  -15.974  -15.008  -14.631  -12.002  -11.741
  -10.635  -10.398   -9.876   -6.375   -6.100   -6.055   -3.788   -3.718   -1.585   -1.413
   -0.963
            0.000000  0.000000 -0.485000
  -18.829  -18.366  -18.131  -17.146  -16.553  -15.922  -15.070  -14.565  -12.063  -11.677
  -10.667  -10.366   -9.877   -6.446   -6.069   -6.037   -3.781   -3.724   -1.566   -1.467
   -0.896
            0.000000  0.000000 -0.480000
  -18.905  -18.291  -18.173  -17.101  -16.605  -15.860  -15.136  -14.494  -12.124  -11.613
  -10.702  -10.331   -9.879   -6.518   -6.088   -5.976   -3.772   -3.732   -1.540   -1.526
   -0.820
            0.000000  0.000000 -0.475000
  -18.981  -18.223  -18.216  -17.047  -16.662  -15.791  -15.203  -14.419  -12.185  -11.548
  -10.740  -10.295   -9.882   -6.591   -6.113   -5.919   -3.760   -3.741   -1.584   -1.508
   -0.738
            0.000000  0.000000 -0.470000
  -19.056  -18.277  -18.143  -16.987  -16.719  -15.719  -15.271  -14.343  -12.246  -11.483
  -10.779  -10.257   -9.884   -6.665   -6.143   -5.865   -3.751   -3.748   -1.640   -1.469
   -0.653
            0.000000  0.000000 -0.465000
  -19.132  -18.336  -18.071  -16.922  -16.775  -15.643  -15.338  -14.265  -12.306  -11.418
  -10.819  -10.219   -9.888   -6.739   -6.176   -5.814   -3.760   -3.735   -1.692   -1.424
   -0.565
            0.000000  0.000000 -0.460000
  -19.206  -18.397  -18.003  -16.855  -16.828  -15.565  -15.404  -14.186  -12.365  -11.352
  -10.858  -10.181   -9.892   -6.814   -6.214   -5.768   -3.769   -3.723   -1.740   -1.374
   -0.475
            0.000000  0.000000 -0.455000
  -19.280  -18.461  -17.939  -16.877  -16.784  -15.486  -15.469  -14.106  -12.424  -11.285
  -10.899  -10.142   -9.896   -6.889   -6.256   -5.727   -3.775   -3.712   -1.783   -1.319
   -0.383
            0.000000  0.000000 -0.450000
  -19.354  -18.525  -17.880  -16.921  -16.713  -15.532  -15.405  -14.025  -12.482  -11.219
  -10.939  -10.104   -9.901   -6.964   -6.300   -5.692   -3.779   -3.703   -1.820   -1.260
   -0.289
            0.000000  0.000000 -0.445000
  -19.427  -18.591  -17.829  -16.956  -16.641  -15.594  -15.323  -13.944  -12.539  -11.152
  -10.979  -10.066   -9.906   -7.039   -6.348   -5.662   -3.779   -3.697   -1.850   -1.197
   -0.195
            0.000000  0.000000 -0.440000
  -19.500  -18.657  -17.788  -16.980  -16.569  -15.652  -15.239  -13.862  -12.595  -11.086
  -11.019  -10.028   -9.912   -7.114   -6.398   -5.638   -3.775   -3.695   -1.873   -1.130
   -0.098
            0.000000  0.000000 -0.435000
  -19.571  -18.723  -17.760  -16.990  -16.500  -15.707  -15.155  -13.779  -12.651  -11.059
  -11.019   -9.990   -9.918   -7.189   -6.451   -5.622   -3.767   -3.698   -1.888   -1.059
   -0.001
            0.000000  0.000000 -0.430000
  -19.643  -18.789  -17.748  -16.984  -16.434  -15.755  -15.070  -13.696  -12.705  -11.099
  -10.952   -9.953   -9.924   -7.264   -6.505   -5.611   -3.753   -3.706   -1.895   -0.986
    0.097
            0.000000  0.000000 -0.425000
  -19.713  -18.856  -17.751  -16.963  -16.376  -15.794  -14.984  -13.612  -12.759  -11.139
  -10.884   -9.931   -9.916   -7.339   -6.561   -5.608   -3.734   -3.719   -1.894   -0.910
    0.196
            0.000000  0.000000 -0.420000
  -19.783  -18.922  -17.768  -16.926  -16.331  -15.819  -14.898  -13.527  -12.812  -11.179
  -10.817   -9.939   -9.880   -7.414   -6.618   -5.611   -3.738   -3.710   -1.885   -0.832
    0.296
            0.000000  0.000000 -0.415000
  -19.853  -18.988  -17.796  -16.878  -16.304  -15.824  -14.811  -13.442  -12.863  -11.218
  -10.750   -9.946   -9.843   -7.488   -6.677   -5.620   -3.762   -3.680   -1.868   -0.752
    0.397
            0.000000  0.000000 -0.410000
  -19.921  -19.054  -17.833  -16.820  -16.300  -15.804  -14.723  -13.356  -12.914  -11.257
  -10.682   -9.955   -9.808   -7.562   -6.737   -5.636   -3.791   -3.645   -1.844   -0.669
    0.498
            0.000000  0.000000 -0.405000
  -19.989  -19.119  -17.876  -16.756  -16.317  -15.763  -14.636  -13.270  -12.963  -11.295
  -10.615   -9.963   -9.772   -7.635   -6.797   -5.657   -3.824   -3.606   -1.813   -0.586
    0.600
            0.000000  0.000000 -0.400000
  -20.057  -19.184  -17.923  -16.687  -16.348  -15.705  -14.548  -13.184  -13.010  -11.333
  -10.548   -9.972   -9.738   -7.708   -6.858   -5.683   -3.863   -3.563   -1.777   -0.500
    0.703
            0.000000  0.000000 -0.395000
  -20.123  -19.248  -17.974  -16.614  -16.389  -15.636  -14.459  -13.097  -13.056  -11.370
  -10.481   -9.981   -9.703   -7.781   -6.920   -5.713   -3.905   -3.515   -1.735   -0.414
    0.806
            0.000000  0.000000 -0.390000
  -20.189  -19.312  -18.026  -16.538  -16.436  -15.560  -14.371  -13.100  -13.009  -11.407
  -10.413   -9.990   -9.669   -7.853   -6.982   -5.748   -3.950   -3.465   -1.688   -0.326
    0.909
            0.000000  0.000000 -0.385000
  -20.254  -19.375  -18.080  -16.486  -16.461  -15.481  -14.283  -13.142  -12.922  -11.444
  -10.347  -10.000   -9.636   -7.925   -7.045   -5.785   -3.998   -3.411   -1.636   -0.237
    1.013
            0.000000  0.000000 -0.380000
  -20.319  -19.438  -18.135  -16.538  -16.383  -15.398  -14.195  -13.182  -12.834  -11.479
  -10.280  -10.009   -9.603   -7.996   -7.107   -5.826   -4.049   -3.356   -1.582   -0.147
    1.118
            0.000000  0.000000 -0.375000
  -20.382  -19.500  -18.190  -16.591  -16.304  -15.313  -14.108  -13.218  -12.746  -11.514
  -10.214  -10.019   -9.571   -8.066   -7.170   -5.870   -4.101   -3.298   -1.524   -0.057
    1.222
            0.000000  0.000000 -0.370000
  -20.445  -19.561  -18.246  -16.645  -16.225  -15.226  -14.023  -13.251  -12.658  -11.547
  -10.149  -10.027   -9.539   -8.136   -7.233   -5.915   -4.155   -3.239   -1.463    0.034
    1.327
            0.000000  0.000000 -0.365000
  -20.507  -19.622  -18.301  -16.698  -16.146  -15.139  -13.939  -13.279  -12.570  -11.579
  -10.090  -10.030   -9.508   -8.205   -7.295   -5.963   -4.211   -3.178   -1.400    0.125
    1.433
            0.000000  0.000000 -0.360000
  -20.569  -19.682  -18.357  -16.752  -16.068  -15.050  -13.860  -13.300  -12.482  -11.610
  -10.065  -10.000   -9.478   -8.274   -7.358   -6.011   -4.268   -3.117   -1.336    0.217
    1.538
            0.000000  0.000000 -0.355000
  -20.629  -19.742  -18.412  -16.806  -15.991  -14.962  -13.787  -13.313  -12.395  -11.639
  -10.069   -9.940   -9.448   -8.342   -7.420   -6.061   -4.325   -3.054   -1.270    0.309
    1.643
            0.000000  0.000000 -0.350000
  -20.689  -19.800  -18.467  -16.859  -15.915  -14.872  -13.725  -13.312  -12.310  -11.665
  -10.078   -9.876   -9.418   -8.409   -7.482   -6.113   -4.383   -2.992   -1.202    0.401
    1.749
            0.000000  0.000000 -0.345000
  -20.748  -19.858  -18.522  -16.912  -15.840  -14.783  -13.677  -13.293  -12.226  -11.688
  -10.089   -9.811   -9.390   -8.476   -7.543   -6.165   -4.442   -2.929   -1.134    0.493
    1.854
            0.000000  0.000000 -0.340000
  -20.807  -19.915  -18.576  -16.964  -15.768  -14.694  -13.646  -13.254  -12.147  -11.705
  -10.099   -9.747   -9.361   -8.542   -7.605   -6.217   -4.500   -2.866   -1.066    0.585
    1.877
            0.000000  0.000000 -0.335000
  -20.864  -19.972  -18.629  -17.016  -15.698  -14.605  -13.629  -13.197  -12.076  -11.713
  -10.110   -9.682   -9.334   -8.607   -7.665   -6.270   -4.559   -2.803   -0.997    0.676
    1.825
            0.000000  0.000000 -0.330000
  -20.921  -20.028  -18.683  -17.067  -15.631  -14.516  -13.621  -13.127  -12.018  -11.706
  -10.121   -9.618   -9.307   -8.671   -7.726   -6.323   -4.618   -2.741   -0.927    0.767
    1.772
            0.000000  0.000000 -0.325000
  -20.977  -20.083  -18.735  -17.117  -15.567  -14.428  -13.617  -13.048  -11.981  -11.676
  -10.131   -9.554   -9.280   -8.735   -7.786   -6.377   -4.676   -2.679   -0.858    0.858
    1.720
            0.000000  0.000000 -0.320000
  -21.032  -20.137  -18.787  -17.167  -15.507  -14.341  -13.613  -12.965  -11.965  -11.624
  -10.142   -9.490   -9.255   -8.798   -7.845   -6.430   -4.735   -2.618   -0.790    0.948
    1.668
            0.000000  0.000000 -0.315000
  -21.086  -20.190  -18.838  -17.217  -15.451  -14.255  -13.606  -12.878  -11.963  -11.555
  -10.152   -9.427   -9.229   -8.860   -7.904   -6.484   -4.793   -2.558   -0.721    1.036
    1.617
            0.000000  0.000000 -0.310000
  -21.140  -20.243  -18.889  -17.265  -15.401  -14.170  -13.596  -12.789  -11.969  -11.476
  -10.162   -9.365   -9.205   -8.921   -7.962   -6.537   -4.851   -2.499   -0.654    1.124
    1.565
            0.000000  0.000000 -0.305000
  -21.193  -20.295  -18.939  -17.313  -15.355  -14.086  -13.581  -12.700  -11.978  -11.392
  -10.172   -9.302   -9.181   -8.982   -8.019   -6.591   -4.908   -2.440   -0.587    1.211
    1.514
            0.000000  0.000000 -0.300000
  -21.245  -20.346  -18.988  -17.361  -15.315  -14.005  -13.561  -12.609  -11.987  -11.305
  -10.181   -9.241   -9.157   -9.041   -8.076   -6.643   -4.965   -2.383   -0.521    1.295
    1.457
            0.000000  0.000000 -0.295000
  -21.296  -20.397  -19.037  -17.407  -15.280  -13.925  -13.535  -12.518  -11.996  -11.215
  -10.190   -9.180   -9.134   -9.100   -8.133   -6.696   -5.021   -2.326   -0.456    1.378
    1.401
            0.000000  0.000000 -0.290000
  -21.346  -20.446  -19.085  -17.453  -15.252  -13.848  -13.503  -12.427  -12.002  -11.125
  -10.198   -9.158   -9.119   -9.112   -8.188   -6.748   -5.077   -2.272   -0.392    1.346
    1.362
            0.000000  0.000000 -0.285000
  -21.395  -20.495  -19.132  -17.498  -15.229  -13.774  -13.464  -12.336  -12.006  -11.034
  -10.206   -9.215   -9.090   -9.060   -8.243   -6.800   -5.132   -2.218   -0.330    1.291
    1.312
            0.000000  0.000000 -0.280000
  -21.444  -20.543  -19.179  -17.543  -15.212  -13.704  -13.420  -12.246  -12.006  -10.942
  -10.212   -9.271   -9.069   -9.000   -8.297   -6.851   -5.187   -2.166   -0.269    1.237
    1.262
            0.000000  0.000000 -0.275000
  -21.492  -20.590  -19.224  -17.587  -15.200  -13.637  -13.369  -12.156  -12.002  -10.850
  -10.218   -9.327   -9.048   -8.942   -8.350   -6.902   -5.241   -2.115   -0.210    1.184
    1.213
            0.000000  0.000000 -0.270000
  -21.539  -20.637  -19.269  -17.630  -15.192  -13.575  -13.314  -12.067  -11.993  -10.758
  -10.222   -9.381   -9.027   -8.884   -8.403   -6.952   -5.294   -2.066   -0.152    1.131
    1.164
            0.000000  0.000000 -0.265000
  -21.585  -20.682  -19.313  -17.672  -15.190  -13.518  -13.253  -11.979  -11.979  -10.665
  -10.225   -9.435   -9.007   -8.827   -8.455   -7.002   -5.346   -2.018   -0.097    1.080
    1.116
            0.000000  0.000000 -0.260000
  -21.630  -20.727  -19.357  -17.713  -15.191  -13.466  -13.188  -11.959  -11.892  -10.573
  -10.227   -9.487   -8.987   -8.771   -8.506   -7.051   -5.398   -1.972   -0.043    1.029
    1.068
            0.000000  0.000000 -0.255000
  -21.675  -20.771  -19.400  -17.754  -15.195  -13.420  -13.119  -11.934  -11.808  -10.481
  -10.226   -9.539   -8.968   -8.715   -8.556   -7.099   -5.448   -1.927    0.009    0.978
    1.020
            0.000000  0.000000 -0.250000
  -21.719  -20.814  -19.441  -17.794  -15.203  -13.380  -13.047  -11.902  -11.725  -10.390
  -10.224   -9.590   -8.949   -8.661   -8.605   -7.147   -5.498   -1.884    0.058    0.929
    0.973
            0.000000  0.000000 -0.245000
  -21.761  -20.856  -19.483  -17.833  -15.213  -13.345  -12.971  -11.864  -11.645  -10.299
  -10.218   -9.640   -8.930   -8.654   -8.607   -7.194   -5.548   -1.843    0.105    0.880
    0.927
            0.000000  0.000000 -0.240000
  -21.803  -20.898  -19.523  -17.872  -15.226  -13.317  -12.893  -11.820  -11.568  -10.210
  -10.208   -9.689   -8.911   -8.701   -8.554   -7.240   -5.596   -1.803    0.150    0.832
    0.881
            0.000000  0.000000 -0.235000
  -21.845  -20.938  -19.562  -17.909  -15.240  -13.294  -12.812  -11.770  -11.494  -10.199
  -10.118   -9.737   -8.892   -8.748   -8.502   -7.286   -5.643   -1.765    0.192    0.785
    0.836
            0.000000  0.000000 -0.230000
  -21.885  -20.978  -19.601  -17.946  -15.256  -13.276  -12.730  -11.715  -11.424  -10.184
  -10.029   -9.784   -8.873   -8.794   -8.450   -7.330   -5.690   -1.729    0.232    0.738
    0.791
            0.000000  0.000000 -0.225000
  -21.924  -21.017  -19.639  -17.982  -15.273  -13.262  -12.646  -11.655  -11.358  -10.164
   -9.942   -9.831   -8.854   -8.839   -8.400   -7.374   -5.736   -1.694    0.269    0.692
    0.747
            0.000000  0.000000 -0.220000
  -21.963  -21.055  -19.676  -18.018  -15.291  -13.254  -12.561  -11.590  -11.297  -10.139
   -9.876   -9.855   -8.883   -8.834   -8.351   -7.417   -5.781   -1.661    0.304    0.648
    0.704
            0.000000  0.000000 -0.215000
  -22.001  -21.093  -19.712  -18.052  -15.310  -13.248  -12.475  -11.522  -11.241  -10.110
   -9.920   -9.770   -8.927   -8.814   -8.302   -7.460   -5.825   -1.629    0.335    0.604
    0.661
            0.000000  0.000000 -0.210000
  -22.038  -21.129  -19.748  -18.086  -15.330  -13.246  -12.388  -11.450  -11.191  -10.075
   -9.963   -9.687   -8.969   -8.793   -8.255   -7.501   -5.868   -1.599    0.364    0.560
    0.620
            0.000000  0.000000 -0.205000
  -22.074  -21.165  -19.783  -18.119  -15.350  -13.247  -12.301  -11.376  -11.147  -10.034
  -10.006   -9.606   -9.011   -8.770   -8.209   -7.542   -5.910   -1.571    0.390    0.518
    0.579
            0.000000  0.000000 -0.200000
  -22.109  -21.200  -19.817  -18.151  -15.370  -13.250  -12.214  -11.299  -11.108  -10.047
   -9.989   -9.528   -9.051   -8.746   -8.163   -7.581   -5.951   -1.544    0.414    0.477
    0.538
            0.000000  0.000000 -0.195000
  -22.143  -21.233  -19.850  -18.183  -15.391  -13.255  -12.126  -11.221  -11.074  -10.088
   -9.938   -9.453   -9.091   -8.719   -8.119   -7.620   -5.991   -1.518    0.434    0.436
    0.499
            0.000000  0.000000 -0.190000
  -22.177  -21.267  -19.882  -18.214  -15.412  -13.262  -12.039  -11.141  -11.045  -10.127
   -9.882   -9.382   -9.129   -8.690   -8.076   -7.658   -6.030   -1.495    0.396    0.452
    0.460
            0.000000  0.000000 -0.185000
  -22.210  -21.299  -19.913  -18.244  -15.433  -13.270  -11.952  -11.059  -11.021  -10.166
   -9.822   -9.316   -9.167   -8.658   -8.034   -7.695   -6.069   -1.472    0.357    0.422
    0.466
            0.000000  0.000000 -0.180000
  -22.241  -21.330  -19.944  -18.273  -15.453  -13.279  -11.865  -11.000  -10.977  -10.203
   -9.758   -9.254   -9.204   -8.622   -7.993   -7.731   -6.106   -1.451    0.319    0.385
    0.478
            0.000000  0.000000 -0.175000
  -22.272  -21.361  -19.974  -18.301  -15.474  -13.289  -11.780  -10.983  -10.895  -10.240
   -9.691   -9.240   -9.198   -8.581   -7.953   -7.767   -6.143   -1.431    0.282    0.349
    0.487
            0.000000  0.000000 -0.170000
  -22.302  -21.391  -20.003  -18.329  -15.495  -13.300  -11.696  -10.967  -10.812  -10.275
   -9.622   -9.275   -9.148   -8.536   -7.914   -7.801   -6.178   -1.413    0.246    0.314
    0.493
            0.000000  0.000000 -0.165000
  -22.332  -21.420  -20.031  -18.355  -15.515  -13.311  -11.613  -10.954  -10.729  -10.310
   -9.550   -9.309   -9.104   -8.487   -7.876   -7.834   -6.212   -1.395    0.211    0.279
    0.497
            0.000000  0.000000 -0.160000
  -22.360  -21.448  -20.058  -18.381  -15.535  -13.323  -11.533  -10.941  -10.646  -10.343
   -9.477   -9.341   -9.066   -8.433   -7.867   -7.840   -6.246   -1.379    0.177    0.246
    0.498
            0.000000  0.000000 -0.155000
  -22.387  -21.475  -20.085  -18.407  -15.554  -13.335  -11.456  -10.928  -10.564  -10.376
   -9.403   -9.373   -9.033   -8.375   -7.898   -7.805   -6.278   -1.364    0.143    0.213
    0.496
            0.000000  0.000000 -0.150000
  -22.414  -21.501  -20.111  -18.431  -15.573  -13.347  -11.382  -10.914  -10.482  -10.407
   -9.404   -9.329   -9.005   -8.315   -7.929   -7.771   -6.310   -1.350    0.111    0.181
    0.486
            0.000000  0.000000 -0.145000
  -22.440  -21.527  -20.135  -18.455  -15.592  -13.359  -11.314  -10.897  -10.438  -10.401
   -9.434   -9.254   -8.981   -8.252   -7.958   -7.738   -6.340   -1.338    0.079    0.151
    0.453
            0.000000  0.000000 -0.140000
  -22.465  -21.551  -20.159  -18.477  -15.611  -13.371  -11.253  -10.876  -10.467  -10.320
   -9.464   -9.179   -8.960   -8.187   -7.987   -7.706   -6.370   -1.326    0.049    0.121
    0.421
            0.000000  0.000000 -0.135000
  -22.489  -21.575  -20.183  -18.499  -15.628  -13.383  -11.200  -10.848  -10.496  -10.241
   -9.492   -9.105   -8.942   -8.121   -8.015   -7.675   -6.398   -1.315    0.020    0.092
    0.391
            0.000000  0.000000 -0.130000
  -22.512  -21.598  -20.205  -18.521  -15.646  -13.395  -11.158  -10.812  -10.523  -10.163
   -9.519   -9.031   -8.926   -8.055   -8.042   -7.646   -6.426   -1.305   -0.009    0.064
    0.361
            0.000000  0.000000 -0.125000
  -22.534  -21.620  -20.227  -18.541  -15.663  -13.407  -11.126  -10.768  -10.550  -10.086
   -9.545   -8.958   -8.913   -8.067   -7.989   -7.618   -6.452   -1.296   -0.036    0.037
    0.333
            0.000000  0.000000 -0.120000
  -22.556  -21.641  -20.247  -18.561  -15.679  -13.419  -11.103  -10.716  -10.575  -10.011
   -9.570   -8.901   -8.885   -8.092   -7.923   -7.591   -6.478   -1.287   -0.063    0.011
    0.306
            0.000000  0.000000 -0.115000
  -22.576  -21.661  -20.267  -18.580  -15.695  -13.430  -11.088  -10.660  -10.600   -9.938
   -9.594   -8.891   -8.814   -8.116   -7.858   -7.566   -6.502   -1.280   -0.088   -0.014
    0.280
            0.000000  0.000000 -0.110000
  -22.596  -21.681  -20.286  -18.598  -15.710  -13.441  -11.078  -10.623  -10.600   -9.866
   -9.617   -8.881   -8.745   -8.139   -7.794   -7.542   -6.525   -1.273   -0.113   -0.038
    0.255
            0.000000  0.000000 -0.105000
  -22.615  -21.699  -20.304  -18.615  -15.725  -13.452  -11.071  -10.645  -10.540   -9.796
   -9.639   -8.874   -8.677   -8.160   -7.732   -7.519   -6.548   -1.266   -0.136   -0.061
    0.231
            0.000000  0.000000 -0.100000
  -22.633  -21.717  -20.322  -18.631  -15.739  -13.462  -11.067  -10.667  -10.479   -9.728
   -9.660   -8.867   -8.610   -8.181   -7.670   -7.497   -6.569   -1.261   -0.158   -0.082
    0.209
            0.000000  0.000000 -0.095000
  -22.650  -21.734  -20.338  -18.647  -15.752  -13.472  -11.065  -10.687  -10.419   -9.680
   -9.662   -8.861   -8.546   -8.201   -7.611   -7.477   -6.589   -1.256   -0.179   -0.103
    0.187
            0.000000  0.000000 -0.090000
  -22.666  -21.750  -20.354  -18.662  -15.765  -13.482  -11.064  -10.706  -10.360   -9.699
   -9.598   -8.855   -8.483   -8.220   -7.554   -7.457   -6.609   -1.251   -0.200   -0.123
    0.166
            0.000000  0.000000 -0.085000
  -22.681  -21.765  -20.368  -18.676  -15.777  -13.491  -11.064  -10.725  -10.302   -9.717
   -9.537   -8.851   -8.423   -8.238   -7.498   -7.440   -6.627   -1.247   -0.219   -0.142
    0.147
            0.000000  0.000000 -0.080000
  -22.696  -21.780  -20.382  -18.689  -15.788  -13.500  -11.064  -10.742  -10.247   -9.734
   -9.478   -8.847   -8.365   -8.255   -7.445   -7.423   -6.644   -1.243   -0.237   -0.160
    0.129
            0.000000  0.000000 -0.075000
  -22.709  -21.793  -20.396  -18.702  -15.799  -13.508  -11.065  -10.758  -10.194   -9.750
   -9.422   -8.844   -8.310   -8.270   -7.408   -7.395   -6.660   -1.240   -0.254   -0.176
    0.112
            0.000000  0.000000 -0.070000
  -22.722  -21.806  -20.408  -18.713  -15.809  -13.516  -11.067  -10.773  -10.143   -9.765
   -9.369   -8.841   -8.285   -8.257   -7.394   -7.346   -6.676   -1.237   -0.270   -0.192
    0.096
            0.000000  0.000000 -0.065000
  -22.734  -21.817  -20.419  -18.724  -15.819  -13.523  -11.068  -10.787  -10.095   -9.779
   -9.318   -8.839   -8.299   -8.207   -7.381   -7.301   -6.690   -1.234   -0.285   -0.207
    0.081
            0.000000  0.000000 -0.060000
  -22.745  -21.828  -20.430  -18.734  -15.827  -13.530  -11.070  -10.800  -10.050   -9.792
   -9.270   -8.838   -8.312   -8.160   -7.369   -7.258   -6.703   -1.232   -0.298   -0.220
    0.067
            0.000000  0.000000 -0.055000
  -22.755  -21.838  -20.440  -18.743  -15.835  -13.536  -11.072  -10.812  -10.009   -9.803
   -9.225   -8.837   -8.324   -8.116   -7.359   -7.219   -6.715   -1.230   -0.311   -0.233
    0.054
            0.000000  0.000000 -0.050000
  -22.764  -21.847  -20.448  -18.752  -15.843  -13.542  -11.073  -10.823   -9.970   -9.814
   -9.183   -8.837   -8.334   -8.075   -7.349   -7.182   -6.726   -1.228   -0.323   -0.244
    0.042
            0.000000  0.000000 -0.045000
  -22.772  -21.855  -20.456  -18.760  -15.850  -13.547  -11.075  -10.833   -9.934   -9.824
   -9.145   -8.838   -8.344   -8.037   -7.341   -7.149   -6.736   -1.227   -0.333   -0.254
    0.032
            0.000000  0.000000 -0.040000
  -22.780  -21.863  -20.464  -18.766  -15.856  -13.552  -11.076  -10.842   -9.902   -9.833
   -9.109   -8.839   -8.353   -8.003   -7.334   -7.119   -6.745   -1.226   -0.343   -0.264
    0.022
            0.000000  0.000000 -0.035000
  -22.786  -21.869  -20.470  -18.772  -15.861  -13.556  -11.078  -10.850   -9.874   -9.841
   -9.076   -8.841   -8.360   -7.972   -7.328   -7.092   -6.752   -1.224   -0.351   -0.272
    0.014
            0.000000  0.000000 -0.030000
  -22.792  -21.875  -20.476  -18.778  -15.866  -13.560  -11.079  -10.857   -9.849   -9.847
   -9.047   -8.844   -8.367   -7.946   -7.323   -7.068   -6.759   -1.224   -0.358   -0.279
    0.007
            0.000000  0.000000 -0.025000
  -22.797  -21.880  -20.480  -18.782  -15.869  -13.563  -11.080  -10.862   -9.853   -9.828
   -9.021   -8.848   -8.373   -7.923   -7.319   -7.048   -6.765   -1.223   -0.364   -0.285
    0.001
            0.000000  0.000000 -0.020000
  -22.801  -21.884  -20.484  -18.786  -15.873  -13.565  -11.081  -10.867   -9.858   -9.811
   -8.998   -8.852   -8.377   -7.904   -7.316   -7.032   -6.770   -1.222   -0.369   -0.290
   -0.004
            0.000000  0.000000 -0.015000
  -22.804  -21.887  -20.487  -18.788  -15.875  -13.567  -11.082  -10.871   -9.861   -9.797
   -8.979   -8.856   -8.381   -7.889   -7.313   -7.019   -6.773   -1.222   -0.373   -0.294
   -0.008
            0.000000  0.000000 -0.010000
  -22.806  -21.889  -20.489  -18.790  -15.877  -13.568  -11.082  -10.873   -9.864   -9.787
   -8.965   -8.860   -8.383   -7.878   -7.312   -7.010   -6.776   -1.221   -0.376   -0.296
   -0.011
            0.000000  0.000000 -0.005000
  -22.808  -21.890  -20.490  -18.792  -15.878  -13.569  -11.083  -10.875   -9.865   -9.781
   -8.955   -8.864   -8.385   -7.872   -7.311   -7.005   -6.778   -1.221   -0.377   -0.298
   -0.013
            0.000000  0.000000  0.000000
  -22.808  -21.891  -20.491  -18.792  -15.878  -13.570  -11.083  -10.876   -9.866   -9.779
   -8.952   -8.865   -8.385   -7.869   -7.310   -7.003   -6.778   -1.221   -0.378   -0.298
   -0.013
            0.000000  0.000000  0.005000
  -22.808  -21.890  -20.490  -18.792  -15.878  -13.569  -11.083  -10.875   -9.865   -9.781
   -8.955   -8.864   -8.385   -7.872   -7.311   -7.005   -6.778   -1.221   -0.377   -0.298
   -0.013
            0.000000  0.000000  0.010000
  -22.806  -21.889  -20.489  -18.790  -15.877  -13.568  -11.082  -10.873   -9.864   -9.787
   -8.965   -8.860   -8.383   -7.878   -7.312   -7.010   -6.776   -1.221   -0.376   -0.296
   -0.011
            0.000000  0.000000  0.015000
  -22.804  -21.887  -20.487  -18.788  -15.875  -13.567  -11.082  -10.871   -9.861   -9.797
   -8.979   -8.856   -8.381   -7.889   -7.313   -7.019   -6.773   -1.222   -0.373   -0.294
   -0.008
            0.000000  0.000000  0.020000
  -22.801  -21.884  -20.484  -18.786  -15.873  -13.565  -11.081  -10.867   -9.858   -9.811
   -8.998   -8.852   -8.377   -7.904   -7.316   -7.032   -6.770   -1.222   -0.369   -0.290
   -0.004
            0.000000  0.000000  0.025000
  -22.797  -21.880  -20.480  -18.782  -15.869  -13.563  -11.080  -10.862   -9.853   -9.828
   -9.021   -8.848   -8.373   -7.923   -7.319   -7.048   -6.765   -1.223   -0.364   -0.285
    0.001
            0.000000  0.000000  0.030000
  -22.792  -21.875  -20.476  -18.778  -15.866  -13.560  -11.079  -10.857   -9.849   -9.847
   -9.047   -8.844   -8.367   -7.946   -7.323   -7.068   -6.759   -1.224   -0.358   -0.279
    0.007
            0.000000  0.000000  0.035000
  -22.786  -21.869  -20.470  -18.772  -15.861  -13.556  -11.078  -10.850   -9.874   -9.841
   -9.076   -8.841   -8.360   -7.972   -7.328   -7.092   -6.752   -1.224   -0.351   -0.272
    0.014
            0.000000  0.000000  0.040000
  -22.780  -21.863  -20.464  -18.766  -15.856  -13.552  -11.076  -10.842   -9.902   -9.833
   -9.109   -8.839   -8.353   -8.003   -7.334   -7.119   -6.745   -1.226   -0.343   -0.264
    0.022
            0.000000  0.000000  0.045000
  -22.772  -21.855  -20.456  -18.760  -15.850  -13.547  -11.075  -10.833   -9.934   -9.824
   -9.145   -8.838   -8.344   -8.037   -7.341   -7.149   -6.736   -1.227   -0.333   -0.254
    0.032
            0.000000  0.000000  0.050000
  -22.764  -21.847  -20.448  -18.752  -15.843  -13.542  -11.073  -10.823   -9.970   -9.814
   -9.183   -8.837   -8.334   -8.075   -7.349   -7.182   -6.726   -1.228   -0.323   -0.244
    0.042
            0.000000  0.000000  0.055000
  -22.755  -21.838  -20.440  -18.743  -15.835  -13.536  -11.072  -10.812  -10.009   -9.803
   -9.225   -8.837   -8.324   -8.116   -7.359   -7.219   -6.715   -1.230   -0.311   -0.233
    0.054
            0.000000  0.000000  0.060000
  -22.745  -21.828  -20.430  -18.734  -15.827  -13.530  -11.070  -10.800  -10.050   -9.792
   -9.270   -8.838   -8.312   -8.160   -7.369   -7.258   -6.703   -1.232   -0.298   -0.220
    0.067
            0.000000  0.000000  0.065000
  -22.734  -21.817  -20.419  -18.724  -15.819  -13.523  -11.068  -10.787  -10.095   -9.779
   -9.318   -8.839   -8.299   -8.207   -7.381   -7.301   -6.690   -1.234   -0.285   -0.207
    0.081
            0.000000  0.000000  0.070000
  -22.722  -21.806  -20.408  -18.713  -15.809  -13.516  -11.067  -10.773  -10.143   -9.765
   -9.369   -8.841   -8.285   -8.257   -7.394   -7.346   -6.676   -1.237   -0.270   -0.192
    0.096
            0.000000  0.000000  0.075000
  -22.709  -21.793  -20.396  -18.702  -15.799  -13.508  -11.065  -10.758  -10.194   -9.750
   -9.422   -8.844   -8.310   -8.270   -7.408   -7.395   -6.660   -1.240   -0.254   -0.176
    0.112
            0.000000  0.000000  0.080000
  -22.696  -21.780  -20.382  -18.689  -15.788  -13.500  -11.064  -10.742  -10.247   -9.734
   -9.478   -8.847   -8.365   -8.255   -7.445   -7.423   -6.644   -1.243   -0.237   -0.160
    0.129
            0.000000  0.000000  0.085000
  -22.681  -21.765  -20.368  -18.676  -15.777  -13.491  -11.064  -10.725  -10.302   -9.717
   -9.537   -8.851   -8.423   -8.238   -7.498   -7.440   -6.627   -1.247   -0.219   -0.142
    0.147
            0.000000  0.000000  0.090000
  -22.666  -21.750  -20.354  -18.662  -15.765  -13.482  -11.064  -10.706  -10.360   -9.699
   -9.598   -8.855   -8.483   -8.220   -7.554   -7.457   -6.609   -1.251   -0.200   -0.123
    0.166
            0.000000  0.000000  0.095000
  -22.650  -21.734  -20.338  -18.647  -15.752  -13.472  -11.065  -10.687  -10.419   -9.680
   -9.662   -8.861   -8.546   -8.201   -7.611   -7.477   -6.589   -1.256   -0.179   -0.103
    0.187
            0.000000  0.000000  0.100000
  -22.633  -21.717  -20.322  -18.631  -15.739  -13.462  -11.067  -10.667  -10.479   -9.728
   -9.660   -8.867   -8.610   -8.181   -7.670   -7.497   -6.569   -1.261   -0.158   -0.082
    0.209
            0.000000  0.000000  0.105000
  -22.615  -21.699  -20.304  -18.615  -15.725  -13.452  -11.071  -10.645  -10.540   -9.796
   -9.639   -8.874   -8.677   -8.160   -7.732   -7.519   -6.548   -1.266   -0.136   -0.061
    0.231
            0.000000  0.000000  0.110000
  -22.596  -21.681  -20.286  -18.598  -15.710  -13.441  -11.078  -10.623  -10.600   -9.866
   -9.617   -8.881   -8.745   -8.139   -7.794   -7.542   -6.525   -1.273   -0.113   -0.038
    0.255
            0.000000  0.000000  0.115000
  -22.576  -21.661  -20.267  -18.580  -15.695  -13.430  -11.088  -10.660  -10.600   -9.938
   -9.594   -8.891   -8.814   -8.116   -7.858   -7.566   -6.502   -1.280   -0.088   -0.014
    0.280
            0.000000  0.000000  0.120000
  -22.556  -21.641  -20.247  -18.561  -15.679  -13.419  -11.103  -10.716  -10.575  -10.011
   -9.570   -8.901   -8.885   -8.092   -7.923   -7.591   -6.478   -1.287   -0.063    0.011
    0.306
            0.000000  0.000000  0.125000
  -22.534  -21.620  -20.227  -18.541  -15.663  -13.407  -11.126  -10.768  -10.550  -10.086
   -9.545   -8.958   -8.913   -8.067   -7.989   -7.618   -6.452   -1.296   -0.036    0.037
    0.333
            0.000000  0.000000  0.130000
  -22.512  -21.598  -20.205  -18.521  -15.646  -13.395  -11.158  -10.812  -10.523  -10.163
   -9.519   -9.031   -8.926   -8.055   -8.042   -7.646   -6.426   -1.305   -0.009    0.064
    0.361
            0.000000  0.000000  0.135000
  -22.489  -21.575  -20.183  -18.499  -15.628  -13.383  -11.200  -10.848  -10.496  -10.241
   -9.492   -9.105   -8.942   -8.121   -8.015   -7.675   -6.398   -1.315    0.020    0.092
    0.391
            0.000000  0.000000  0.140000
  -22.465  -21.551  -20.159  -18.477  -15.611  -13.371  -11.253  -10.876  -10.467  -10.320
   -9.464   -9.179   -8.960   -8.187   -7.987   -7.706   -6.370   -1.326    0.049    0.121
    0.421
            0.000000  0.000000  0.145000
  -22.440  -21.527  -20.135  -18.455  -15.592  -13.359  -11.314  -10.897  -10.438  -10.401
   -9.434   -9.254   -8.981   -8.252   -7.958   -7.738   -6.340   -1.338    0.079    0.151
    0.453
            0.000000  0.000000  0.150000
  -22.414  -21.501  -20.111  -18.431  -15.573  -13.347  -11.382  -10.914  -10.482  -10.407
   -9.404   -9.329   -9.005   -8.315   -7.929   -7.771   -6.310   -1.350    0.111    0.181
    0.486
            0.000000  0.000000  0.155000
  -22.387  -21.475  -20.085  -18.407  -15.554  -13.335  -11.456  -10.928  -10.564  -10.376
   -9.403   -9.373   -9.033   -8.375   -7.898   -7.805   -6.278   -1.364    0.143    0.213
    0.496
            0.000000  0.000000  0.160000
  -22.360  -21.448  -20.058  -18.381  -15.535  -13.323  -11.533  -10.941  -10.646  -10.343
   -9.477   -9.341   -9.066   -8.433   -7.867   -7.840   -6.246   -1.379    0.177    0.246
    0.498
            0.000000  0.000000  0.165000
  -22.332  -21.420  -20.031  -18.355  -15.515  -13.311  -11.613  -10.954  -10.729  -10.310
   -9.550   -9.309   -9.104   -8.487   -7.876   -7.834   -6.212   -1.395    0.211    0.279
    0.497
            0.000000  0.000000  0.170000
  -22.302  -21.391  -20.003  -18.329  -15.495  -13.300  -11.696  -10.967  -10.812  -10.275
   -9.622   -9.275   -9.148   -8.536   -7.914   -7.801   -6.178   -1.413    0.246    0.314
    0.493
            0.000000  0.000000  0.175000
  -22.272  -21.361  -19.974  -18.301  -15.474  -13.289  -11.780  -10.983  -10.895  -10.240
   -9.691   -9.240   -9.198   -8.581   -7.953   -7.767   -6.143   -1.431    0.282    0.349
    0.487
            0.000000  0.000000  0.180000
  -22.241  -21.330  -19.944  -18.273  -15.453  -13.279  -11.865  -11.000  -10.977  -10.203
   -9.758   -9.254   -9.204   -8.622   -7.993   -7.731   -6.106   -1.451    0.319    0.385
    0.478
            0.000000  0.000000  0.185000
  -22.210  -21.299  -19.913  -18.244  -15.433  -13.270  -11.952  -11.059  -11.021  -10.166
   -9.822   -9.316   -9.167   -8.658   -8.034   -7.695   -6.069   -1.472    0.357    0.422
    0.466
            0.000000  0.000000  0.190000
  -22.177  -21.267  -19.882  -18.214  -15.412  -13.262  -12.039  -11.141  -11.045  -10.127
   -9.882   -9.382   -9.129   -8.690   -8.076   -7.658   -6.030   -1.495    0.396    0.452
    0.460
            0.000000  0.000000  0.195000
  -22.143  -21.233  -19.850  -18.183  -15.391  -13.255  -12.126  -11.221  -11.074  -10.088
   -9.938   -9.453   -9.091   -8.719   -8.119   -7.620   -5.991   -1.518    0.434    0.436
    0.499
            0.000000  0.000000  0.200000
  -22.109  -21.200  -19.817  -18.151  -15.370  -13.250  -12.214  -11.299  -11.108  -10.047
   -9.989   -9.528   -9.051   -8.746   -8.163   -7.581   -5.951   -1.544    0.414    0.477
    0.538
            0.000000  0.000000  0.205000
  -22.074  -21.165  -19.783  -18.119  -15.350  -13.247  -12.301  -11.376  -11.147  -10.034
  -10.006   -9.606   -9.011   -8.770   -8.209   -7.542   -5.910   -1.571    0.390    0.518
    0.579
            0.000000  0.000000  0.210000
  -22.038  -21.129  -19.748  -18.086  -15.330  -13.246  -12.388  -11.450  -11.191  -10.075
   -9.963   -9.687   -8.969   -8.793   -8.255   -7.501   -5.868   -1.599    0.364    0.560
    0.620
            0.000000  0.000000  0.215000
  -22.001  -21.093  -19.712  -18.052  -15.310  -13.248  -12.475  -11.522  -11.241  -10.110
   -9.920   -9.770   -8.927   -8.814   -8.302   -7.460   -5.825   -1.629    0.335    0.604
    0.661
            0.000000  0.000000  0.220000
  -21.963  -21.055  -19.676  -18.018  -15.291  -13.254  -12.561  -11.590  -11.297  -10.139
   -9.876   -9.855   -8.883   -8.834   -8.351   -7.417   -5.781   -1.661    0.304    0.648
    0.704
            0.000000  0.000000  0.225000
  -21.924  -21.017  -19.639  -17.982  -15.273  -13.262  -12.646  -11.655  -11.358  -10.164
   -9.942   -9.831   -8.854   -8.839   -8.400   -7.374   -5.736   -1.694    0.269    0.692
    0.747
            0.000000  0.000000  0.230000
  -21.885  -20.978  -19.601  -17.946  -15.256  -13.276  -12.730  -11.715  -11.424  -10.184
  -10.029   -9.784   -8.873   -8.794   -8.450   -7.330   -5.690   -1.729    0.232    0.738
    0.791
            0.000000  0.000000  0.235000
  -21.845  -20.938  -19.562  -17.909  -15.240  -13.294  -12.812  -11.770  -11.494  -10.199
  -10.118   -9.737   -8.892   -8.748   -8.502   -7.286   -5.643   -1.765    0.192    0.785
    0.836
            0.000000  0.000000  0.240000
  -21.803  -20.898  -19.523  -17.872  -15.226  -13.317  -12.893  -11.820  -11.568  -10.210
  -10.208   -9.689   -8.911   -8.701   -8.554   -7.240   -5.596   -1.803    0.150    0.832
    0.881
            0.000000  0.000000  0.245000
  -21.761  -20.856  -19.483  -17.833  -15.213  -13.345  -12.971  -11.864  -11.645  -10.299
  -10.218   -9.640   -8.930   -8.654   -8.607   -7.194   -5.548   -1.843    0.105    0.880
    0.927
            0.000000  0.000000  0.250000
  -21.719  -20.814  -19.441  -17.794  -15.203  -13.380  -13.047  -11.902  -11.725  -10.390
  -10.224   -9.590   -8.949   -8.661   -8.605   -7.147   -5.498   -1.884    0.058    0.929
    0.973
            0.000000  0.000000  0.255000
  -21.675  -20.771  -19.400  -17.754  -15.195  -13.420  -13.119  -11.934  -11.808  -10.481
  -10.226   -9.539   -8.968   -8.715   -8.556   -7.099   -5.448   -1.927    0.009    0.978
    1.020
            0.000000  0.000000  0.260000
  -21.630  -20.727  -19.357  -17.713  -15.191  -13.466  -13.188  -11.959  -11.892  -10.573
  -10.227   -9.487   -8.987   -8.771   -8.506   -7.051   -5.398   -1.972   -0.043    1.029
    1.068
            0.000000  0.000000  0.265000
  -21.585  -20.682  -19.313  -17.672  -15.190  -13.518  -13.253  -11.979  -11.979  -10.665
  -10.225   -9.435   -9.007   -8.827   -8.455   -7.002   -5.346   -2.018   -0.097    1.080
    1.116
            0.000000  0.000000  0.270000
  -21.539  -20.637  -19.269  -17.630  -15.192  -13.575  -13.314  -12.067  -11.993  -10.758
  -10.222   -9.381   -9.027   -8.884   -8.403   -6.952   -5.294   -2.066   -0.152    1.131
    1.164
            0.000000  0.000000  0.275000
  -21.492  -20.590  -19.224  -17.587  -15.200  -13.637  -13.369  -12.156  -12.002  -10.850
  -10.218   -9.327   -9.048   -8.942   -8.350   -6.902   -5.241   -2.115   -0.210    1.184
    1.213
            0.000000  0.000000  0.280000
  -21.444  -20.543  -19.179  -17.543  -15.212  -13.704  -13.420  -12.246  -12.006  -10.942
  -10.212   -9.271   -9.069   -9.000   -8.297   -6.851   -5.187   -2.166   -0.269    1.237
    1.262
            0.000000  0.000000  0.285000
  -21.395  -20.495  -19.132  -17.498  -15.229  -13.774  -13.464  -12.336  -12.006  -11.034
  -10.206   -9.215   -9.090   -9.060   -8.243   -6.800   -5.132   -2.218   -0.330    1.291
    1.312
            0.000000  0.000000  0.290000
  -21.346  -20.446  -19.085  -17.453  -15.252  -13.848  -13.503  -12.427  -12.002  -11.125
  -10.198   -9.158   -9.119   -9.112   -8.188   -6.748   -5.077   -2.272   -0.392    1.346
    1.362
            0.000000  0.000000  0.295000
  -21.296  -20.397  -19.037  -17.407  -15.280  -13.925  -13.535  -12.518  -11.996  -11.215
  -10.190   -9.180   -9.134   -9.100   -8.133   -6.696   -5.021   -2.326   -0.456    1.378
    1.401
            0.000000  0.000000  0.300000
  -21.245  -20.346  -18.988  -17.361  -15.315  -14.005  -13.561  -12.609  -11.987  -11.305
  -10.181   -9.241   -9.157   -9.041   -8.076   -6.643   -4.965   -2.383   -0.521    1.295
    1.457
            0.000000  0.000000  0.305000
  -21.193  -20.295  -18.939  -17.313  -15.355  -14.086  -13.581  -12.700  -11.978  -11.392
  -10.172   -9.302   -9.181   -8.982   -8.019   -6.591   -4.908   -2.440   -0.587    1.211
    1.514
            0.000000  0.000000  0.310000
  -21.140  -20.243  -18.889  -17.265  -15.401  -14.170  -13.596  -12.789  -11.969  -11.476
  -10.162   -9.365   -9.205   -8.921   -7.962   -6.537   -4.851   -2.499   -0.654    1.124
    1.565
            0.000000  0.000000  0.315000
  -21.086  -20.190  -18.838  -17.217  -15.451  -14.255  -13.606  -12.878  -11.963  -11.555
  -10.152   -9.427   -9.229   -8.860   -7.904   -6.484   -4.793   -2.558   -0.721    1.036
    1.617
            0.000000  0.000000  0.320000
  -21.032  -20.137  -18.787  -17.167  -15.507  -14.341  -13.613  -12.965  -11.965  -11.624
  -10.142   -9.490   -9.255   -8.798   -7.845   -6.430   -4.735   -2.618   -0.790    0.948
    1.668
            0.000000  0.000000  0.325000
  -20.977  -20.083  -18.735  -17.117  -15.567  -14.428  -13.617  -13.048  -11.981  -11.676
  -10.131   -9.554   -9.280   -8.735   -7.786   -6.377   -4.676   -2.679   -0.858    0.858
    1.720
            0.000000  0.000000  0.330000
  -20.921  -20.028  -18.683  -17.067  -15.631  -14.516  -13.621  -13.127  -12.018  -11.706
  -10.121   -9.618   -9.307   -8.671   -7.726   -6.323   -4.618   -2.741   -0.927    0.767
    1.772
            0.000000  0.000000  0.335000
  -20.864  -19.972  -18.629  -17.016  -15.698  -14.605  -13.629  -13.197  -12.076  -11.713
  -10.110   -9.682   -9.334   -8.607   -7.665   -6.270   -4.559   -2.803   -0.997    0.676
    1.825
            0.000000  0.000000  0.340000
  -20.807  -19.915  -18.576  -16.964  -15.768  -14.694  -13.646  -13.254  -12.147  -11.705
  -10.099   -9.747   -9.361   -8.542   -7.605   -6.217   -4.500   -2.866   -1.066    0.585
    1.877
            0.000000  0.000000  0.345000
  -20.748  -19.858  -18.522  -16.912  -15.840  -14.783  -13.677  -13.293  -12.226  -11.688
  -10.089   -9.811   -9.390   -8.476   -7.543   -6.165   -4.442   -2.929   -1.134    0.493
    1.854
            0.000000  0.000000  0.350000
  -20.689  -19.800  -18.467  -16.859  -15.915  -14.872  -13.725  -13.312  -12.310  -11.665
  -10.078   -9.876   -9.418   -8.409   -7.482   -6.113   -4.383   -2.992   -1.202    0.401
    1.749
            0.000000  0.000000  0.355000
  -20.629  -19.742  -18.412  -16.806  -15.991  -14.962  -13.787  -13.313  -12.395  -11.639
  -10.069   -9.940   -9.448   -8.342   -7.420   -6.061   -4.325   -3.054   -1.270    0.309
    1.643
            0.000000  0.000000  0.360000
  -20.569  -19.682  -18.357  -16.752  -16.068  -15.050  -13.860  -13.300  -12.482  -11.610
  -10.065  -10.000   -9.478   -8.274   -7.358   -6.011   -4.268   -3.117   -1.336    0.217
    1.538
            0.000000  0.000000  0.365000
  -20.507  -19.622  -18.301  -16.698  -16.146  -15.139  -13.939  -13.279  -12.570  -11.579
  -10.090  -10.030   -9.508   -8.205   -7.295   -5.963   -4.211   -3.178   -1.400    0.125
    1.433
            0.000000  0.000000  0.370000
  -20.445  -19.561  -18.246  -16.645  -16.225  -15.226  -14.023  -13.251  -12.658  -11.547
  -10.149  -10.027   -9.539   -8.136   -7.233   -5.915   -4.155   -3.239   -1.463    0.034
    1.327
            0.000000  0.000000  0.375000
  -20.382  -19.500  -18.190  -16.591  -16.304  -15.313  -14.108  -13.218  -12.746  -11.514
  -10.214  -10.019   -9.571   -8.066   -7.170   -5.870   -4.101   -3.298   -1.524   -0.057
    1.222
            0.000000  0.000000  0.380000
  -20.319  -19.438  -18.135  -16.538  -16.383  -15.398  -14.195  -13.182  -12.834  -11.479
  -10.280  -10.009   -9.603   -7.996   -7.107   -5.826   -4.049   -3.356   -1.582   -0.147
    1.118
            0.000000  0.000000  0.385000
  -20.254  -19.375  -18.080  -16.486  -16.461  -15.481  -14.283  -13.142  -12.922  -11.444
  -10.347  -10.000   -9.636   -7.925   -7.045   -5.785   -3.998   -3.411   -1.636   -0.237
    1.013
            0.000000  0.000000  0.390000
  -20.189  -19.312  -18.026  -16.538  -16.436  -15.560  -14.371  -13.100  -13.009  -11.407
  -10.413   -9.990   -9.669   -7.853   -6.982   -5.748   -3.950   -3.465   -1.688   -0.326
    0.909
            0.000000  0.000000  0.395000
  -20.123  -19.248  -17.974  -16.614  -16.389  -15.636  -14.459  -13.097  -13.056  -11.370
  -10.481   -9.981   -9.703   -7.781   -6.920   -5.713   -3.905   -3.515   -1.735   -0.414
    0.806
            0.000000  0.000000  0.400000
  -20.057  -19.184  -17.923  -16.687  -16.348  -15.705  -14.548  -13.184  -13.010  -11.333
  -10.548   -9.972   -9.738   -7.708   -6.858   -5.683   -3.863   -3.563   -1.777   -0.500
    0.703
            0.000000  0.000000  0.405000
  -19.989  -19.119  -17.876  -16.756  -16.317  -15.763  -14.636  -13.270  -12.963  -11.295
  -10.615   -9.963   -9.772   -7.635   -6.797   -5.657   -3.824   -3.606   -1.813   -0.586
    0.600
            0.000000  0.000000  0.410000
  -19.921  -19.054  -17.833  -16.820  -16.300  -15.804  -14.723  -13.356  -12.914  -11.257
  -10.682   -9.955   -9.808   -7.562   -6.737   -5.636   -3.791   -3.645   -1.844   -0.669
    0.498
            0.000000  0.000000  0.415000
  -19.853  -18.988  -17.796  -16.878  -16.304  -15.824  -14.811  -13.442  -12.863  -11.218
  -10.750   -9.946   -9.843   -7.488   -6.677   -5.620   -3.762   -3.680   -1.868   -0.752
    0.397
            0.000000  0.000000  0.420000
  -19.783  -18.922  -17.768  -16.926  -16.331  -15.819  -14.898  -13.527  -12.812  -11.179
  -10.817   -9.939   -9.880   -7.414   -6.618   -5.611   -3.738   -3.710   -1.885   -0.832
    0.296
            0.000000  0.000000  0.425000
  -19.713  -18.856  -17.751  -16.963  -16.376  -15.794  -14.984  -13.612  -12.759  -11.139
  -10.884   -9.931   -9.916   -7.339   -6.561   -5.608   -3.734   -3.719   -1.894   -0.910
    0.196
            0.000000  0.000000  0.430000
  -19.643  -18.789  -17.748  -16.984  -16.434  -15.755  -15.070  -13.696  -12.705  -11.099
  -10.952   -9.953   -9.924   -7.264   -6.505   -5.611   -3.753   -3.706   -1.895   -0.986
    0.097
            0.000000  0.000000  0.435000
  -19.571  -18.723  -17.760  -16.990  -16.500  -15.707  -15.155  -13.779  -12.651  -11.059
  -11.019   -9.990   -9.918   -7.189   -6.451   -5.622   -3.767   -3.698   -1.888   -1.059
   -0.001
            0.000000  0.000000  0.440000
  -19.500  -18.657  -17.788  -16.980  -16.569  -15.652  -15.239  -13.862  -12.595  -11.086
  -11.019  -10.028   -9.912   -7.114   -6.398   -5.638   -3.775   -3.695   -1.873   -1.130
   -0.098
            0.000000  0.000000  0.445000
  -19.427  -18.591  -17.829  -16.956  -16.641  -15.594  -15.323  -13.944  -12.539  -11.152
  -10.979  -10.066   -9.906   -7.039   -6.348   -5.662   -3.779   -3.697   -1.850   -1.197
   -0.195
            0.000000  0.000000  0.450000
  -19.354  -18.525  -17.880  -16.921  -16.713  -15.532  -15.405  -14.025  -12.482  -11.219
  -10.939  -10.104   -9.901   -6.964   -6.300   -5.692   -3.779   -3.703   -1.820   -1.260
   -0.289
            0.000000  0.000000  0.455000
  -19.280  -18.461  -17.939  -16.877  -16.784  -15.486  -15.469  -14.106  -12.424  -11.285
  -10.899  -10.142   -9.896   -6.889   -6.256   -5.727   -3.775   -3.712   -1.783   -1.319
   -0.383
            0.000000  0.000000  0.460000
  -19.206  -18.397  -18.003  -16.855  -16.828  -15.565  -15.404  -14.186  -12.365  -11.352
  -10.858  -10.181   -9.892   -6.814   -6.214   -5.768   -3.769   -3.723   -1.740   -1.374
   -0.475
            0.000000  0.000000  0.465000
  -19.132  -18.336  -18.071  -16.922  -16.775  -15.643  -15.338  -14.265  -12.306  -11.418
  -10.819  -10.219   -9.888   -6.739   -6.176   -5.814   -3.760   -3.735   -1.692   -1.424
   -0.565
            0.000000  0.000000  0.470000
  -19.056  -18.277  -18.143  -16.987  -16.719  -15.719  -15.271  -14.343  -12.246  -11.483
  -10.779  -10.257   -9.884   -6.665   -6.143   -5.865   -3.751   -3.748   -1.640   -1.469
   -0.653
            0.000000  0.000000  0.475000
  -18.981  -18.223  -18.216  -17.047  -16.662  -15.791  -15.203  -14.419  -12.185  -11.548
  -10.740  -10.295   -9.882   -6.591   -6.113   -5.919   -3.760   -3.741   -1.584   -1.508
   -0.738
            0.000000  0.000000  0.480000
  -18.905  -18.291  -18.173  -17.101  -16.605  -15.860  -15.136  -14.494  -12.124  -11.613
  -10.702  -10.331   -9.879   -6.518   -6.088   -5.976   -3.772   -3.732   -1.540   -1.526
   -0.820
            0.000000  0.000000  0.485000
  -18.829  -18.366  -18.131  -17.146  -16.553  -15.922  -15.070  -14.565  -12.063  -11.677
  -10.667  -10.366   -9.877   -6.446   -6.069   -6.037   -3.781   -3.724   -1.566   -1.467
   -0.896
            0.000000  0.000000  0.490000
  -18.753  -18.441  -18.098  -17.182  -16.507  -15.974  -15.008  -14.631  -12.002  -11.741
  -10.635  -10.398   -9.876   -6.375   -6.100   -6.055   -3.788   -3.718   -1.585   -1.413
   -0.963
            0.000000  0.000000  0.495000
  -18.679  -18.516  -18.077  -17.204  -16.474  -16.010  -14.957  -14.684  -11.943  -11.801
  -10.611  -10.421   -9.875   -6.306   -6.164   -6.046   -3.793   -3.714   -1.596   -1.370
   -1.014
            0.000000  0.000000  0.500000
  -18.624  -18.570  -18.070  -17.212  -16.462  -16.024  -14.935  -14.707  -11.903  -11.841
  -10.601  -10.431   -9.875   -6.256   -6.213   -6.043   -3.794   -3.713   -1.600   -1.353
   -1.033
