    0.000000000    0.145054357    0.145049784
    0.094486306    0.145407488    0.145417106
    0.188972612    0.145810198    0.145794556
    0.283458919    0.146137548    0.146152658
    0.377945225    0.146535064    0.146526463
    0.472431531    0.146891819    0.146891163
    0.566917837    0.147249728    0.147258521
    0.661404143    0.147640854    0.147627951
    0.755890450    0.147981035    0.147992939
    0.850376756    0.148369212    0.148362488
    0.944863062    0.148729277    0.148728956
    1.039349368    0.149089856    0.149096339
    1.133835674    0.149474426    0.149464778
    1.228321981    0.149822015    0.149830994
    1.322808287    0.150204699    0.150199575
    1.417294593    0.150566733    0.150566517
    1.511780899    0.150928968    0.150933918
    1.606267205    0.151309440    0.151302004
    1.700753511    0.151661720    0.151668691
    1.795239818    0.152040884    0.152036876
    1.889726124    0.152404186    0.152404020
    1.984212430    0.152767527    0.152771434
    2.078698736    0.153145253    0.153139344
    2.173185042    0.153500705    0.153506271
    2.267671349    0.153877470    0.153874250
    2.362157655    0.154241635    0.154241499
    2.456643961    0.154605760    0.154608924
    2.551130267    0.154981545    0.154976731
    2.645616573    0.155339248    0.155343797
    2.740102880    0.155714302    0.155711653
    2.834589186    0.156079080    0.156078964
    2.929075492    0.156443785    0.156446396
    3.023561798    0.156818141    0.156814134
    3.118048104    0.157177505    0.157181288
    3.212534411    0.157551294    0.157549062
    3.307020717    0.157916517    0.157916410
    3.401507023    0.158281670    0.158283846
    3.495993329    0.158654936    0.158651532
    3.590479635    0.159015564    0.159018745
    3.684965942    0.159388390    0.159386457
    3.779452248    0.159753943    0.159753825
    3.873938554    0.160119453    0.160121259
    3.968424860    0.160491860    0.160488902
    4.062911166    0.160853475    0.160856148
    4.157397473    0.161225547    0.161223808
    4.251883779    0.161591338    0.161591178
    4.346370085    0.161957135    0.161958600
    4.440856391    0.162328840    0.162326193
    4.535342697    0.162691232    0.162693448
    4.629829003    0.163062698    0.163061046
    4.724315310    0.163428663    0.163428392
    4.818801616    0.163794701    0.163795775
    4.913287922    0.164165816    0.164163294
    5.007774228    0.164528835    0.164530511
    5.102260534    0.164899797    0.164898012
    5.196746841    0.165265867    0.165265277
    5.291233147    0.165632098    0.165632557
    5.385719453    0.166002680    0.165999931
    5.480205759    0.166366187    0.166367017
    5.574692065    0.166736697    0.166734317
    5.669178372    0.167102787    0.167101371
    5.763664678    0.167469141    0.167468396
    5.858150984    0.167839189    0.167835444
    5.952637290    0.168203025    0.168202177
    6.047123596    0.168573062    0.168569021
    6.141609903    0.168939024    0.168935551
    6.236096209    0.169305363    0.169301951
    6.330582515    0.169674765    0.169668231
    6.425068821    0.170038683    0.170034078
    6.519555127    0.170408082    0.170399836
    6.614041434    0.170773618    0.170765083
    6.708527740    0.171139624    0.171129956
    6.803014046    0.171508026    0.171494393
    6.897500352    0.171871523    0.171858066
    6.991986658    0.172239787    0.172221206
    7.086472964    0.172604214    0.172583338
    7.180959271    0.172969126    0.172944501
    7.275445577    0.173335621    0.173304491
    7.369931883    0.173697559    0.173662883
    7.464418189    0.174063408    0.174019707
    7.558904495    0.174425110    0.174374310
    7.653390802    0.174787058    0.174726505
    7.747877108    0.175149395    0.175075783
    7.842363414    0.175507068    0.175421432
    7.936849720    0.175867343    0.175763055
    8.031336026    0.176222462    0.176099549
    8.125822333    0.176576922    0.176430190
    8.220308639    0.176929646    0.176753772
    8.314794945    0.177276543    0.177068848
    8.409281251    0.177623531    0.177374062
    8.503767557    0.177962787    0.177667212
    8.598253864    0.178298822    0.177946298
    8.692740170    0.178628826    0.178208509
    8.787226476    0.178949364    0.178450605
    8.881712782    0.179264545    0.178669008
    8.976199088    0.179565755    0.178858901
    9.070685395    0.179857096    0.179015231
    9.165171701    0.180132979    0.179131443
    9.259658007    0.180389888    0.179199984
    9.354144313    0.180628987    0.179212055
    9.448630619    0.180839375    0.179156640
    9.543116926    0.181023489    0.179021413
    9.637603232    0.181170669    0.178790982
    9.732089538    0.181275386    0.178447482
    9.826575844    0.181333153    0.177969725
    9.921062150    0.181327453    0.177331934
   10.015548456    0.181255867    0.176504428
   10.110034763    0.181097683    0.175450881
   10.204521069    0.180840595    0.174128841
   10.299007375    0.180468038    0.172487748
   10.393493681    0.179950085    0.170466857
   10.487979987    0.179271353    0.167995357
   10.582466294    0.178389620    0.164987641
   10.676952600    0.177274169    0.161343446
   10.771438906    0.175881287    0.156943665
   10.865925212    0.174149451    0.151646421
   10.960411518    0.172030425    0.145286209
   11.054897825    0.169433589    0.137665003
   11.149384131    0.166281145    0.128552044
   11.243870437    0.162466057    0.117675743
   11.338356743    0.157852012    0.104714198
   11.432843049    0.152310107    0.089296644
   11.527329356    0.145638867    0.070990147
   11.621815662    0.137645577    0.049294278
   11.716301968    0.128075476    0.023657529
   11.810788274    0.116616941   -0.006491543
   11.905274580    0.102949257   -0.041864485
   11.999760887    0.086617902   -0.083591280
   12.094247193    0.067162932   -0.133065754
   12.188733499    0.043996660   -0.191315950
   12.283219805    0.016414431   -0.258605557
   12.377706111   -0.016327205   -0.334345785
   12.472192418   -0.055233901   -0.417167855
   12.566678724   -0.101331062   -0.505206695
   12.661165030   -0.155889919   -0.596368965
   12.755651336   -0.220474751   -0.688483334
   12.850137642   -0.296616714   -0.779370588
   12.944623948   -0.386245553   -0.866850712
   13.039110255   -0.491474261   -0.948812267
   13.133596561   -0.613898603   -1.023362769
   13.228082867   -0.754153213   -1.089095370
   13.322569173   -0.916611124   -1.145371380
   13.417055479   -1.114259292   -1.192391997
   13.511541786   -1.355319065   -1.231107106
   13.606028092   -1.628481912   -1.262815827
   13.700514398   -1.910096511   -1.288533493
   13.795000704   -2.173797639   -1.308833467
   13.889487010   -2.395453728   -1.324123753
   13.983973317   -2.559770454   -1.334759841
   14.078459623   -2.659749221   -1.341011951
   14.172945929   -2.693079390   -1.343041565
   14.267432235   -2.659652875   -1.340897202
   14.361918541   -2.559573737   -1.334528358
   14.456404848   -2.395169311   -1.323772304
   14.550891154   -2.173419992   -1.308356498
   14.645377460   -1.909635170   -1.287924360
   14.739863766   -1.627939374   -1.262066215
   14.834350072   -1.354689862   -1.230207164
   14.928836379   -1.113550485   -1.191331200
   15.023322685   -0.915807397   -1.144137540
   15.117808991   -0.753251005   -1.087675928
   15.212295297   -0.612884751   -1.021744237
   15.306781603   -0.490326073   -0.946980325
   15.401267910   -0.384952612   -0.864791028
   15.495754216   -0.295146485   -0.777067705
   15.590240522   -0.218807960   -0.685921854
   15.684726828   -0.153999491   -0.593532849
   15.779213134   -0.099182548   -0.502079221
   15.873699440   -0.052807886   -0.413732354
   15.968185747   -0.013584274   -0.330584441
   16.062672053    0.019497679   -0.254500600
   16.157158359    0.047449279   -0.186848990
   16.251644665    0.071019451   -0.128217810
   16.346130971    0.090895596   -0.078343658
   16.440617278    0.107684390   -0.036197666
   16.535103584    0.121828054   -0.000386526
   16.629589890    0.133785923    0.030219812
   16.724076196    0.143883633    0.056332870
   16.818562502    0.152414478    0.078523119
   16.913048809    0.159652569    0.097342252
   17.007535115    0.165772164    0.113289519
   17.102021421    0.170979765    0.126797333
   17.196507727    0.175409584    0.138235928
   17.290994033    0.179179141    0.147925765
   17.385480340    0.182415985    0.156138293
   17.479966646    0.185179081    0.163102803
   17.574452952    0.187564736    0.169016617
   17.668939258    0.189627223    0.174044627
   17.763425564    0.191408829    0.178327190
   17.857911871    0.192975276    0.181983347
   17.952398177    0.194337946    0.185111940
   18.046884483    0.195545473    0.187798005
   18.141370789    0.196620047    0.190111923
   18.235857095    0.197571650    0.192113062
   18.330343402    0.198440507    0.193852172
   18.424829708    0.199218776    0.195370470
   18.519316014    0.199934274    0.196703944
   18.613802320    0.200596973    0.197882101
   18.708288626    0.201202380    0.198929511
   18.802774932    0.201780496    0.199867838
   18.897261239    0.202315528    0.200713878
   18.991747545    0.202825926    0.201482895
   19.086233851    0.203317575    0.202187267
   19.180720157    0.203778915    0.202836912
   19.275206463    0.204236445    0.203441352
   19.369692770    0.204670791    0.204007164
   19.464179076    0.205096078    0.204540927
   19.558665382    0.205517369    0.205047924
   19.653151688    0.205918934    0.205531898
   19.747637994    0.206326903    0.205997362
   19.842124301    0.206719807    0.206446602
   19.936610607    0.207109837    0.206882551
   20.031096913    0.207502641    0.207307584
   20.125583219    0.207879296    0.207722780
   20.220069525    0.208267280    0.208130628
   20.314555832    0.208643222    0.208531583
   20.409042138    0.209018596    0.208927041
   20.503528444    0.209400277    0.209318228
   20.598014750    0.209766211    0.209705005
   20.692501056    0.210146493    0.210089123
   20.786987363    0.210515444    0.210470202
   20.881473669    0.210884577    0.210848989
   20.975959975    0.211262406    0.211226317
   21.070446281    0.211623231    0.211601399
   21.164932587    0.212001018    0.211975825
   21.259418893    0.212366951    0.212348774
   21.353905200    0.212733193    0.212720721
   21.448391506    0.213110323    0.213092455
   21.542877812    0.213468022    0.213462710
   21.637364118    0.213845686    0.213833238
   21.731850424    0.214210102    0.214202881
   21.826336731    0.214574709    0.214572002
   21.920823037    0.214952738    0.214941557
   22.015309343    0.215307672    0.215309755
   22.109795649    0.215686553    0.215678779
   22.204281955    0.216049890    0.216047082
   22.298768262    0.216413191    0.216414980
   22.393254568    0.216793267    0.216783812
   22.487740874    0.217144897    0.217151001
   22.582227180    0.217526149    0.217519549
   22.676713486    0.217888327    0.217887305
   22.771199793    0.218250159    0.218254551
   22.865686099    0.218633585    0.218623405
   22.960172405    0.218980537    0.218989814
   23.054658711    0.219365658    0.219358452
   23.149145017    0.219726218    0.219725978
   23.243631324    0.220085985    0.220092567
   23.338117630    0.220474804    0.220462237
   23.432603936    0.220814419    0.220827295
   23.527090242    0.221205931    0.221196814
   23.621576548    0.221563887    0.221564231
   23.716062855    0.221920296    0.221928978
   23.810549161    0.222318379    0.222302842
   23.905035467    0.222645254    0.222660966
   23.999521773    0.223048219    0.223038459
   24.094008079    0.223401464    0.223405808
   24.188494385    0.223751566    0.223580943
   24.282980692    0.224167671    0.223528157
   24.377466998    0.224469007    0.223292668
   24.471953304    0.224895788    0.222839396
   24.566439610    0.225238983    0.222186416
   24.660925916    0.225574370    0.221333670
   24.755412223    0.226034479    0.220266696
   24.849898529    0.226269546    0.219007702
   24.944384835    0.226762761    0.217535125
   25.038871141    0.227076478    0.215861792
   25.133357447    0.227357033    0.213989619
   25.227843754    0.228002976    0.211899363
   25.322330060    0.227895133    0.209625933
   25.416816366    0.228847157    0.207125700
   25.511302672    0.228913963    0.204431950
   25.605788978    0.223317530    0.201728950
   25.700275285    0.216613794    0.199045370
   25.794761591    0.211333417    0.196344894
   25.889247897    0.204929092    0.193655523
   25.983734203    0.199123299    0.190961446
   26.078220509    0.193291074    0.188266412
   26.172706816    0.187009817    0.185576468
   26.267193122    0.181445989    0.182879273
   26.361679428    0.175164512    0.180189324
   26.456165734    0.169332630    0.177494296
   26.550652040    0.163526524    0.174800214
   26.645138347    0.157122340    0.172110843
   26.739624653    0.151842058    0.169410369
   26.834110959    0.145138028    0.166726781
   26.928597265    0.139541958    0.164023787
   27.023083571    0.139608490    0.161330030
   27.117569877    0.140560569    0.158829794
   27.212056184    0.140452917    0.156556366
   27.306542490    0.141098495    0.154466097
   27.401028796    0.141379427    0.152593927
   27.495515102    0.141692917    0.150920586
   27.590001408    0.142186095    0.149447998
   27.684487715    0.142421449    0.148189005
   27.778974021    0.142881126    0.147122012
   27.873460327    0.143216894    0.146269263
   27.967946633    0.143559916    0.145616270
   28.062432939    0.143986559    0.145162976
   28.156919246    0.144288281    0.144927482
   28.251405552    0.144703888    0.144874664
