#  E (eV)   dos(E)     Int dos(E) EFermi =   -1.509 eV
 -24.000  0.1312E-84  0.2623E-86
 -23.980  0.1312E-84  0.5247E-86
 -23.960  0.1312E-84  0.7870E-86
 -23.940  0.1312E-84  0.1049E-85
 -23.920  0.1312E-84  0.1312E-85
 -23.900  0.1312E-84  0.1574E-85
 -23.880  0.1312E-84  0.1836E-85
 -23.860  0.1312E-84  0.2099E-85
 -23.840  0.1312E-84  0.2361E-85
 -23.820  0.1312E-84  0.2623E-85
 -23.800  0.1312E-84  0.2886E-85
 -23.780  0.1312E-84  0.3148E-85
 -23.760  0.1312E-84  0.3410E-85
 -23.740  0.1312E-84  0.3673E-85
 -23.720  0.1312E-84  0.3935E-85
 -23.700  0.1312E-84  0.4197E-85
 -23.680  0.1312E-84  0.4460E-85
 -23.660  0.1312E-84  0.4722E-85
 -23.640  0.1312E-84  0.4984E-85
 -23.620  0.1312E-84  0.5247E-85
 -23.600  0.1312E-84  0.5509E-85
 -23.580  0.1312E-84  0.5771E-85
 -23.560  0.1312E-84  0.6034E-85
 -23.540  0.1312E-84  0.6296E-85
 -23.520  0.1312E-84  0.6558E-85
 -23.500  0.1312E-84  0.6821E-85
 -23.480  0.1312E-84  0.7083E-85
 -23.460  0.1312E-84  0.7345E-85
 -23.440  0.1312E-84  0.7608E-85
 -23.420  0.1312E-84  0.7870E-85
 -23.400  0.1312E-84  0.8132E-85
 -23.380  0.1312E-84  0.8395E-85
 -23.360  0.1312E-84  0.8657E-85
 -23.340  0.1312E-84  0.8919E-85
 -23.320  0.1312E-84  0.9182E-85
 -23.300  0.1312E-84  0.9444E-85
 -23.280  0.1312E-84  0.9706E-85
 -23.260  0.1312E-84  0.9969E-85
 -23.240  0.1312E-84  0.1023E-84
 -23.220  0.1312E-84  0.1049E-84
 -23.200  0.1312E-84  0.1076E-84
 -23.180  0.1312E-84  0.1102E-84
 -23.160  0.1312E-84  0.1128E-84
 -23.140  0.1312E-84  0.1154E-84
 -23.120  0.1312E-84  0.1181E-84
 -23.100  0.1312E-84  0.1207E-84
 -23.080  0.1312E-84  0.1233E-84
 -23.060  0.1312E-84  0.1259E-84
 -23.040  0.1312E-84  0.1285E-84
 -23.020  0.1312E-84  0.1312E-84
 -23.000  0.1312E-84  0.1338E-84
 -22.980  0.1312E-84  0.1364E-84
 -22.960  0.1312E-84  0.1390E-84
 -22.940  0.1312E-84  0.1417E-84
 -22.920  0.1312E-84  0.1443E-84
 -22.900  0.1312E-84  0.1469E-84
 -22.880  0.1312E-84  0.1495E-84
 -22.860  0.1312E-84  0.1522E-84
 -22.840  0.1312E-84  0.1548E-84
 -22.820  0.1312E-84  0.1574E-84
 -22.800  0.1312E-84  0.1600E-84
 -22.780  0.1312E-84  0.1626E-84
 -22.760  0.1312E-84  0.1653E-84
 -22.740  0.1312E-84  0.1679E-84
 -22.720  0.1312E-84  0.1705E-84
 -22.700  0.1312E-84  0.1731E-84
 -22.680  0.1312E-84  0.1758E-84
 -22.660  0.1312E-84  0.1784E-84
 -22.640  0.1312E-84  0.1810E-84
 -22.620  0.1312E-84  0.1836E-84
 -22.600  0.1312E-84  0.1863E-84
 -22.580  0.1312E-84  0.1889E-84
 -22.560  0.1312E-84  0.1915E-84
 -22.540  0.1312E-84  0.1941E-84
 -22.520  0.1312E-84  0.1968E-84
 -22.500  0.1312E-84  0.1994E-84
 -22.480  0.1312E-84  0.2020E-84
 -22.460  0.1312E-84  0.2046E-84
 -22.440  0.1312E-84  0.2072E-84
 -22.420  0.1312E-84  0.2099E-84
 -22.400  0.1312E-84  0.2125E-84
 -22.380  0.1312E-84  0.2151E-84
 -22.360  0.1316E-84  0.2177E-84
 -22.340  0.2819E-84  0.2234E-84
 -22.320  0.4820E-82  0.1187E-83
 -22.300  0.1402E-79  0.2817E-81
 -22.280  0.3748E-77  0.7523E-79
 -22.260  0.9171E-75  0.1842E-76
 -22.240  0.2055E-72  0.4129E-74
 -22.220  0.4219E-70  0.8479E-72
 -22.200  0.7930E-68  0.1594E-69
 -22.180  0.1365E-65  0.2746E-67
 -22.160  0.2152E-63  0.4332E-65
 -22.140  0.3108E-61  0.6260E-63
 -22.120  0.4111E-59  0.8284E-61
 -22.100  0.4979E-57  0.1004E-58
 -22.080  0.5524E-55  0.1115E-56
 -22.060  0.5613E-53  0.1134E-54
 -22.040  0.5224E-51  0.1056E-52
 -22.020  0.4453E-49  0.9012E-51
 -22.000  0.3477E-47  0.7044E-49
 -21.980  0.2486E-45  0.5043E-47
 -21.960  0.1629E-43  0.3308E-45
 -21.940  0.9773E-42  0.1988E-43
 -21.920  0.5372E-40  0.1094E-41
 -21.900  0.2705E-38  0.5518E-40
 -21.880  0.1247E-36  0.2550E-38
 -21.860  0.5270E-35  0.1079E-36
 -21.840  0.2040E-33  0.4187E-35
 -21.820  0.7232E-32  0.1488E-33
 -21.800  0.2349E-30  0.4848E-32
 -21.780  0.6992E-29  0.1447E-30
 -21.760  0.1906E-27  0.3958E-29
 -21.740  0.4763E-26  0.9921E-28
 -21.720  0.1090E-24  0.2280E-26
 -21.700  0.2287E-23  0.4801E-25
 -21.680  0.4395E-22  0.9270E-24
 -21.660  0.7741E-21  0.1641E-22
 -21.640  0.1250E-19  0.2663E-21
 -21.620  0.1848E-18  0.3963E-20
 -21.600  0.2506E-17  0.5409E-19
 -21.580  0.3115E-16  0.6771E-18
 -21.560  0.3549E-15  0.7774E-17
 -21.540  0.3706E-14  0.8190E-16
 -21.520  0.3549E-13  0.7917E-15
 -21.500  0.3116E-12  0.7024E-14
 -21.480  0.2509E-11  0.5721E-13
 -21.460  0.1853E-10  0.4278E-12
 -21.440  0.1255E-09  0.2939E-11
 -21.420  0.7802E-09  0.1854E-10
 -21.400  0.4450E-08  0.1075E-09
 -21.380  0.2329E-07  0.5733E-09
 -21.360  0.1119E-06  0.2812E-08
 -21.340  0.4938E-06  0.1269E-07
 -21.320  0.2001E-05  0.5272E-07
 -21.300  0.7454E-05  0.2018E-06
 -21.280  0.2552E-04  0.7122E-06
 -21.260  0.8036E-04  0.2319E-05
 -21.240  0.2329E-03  0.6976E-05
 -21.220  0.6214E-03  0.1940E-04
 -21.200  0.1528E-02  0.4997E-04
 -21.180  0.3467E-02  0.1193E-03
 -21.160  0.7266E-02  0.2646E-03
 -21.140  0.1408E-01  0.5463E-03
 -21.120  0.2530E-01  0.1052E-02
 -21.100  0.4219E-01  0.1896E-02
 -21.080  0.6551E-01  0.3206E-02
 -21.060  0.9499E-01  0.5106E-02
 -21.040  0.1292E+00  0.7689E-02
 -21.020  0.1654E+00  0.1100E-01
 -21.000  0.2007E+00  0.1501E-01
 -20.980  0.2321E+00  0.1965E-01
 -20.960  0.2578E+00  0.2481E-01
 -20.940  0.2770E+00  0.3035E-01
 -20.920  0.2902E+00  0.3615E-01
 -20.900  0.2985E+00  0.4212E-01
 -20.880  0.3033E+00  0.4819E-01
 -20.860  0.3059E+00  0.5431E-01
 -20.840  0.3071E+00  0.6045E-01
 -20.820  0.3077E+00  0.6661E-01
 -20.800  0.3080E+00  0.7277E-01
 -20.780  0.3082E+00  0.7893E-01
 -20.760  0.3083E+00  0.8510E-01
 -20.740  0.3084E+00  0.9126E-01
 -20.720  0.3084E+00  0.9743E-01
 -20.700  0.3085E+00  0.1036E+00
 -20.680  0.3086E+00  0.1098E+00
 -20.660  0.3086E+00  0.1159E+00
 -20.640  0.3087E+00  0.1221E+00
 -20.620  0.3088E+00  0.1283E+00
 -20.600  0.3088E+00  0.1345E+00
 -20.580  0.3089E+00  0.1406E+00
 -20.560  0.3090E+00  0.1468E+00
 -20.540  0.3091E+00  0.1530E+00
 -20.520  0.3091E+00  0.1592E+00
 -20.500  0.3092E+00  0.1654E+00
 -20.480  0.3093E+00  0.1716E+00
 -20.460  0.3093E+00  0.1777E+00
 -20.440  0.3094E+00  0.1839E+00
 -20.420  0.3095E+00  0.1901E+00
 -20.400  0.3096E+00  0.1963E+00
 -20.380  0.3096E+00  0.2025E+00
 -20.360  0.3097E+00  0.2087E+00
 -20.340  0.3098E+00  0.2149E+00
 -20.320  0.3099E+00  0.2211E+00
 -20.300  0.3099E+00  0.2273E+00
 -20.280  0.3100E+00  0.2335E+00
 -20.260  0.3101E+00  0.2397E+00
 -20.240  0.3102E+00  0.2459E+00
 -20.220  0.3102E+00  0.2521E+00
 -20.200  0.3103E+00  0.2583E+00
 -20.180  0.3104E+00  0.2645E+00
 -20.160  0.3105E+00  0.2707E+00
 -20.140  0.3106E+00  0.2769E+00
 -20.120  0.3106E+00  0.2832E+00
 -20.100  0.3107E+00  0.2894E+00
 -20.080  0.3108E+00  0.2956E+00
 -20.060  0.3109E+00  0.3018E+00
 -20.040  0.3109E+00  0.3080E+00
 -20.020  0.3110E+00  0.3142E+00
 -20.000  0.3111E+00  0.3205E+00
 -19.980  0.3112E+00  0.3267E+00
 -19.960  0.3113E+00  0.3329E+00
 -19.940  0.3114E+00  0.3391E+00
 -19.920  0.3114E+00  0.3454E+00
 -19.900  0.3115E+00  0.3516E+00
 -19.880  0.3116E+00  0.3578E+00
 -19.860  0.3117E+00  0.3641E+00
 -19.840  0.3118E+00  0.3703E+00
 -19.820  0.3119E+00  0.3765E+00
 -19.800  0.3119E+00  0.3828E+00
 -19.780  0.3120E+00  0.3890E+00
 -19.760  0.3121E+00  0.3953E+00
 -19.740  0.3122E+00  0.4015E+00
 -19.720  0.3123E+00  0.4077E+00
 -19.700  0.3124E+00  0.4140E+00
 -19.680  0.3125E+00  0.4202E+00
 -19.660  0.3125E+00  0.4265E+00
 -19.640  0.3126E+00  0.4327E+00
 -19.620  0.3127E+00  0.4390E+00
 -19.600  0.3128E+00  0.4453E+00
 -19.580  0.3129E+00  0.4515E+00
 -19.560  0.3130E+00  0.4578E+00
 -19.540  0.3131E+00  0.4640E+00
 -19.520  0.3132E+00  0.4703E+00
 -19.500  0.3133E+00  0.4766E+00
 -19.480  0.3134E+00  0.4828E+00
 -19.460  0.3135E+00  0.4891E+00
 -19.440  0.3135E+00  0.4954E+00
 -19.420  0.3136E+00  0.5016E+00
 -19.400  0.3137E+00  0.5079E+00
 -19.380  0.3138E+00  0.5142E+00
 -19.360  0.3139E+00  0.5205E+00
 -19.340  0.3140E+00  0.5268E+00
 -19.320  0.3141E+00  0.5330E+00
 -19.300  0.3142E+00  0.5393E+00
 -19.280  0.3143E+00  0.5456E+00
 -19.260  0.3144E+00  0.5519E+00
 -19.240  0.3145E+00  0.5582E+00
 -19.220  0.3146E+00  0.5645E+00
 -19.200  0.3147E+00  0.5708E+00
 -19.180  0.3148E+00  0.5771E+00
 -19.160  0.3149E+00  0.5834E+00
 -19.140  0.3150E+00  0.5897E+00
 -19.120  0.3151E+00  0.5960E+00
 -19.100  0.3152E+00  0.6023E+00
 -19.080  0.3153E+00  0.6086E+00
 -19.060  0.3154E+00  0.6149E+00
 -19.040  0.3155E+00  0.6212E+00
 -19.020  0.3156E+00  0.6275E+00
 -19.000  0.3158E+00  0.6338E+00
 -18.980  0.3159E+00  0.6401E+00
 -18.960  0.3160E+00  0.6465E+00
 -18.940  0.3161E+00  0.6528E+00
 -18.920  0.3162E+00  0.6591E+00
 -18.900  0.3163E+00  0.6654E+00
 -18.880  0.3164E+00  0.6718E+00
 -18.860  0.3165E+00  0.6781E+00
 -18.840  0.3166E+00  0.6844E+00
 -18.820  0.3168E+00  0.6908E+00
 -18.800  0.3169E+00  0.6971E+00
 -18.780  0.3170E+00  0.7034E+00
 -18.760  0.3171E+00  0.7098E+00
 -18.740  0.3172E+00  0.7161E+00
 -18.720  0.3173E+00  0.7225E+00
 -18.700  0.3175E+00  0.7288E+00
 -18.680  0.3176E+00  0.7352E+00
 -18.660  0.3177E+00  0.7415E+00
 -18.640  0.3178E+00  0.7479E+00
 -18.620  0.3180E+00  0.7542E+00
 -18.600  0.3181E+00  0.7606E+00
 -18.580  0.3182E+00  0.7670E+00
 -18.560  0.3183E+00  0.7733E+00
 -18.540  0.3185E+00  0.7797E+00
 -18.520  0.3186E+00  0.7861E+00
 -18.500  0.3187E+00  0.7925E+00
 -18.480  0.3188E+00  0.7988E+00
 -18.460  0.3190E+00  0.8052E+00
 -18.440  0.3191E+00  0.8116E+00
 -18.420  0.3192E+00  0.8180E+00
 -18.400  0.3194E+00  0.8244E+00
 -18.380  0.3195E+00  0.8308E+00
 -18.360  0.3196E+00  0.8372E+00
 -18.340  0.3198E+00  0.8435E+00
 -18.320  0.3199E+00  0.8499E+00
 -18.300  0.3201E+00  0.8563E+00
 -18.280  0.3202E+00  0.8628E+00
 -18.260  0.3204E+00  0.8692E+00
 -18.240  0.3205E+00  0.8756E+00
 -18.220  0.3206E+00  0.8820E+00
 -18.200  0.3208E+00  0.8884E+00
 -18.180  0.3209E+00  0.8948E+00
 -18.160  0.3211E+00  0.9012E+00
 -18.140  0.3212E+00  0.9077E+00
 -18.120  0.3214E+00  0.9141E+00
 -18.100  0.3216E+00  0.9205E+00
 -18.080  0.3217E+00  0.9270E+00
 -18.060  0.3219E+00  0.9334E+00
 -18.040  0.3220E+00  0.9398E+00
 -18.020  0.3222E+00  0.9463E+00
 -18.000  0.3224E+00  0.9527E+00
 -17.980  0.3225E+00  0.9592E+00
 -17.960  0.3227E+00  0.9656E+00
 -17.940  0.3229E+00  0.9721E+00
 -17.920  0.3230E+00  0.9785E+00
 -17.900  0.3232E+00  0.9850E+00
 -17.880  0.3234E+00  0.9915E+00
 -17.860  0.3236E+00  0.9979E+00
 -17.840  0.3237E+00  0.1004E+01
 -17.820  0.3239E+00  0.1011E+01
 -17.800  0.3241E+00  0.1017E+01
 -17.780  0.3243E+00  0.1024E+01
 -17.760  0.3245E+00  0.1030E+01
 -17.740  0.3247E+00  0.1037E+01
 -17.720  0.3249E+00  0.1043E+01
 -17.700  0.3251E+00  0.1050E+01
 -17.680  0.3253E+00  0.1056E+01
 -17.660  0.3255E+00  0.1063E+01
 -17.640  0.3257E+00  0.1069E+01
 -17.620  0.3259E+00  0.1076E+01
 -17.600  0.3261E+00  0.1082E+01
 -17.580  0.3263E+00  0.1089E+01
 -17.560  0.3265E+00  0.1095E+01
 -17.540  0.3267E+00  0.1102E+01
 -17.520  0.3270E+00  0.1109E+01
 -17.500  0.3272E+00  0.1115E+01
 -17.480  0.3274E+00  0.1122E+01
 -17.460  0.3277E+00  0.1128E+01
 -17.440  0.3279E+00  0.1135E+01
 -17.420  0.3281E+00  0.1141E+01
 -17.400  0.3284E+00  0.1148E+01
 -17.380  0.3286E+00  0.1154E+01
 -17.360  0.3289E+00  0.1161E+01
 -17.340  0.3291E+00  0.1168E+01
 -17.320  0.3294E+00  0.1174E+01
 -17.300  0.3297E+00  0.1181E+01
 -17.280  0.3299E+00  0.1187E+01
 -17.260  0.3302E+00  0.1194E+01
 -17.240  0.3305E+00  0.1201E+01
 -17.220  0.3308E+00  0.1207E+01
 -17.200  0.3311E+00  0.1214E+01
 -17.180  0.3314E+00  0.1220E+01
 -17.160  0.3317E+00  0.1227E+01
 -17.140  0.3320E+00  0.1234E+01
 -17.120  0.3323E+00  0.1240E+01
 -17.100  0.3326E+00  0.1247E+01
 -17.080  0.3330E+00  0.1254E+01
 -17.060  0.3333E+00  0.1260E+01
 -17.040  0.3336E+00  0.1267E+01
 -17.020  0.3340E+00  0.1274E+01
 -17.000  0.3343E+00  0.1280E+01
 -16.980  0.3347E+00  0.1287E+01
 -16.960  0.3351E+00  0.1294E+01
 -16.940  0.3355E+00  0.1301E+01
 -16.920  0.3359E+00  0.1307E+01
 -16.900  0.3363E+00  0.1314E+01
 -16.880  0.3367E+00  0.1321E+01
 -16.860  0.3372E+00  0.1327E+01
 -16.840  0.3376E+00  0.1334E+01
 -16.820  0.3380E+00  0.1341E+01
 -16.800  0.3385E+00  0.1348E+01
 -16.780  0.3390E+00  0.1354E+01
 -16.760  0.3395E+00  0.1361E+01
 -16.740  0.3400E+00  0.1368E+01
 -16.720  0.3406E+00  0.1375E+01
 -16.700  0.3411E+00  0.1382E+01
 -16.680  0.3416E+00  0.1389E+01
 -16.660  0.3422E+00  0.1395E+01
 -16.640  0.3429E+00  0.1402E+01
 -16.620  0.3435E+00  0.1409E+01
 -16.600  0.3441E+00  0.1416E+01
 -16.580  0.3447E+00  0.1423E+01
 -16.560  0.3455E+00  0.1430E+01
 -16.540  0.3462E+00  0.1437E+01
 -16.520  0.3470E+00  0.1444E+01
 -16.500  0.3478E+00  0.1451E+01
 -16.480  0.3486E+00  0.1458E+01
 -16.460  0.3494E+00  0.1465E+01
 -16.440  0.3503E+00  0.1472E+01
 -16.420  0.3513E+00  0.1479E+01
 -16.400  0.3523E+00  0.1486E+01
 -16.380  0.3533E+00  0.1493E+01
 -16.360  0.3544E+00  0.1500E+01
 -16.340  0.3556E+00  0.1507E+01
 -16.320  0.3568E+00  0.1514E+01
 -16.300  0.3582E+00  0.1521E+01
 -16.280  0.3595E+00  0.1528E+01
 -16.260  0.3609E+00  0.1536E+01
 -16.240  0.3625E+00  0.1543E+01
 -16.220  0.3642E+00  0.1550E+01
 -16.200  0.3660E+00  0.1557E+01
 -16.180  0.3680E+00  0.1565E+01
 -16.160  0.3701E+00  0.1572E+01
 -16.140  0.3723E+00  0.1580E+01
 -16.120  0.3748E+00  0.1587E+01
 -16.100  0.3776E+00  0.1595E+01
 -16.080  0.3807E+00  0.1602E+01
 -16.060  0.3841E+00  0.1610E+01
 -16.040  0.3879E+00  0.1618E+01
 -16.020  0.3923E+00  0.1626E+01
 -16.000  0.3976E+00  0.1634E+01
 -15.980  0.4038E+00  0.1642E+01
 -15.960  0.4112E+00  0.1650E+01
 -15.940  0.4201E+00  0.1658E+01
 -15.920  0.4305E+00  0.1667E+01
 -15.900  0.4424E+00  0.1676E+01
 -15.880  0.4551E+00  0.1685E+01
 -15.860  0.4674E+00  0.1694E+01
 -15.840  0.4774E+00  0.1704E+01
 -15.820  0.4834E+00  0.1713E+01
 -15.800  0.4837E+00  0.1723E+01
 -15.780  0.4778E+00  0.1733E+01
 -15.760  0.4659E+00  0.1742E+01
 -15.740  0.4493E+00  0.1751E+01
 -15.720  0.4297E+00  0.1760E+01
 -15.700  0.4091E+00  0.1768E+01
 -15.680  0.3891E+00  0.1776E+01
 -15.660  0.3708E+00  0.1783E+01
 -15.640  0.3544E+00  0.1790E+01
 -15.620  0.3399E+00  0.1797E+01
 -15.600  0.3270E+00  0.1803E+01
 -15.580  0.3155E+00  0.1810E+01
 -15.560  0.3051E+00  0.1816E+01
 -15.540  0.2957E+00  0.1822E+01
 -15.520  0.2870E+00  0.1827E+01
 -15.500  0.2788E+00  0.1833E+01
 -15.480  0.2710E+00  0.1838E+01
 -15.460  0.2636E+00  0.1844E+01
 -15.440  0.2566E+00  0.1849E+01
 -15.420  0.2501E+00  0.1854E+01
 -15.400  0.2438E+00  0.1859E+01
 -15.380  0.2376E+00  0.1863E+01
 -15.360  0.2316E+00  0.1868E+01
 -15.340  0.2259E+00  0.1873E+01
 -15.320  0.2204E+00  0.1877E+01
 -15.300  0.2152E+00  0.1881E+01
 -15.280  0.2100E+00  0.1886E+01
 -15.260  0.2050E+00  0.1890E+01
 -15.240  0.2000E+00  0.1894E+01
 -15.220  0.1952E+00  0.1898E+01
 -15.200  0.1906E+00  0.1901E+01
 -15.180  0.1861E+00  0.1905E+01
 -15.160  0.1817E+00  0.1909E+01
 -15.140  0.1773E+00  0.1912E+01
 -15.120  0.1730E+00  0.1916E+01
 -15.100  0.1688E+00  0.1919E+01
 -15.080  0.1648E+00  0.1922E+01
 -15.060  0.1608E+00  0.1926E+01
 -15.040  0.1568E+00  0.1929E+01
 -15.020  0.1529E+00  0.1932E+01
 -15.000  0.1491E+00  0.1935E+01
 -14.980  0.1454E+00  0.1938E+01
 -14.960  0.1419E+00  0.1941E+01
 -14.940  0.1386E+00  0.1943E+01
 -14.920  0.1357E+00  0.1946E+01
 -14.900  0.1338E+00  0.1949E+01
 -14.880  0.1336E+00  0.1951E+01
 -14.860  0.1359E+00  0.1954E+01
 -14.840  0.1418E+00  0.1957E+01
 -14.820  0.1520E+00  0.1960E+01
 -14.800  0.1672E+00  0.1963E+01
 -14.780  0.1870E+00  0.1967E+01
 -14.760  0.2102E+00  0.1971E+01
 -14.740  0.2347E+00  0.1976E+01
 -14.720  0.2584E+00  0.1981E+01
 -14.700  0.2792E+00  0.1987E+01
 -14.680  0.2960E+00  0.1993E+01
 -14.660  0.3084E+00  0.1999E+01
 -14.640  0.3168E+00  0.2005E+01
 -14.620  0.3220E+00  0.2012E+01
 -14.600  0.3250E+00  0.2018E+01
 -14.580  0.3266E+00  0.2025E+01
 -14.560  0.3274E+00  0.2031E+01
 -14.540  0.3279E+00  0.2038E+01
 -14.520  0.3281E+00  0.2044E+01
 -14.500  0.3283E+00  0.2051E+01
 -14.480  0.3285E+00  0.2057E+01
 -14.460  0.3286E+00  0.2064E+01
 -14.440  0.3288E+00  0.2071E+01
 -14.420  0.3289E+00  0.2077E+01
 -14.400  0.3291E+00  0.2084E+01
 -14.380  0.3292E+00  0.2090E+01
 -14.360  0.3294E+00  0.2097E+01
 -14.340  0.3295E+00  0.2103E+01
 -14.320  0.3297E+00  0.2110E+01
 -14.300  0.3298E+00  0.2117E+01
 -14.280  0.3300E+00  0.2123E+01
 -14.260  0.3303E+00  0.2130E+01
 -14.240  0.3307E+00  0.2136E+01
 -14.220  0.3312E+00  0.2143E+01
 -14.200  0.3322E+00  0.2150E+01
 -14.180  0.3337E+00  0.2156E+01
 -14.160  0.3359E+00  0.2163E+01
 -14.140  0.3392E+00  0.2170E+01
 -14.120  0.3438E+00  0.2177E+01
 -14.100  0.3499E+00  0.2184E+01
 -14.080  0.3577E+00  0.2191E+01
 -14.060  0.3674E+00  0.2198E+01
 -14.040  0.3790E+00  0.2206E+01
 -14.020  0.3927E+00  0.2214E+01
 -14.000  0.4082E+00  0.2222E+01
 -13.980  0.4251E+00  0.2230E+01
 -13.960  0.4425E+00  0.2239E+01
 -13.940  0.4589E+00  0.2248E+01
 -13.920  0.4728E+00  0.2258E+01
 -13.900  0.4825E+00  0.2267E+01
 -13.880  0.4870E+00  0.2277E+01
 -13.860  0.4861E+00  0.2287E+01
 -13.840  0.4804E+00  0.2297E+01
 -13.820  0.4711E+00  0.2306E+01
 -13.800  0.4600E+00  0.2315E+01
 -13.780  0.4485E+00  0.2324E+01
 -13.760  0.4375E+00  0.2333E+01
 -13.740  0.4277E+00  0.2341E+01
 -13.720  0.4192E+00  0.2350E+01
 -13.700  0.4119E+00  0.2358E+01
 -13.680  0.4056E+00  0.2366E+01
 -13.660  0.4001E+00  0.2374E+01
 -13.640  0.3952E+00  0.2382E+01
 -13.620  0.3908E+00  0.2390E+01
 -13.600  0.3868E+00  0.2398E+01
 -13.580  0.3831E+00  0.2405E+01
 -13.560  0.3796E+00  0.2413E+01
 -13.540  0.3763E+00  0.2420E+01
 -13.520  0.3732E+00  0.2428E+01
 -13.500  0.3702E+00  0.2435E+01
 -13.480  0.3674E+00  0.2443E+01
 -13.460  0.3647E+00  0.2450E+01
 -13.440  0.3621E+00  0.2457E+01
 -13.420  0.3596E+00  0.2464E+01
 -13.400  0.3572E+00  0.2472E+01
 -13.380  0.3549E+00  0.2479E+01
 -13.360  0.3527E+00  0.2486E+01
 -13.340  0.3505E+00  0.2493E+01
 -13.320  0.3484E+00  0.2500E+01
 -13.300  0.3463E+00  0.2507E+01
 -13.280  0.3443E+00  0.2513E+01
 -13.260  0.3423E+00  0.2520E+01
 -13.240  0.3404E+00  0.2527E+01
 -13.220  0.3385E+00  0.2534E+01
 -13.200  0.3367E+00  0.2541E+01
 -13.180  0.3349E+00  0.2547E+01
 -13.160  0.3331E+00  0.2554E+01
 -13.140  0.3314E+00  0.2561E+01
 -13.120  0.3297E+00  0.2567E+01
 -13.100  0.3280E+00  0.2574E+01
 -13.080  0.3264E+00  0.2580E+01
 -13.060  0.3247E+00  0.2587E+01
 -13.040  0.3231E+00  0.2593E+01
 -13.020  0.3216E+00  0.2600E+01
 -13.000  0.3200E+00  0.2606E+01
 -12.980  0.3185E+00  0.2612E+01
 -12.960  0.3170E+00  0.2619E+01
 -12.940  0.3155E+00  0.2625E+01
 -12.920  0.3141E+00  0.2631E+01
 -12.900  0.3126E+00  0.2638E+01
 -12.880  0.3112E+00  0.2644E+01
 -12.860  0.3098E+00  0.2650E+01
 -12.840  0.3084E+00  0.2656E+01
 -12.820  0.3070E+00  0.2662E+01
 -12.800  0.3057E+00  0.2668E+01
 -12.780  0.3044E+00  0.2675E+01
 -12.760  0.3030E+00  0.2681E+01
 -12.740  0.3017E+00  0.2687E+01
 -12.720  0.3004E+00  0.2693E+01
 -12.700  0.2991E+00  0.2699E+01
 -12.680  0.2979E+00  0.2705E+01
 -12.660  0.2966E+00  0.2711E+01
 -12.640  0.2954E+00  0.2716E+01
 -12.620  0.2941E+00  0.2722E+01
 -12.600  0.2929E+00  0.2728E+01
 -12.580  0.2917E+00  0.2734E+01
 -12.560  0.2905E+00  0.2740E+01
 -12.540  0.2893E+00  0.2746E+01
 -12.520  0.2881E+00  0.2751E+01
 -12.500  0.2870E+00  0.2757E+01
 -12.480  0.2858E+00  0.2763E+01
 -12.460  0.2847E+00  0.2769E+01
 -12.440  0.2835E+00  0.2774E+01
 -12.420  0.2824E+00  0.2780E+01
 -12.400  0.2813E+00  0.2785E+01
 -12.380  0.2802E+00  0.2791E+01
 -12.360  0.2791E+00  0.2797E+01
 -12.340  0.2780E+00  0.2802E+01
 -12.320  0.2769E+00  0.2808E+01
 -12.300  0.2759E+00  0.2813E+01
 -12.280  0.2748E+00  0.2819E+01
 -12.260  0.2739E+00  0.2824E+01
 -12.240  0.2732E+00  0.2830E+01
 -12.220  0.2728E+00  0.2835E+01
 -12.200  0.2731E+00  0.2841E+01
 -12.180  0.2744E+00  0.2846E+01
 -12.160  0.2772E+00  0.2852E+01
 -12.140  0.2817E+00  0.2857E+01
 -12.120  0.2883E+00  0.2863E+01
 -12.100  0.2967E+00  0.2869E+01
 -12.080  0.3064E+00  0.2875E+01
 -12.060  0.3168E+00  0.2881E+01
 -12.040  0.3267E+00  0.2888E+01
 -12.020  0.3356E+00  0.2895E+01
 -12.000  0.3427E+00  0.2902E+01
 -11.980  0.3481E+00  0.2909E+01
 -11.960  0.3518E+00  0.2916E+01
 -11.940  0.3542E+00  0.2923E+01
 -11.920  0.3558E+00  0.2930E+01
 -11.900  0.3567E+00  0.2937E+01
 -11.880  0.3573E+00  0.2944E+01
 -11.860  0.3578E+00  0.2951E+01
 -11.840  0.3582E+00  0.2958E+01
 -11.820  0.3586E+00  0.2966E+01
 -11.800  0.3589E+00  0.2973E+01
 -11.780  0.3593E+00  0.2980E+01
 -11.760  0.3596E+00  0.2987E+01
 -11.740  0.3600E+00  0.2994E+01
 -11.720  0.3604E+00  0.3002E+01
 -11.700  0.3607E+00  0.3009E+01
 -11.680  0.3611E+00  0.3016E+01
 -11.660  0.3615E+00  0.3023E+01
 -11.640  0.3618E+00  0.3030E+01
 -11.620  0.3622E+00  0.3038E+01
 -11.600  0.3626E+00  0.3045E+01
 -11.580  0.3630E+00  0.3052E+01
 -11.560  0.3634E+00  0.3059E+01
 -11.540  0.3638E+00  0.3067E+01
 -11.520  0.3642E+00  0.3074E+01
 -11.500  0.3646E+00  0.3081E+01
 -11.480  0.3650E+00  0.3089E+01
 -11.460  0.3654E+00  0.3096E+01
 -11.440  0.3658E+00  0.3103E+01
 -11.420  0.3662E+00  0.3111E+01
 -11.400  0.3666E+00  0.3118E+01
 -11.380  0.3670E+00  0.3125E+01
 -11.360  0.3675E+00  0.3133E+01
 -11.340  0.3679E+00  0.3140E+01
 -11.320  0.3684E+00  0.3147E+01
 -11.300  0.3688E+00  0.3155E+01
 -11.280  0.3692E+00  0.3162E+01
 -11.260  0.3696E+00  0.3169E+01
 -11.240  0.3701E+00  0.3177E+01
 -11.220  0.3706E+00  0.3184E+01
 -11.200  0.3711E+00  0.3192E+01
 -11.180  0.3715E+00  0.3199E+01
 -11.160  0.3719E+00  0.3207E+01
 -11.140  0.3724E+00  0.3214E+01
 -11.120  0.3728E+00  0.3221E+01
 -11.100  0.3734E+00  0.3229E+01
 -11.080  0.3739E+00  0.3236E+01
 -11.060  0.3744E+00  0.3244E+01
 -11.040  0.3748E+00  0.3251E+01
 -11.020  0.3752E+00  0.3259E+01
 -11.000  0.3758E+00  0.3266E+01
 -10.980  0.3764E+00  0.3274E+01
 -10.960  0.3769E+00  0.3281E+01
 -10.940  0.3774E+00  0.3289E+01
 -10.920  0.3779E+00  0.3297E+01
 -10.900  0.3783E+00  0.3304E+01
 -10.880  0.3789E+00  0.3312E+01
 -10.860  0.3795E+00  0.3319E+01
 -10.840  0.3801E+00  0.3327E+01
 -10.820  0.3807E+00  0.3335E+01
 -10.800  0.3811E+00  0.3342E+01
 -10.780  0.3816E+00  0.3350E+01
 -10.760  0.3822E+00  0.3357E+01
 -10.740  0.3829E+00  0.3365E+01
 -10.720  0.3835E+00  0.3373E+01
 -10.700  0.3841E+00  0.3380E+01
 -10.680  0.3845E+00  0.3388E+01
 -10.660  0.3850E+00  0.3396E+01
 -10.640  0.3857E+00  0.3404E+01
 -10.620  0.3864E+00  0.3411E+01
 -10.600  0.3872E+00  0.3419E+01
 -10.580  0.3878E+00  0.3427E+01
 -10.560  0.3882E+00  0.3435E+01
 -10.540  0.3887E+00  0.3442E+01
 -10.520  0.3894E+00  0.3450E+01
 -10.500  0.3902E+00  0.3458E+01
 -10.480  0.3910E+00  0.3466E+01
 -10.460  0.3917E+00  0.3474E+01
 -10.440  0.3922E+00  0.3481E+01
 -10.420  0.3927E+00  0.3489E+01
 -10.400  0.3934E+00  0.3497E+01
 -10.380  0.3942E+00  0.3505E+01
 -10.360  0.3951E+00  0.3513E+01
 -10.340  0.3958E+00  0.3521E+01
 -10.320  0.3964E+00  0.3529E+01
 -10.300  0.3970E+00  0.3537E+01
 -10.280  0.3977E+00  0.3545E+01
 -10.260  0.3986E+00  0.3553E+01
 -10.240  0.3995E+00  0.3561E+01
 -10.220  0.4003E+00  0.3569E+01
 -10.200  0.4009E+00  0.3577E+01
 -10.180  0.4016E+00  0.3585E+01
 -10.160  0.4023E+00  0.3593E+01
 -10.140  0.4032E+00  0.3601E+01
 -10.120  0.4042E+00  0.3609E+01
 -10.100  0.4051E+00  0.3617E+01
 -10.080  0.4058E+00  0.3625E+01
 -10.060  0.4065E+00  0.3633E+01
 -10.040  0.4073E+00  0.3641E+01
 -10.020  0.4083E+00  0.3649E+01
 -10.000  0.4093E+00  0.3658E+01
  -9.980  0.4102E+00  0.3666E+01
  -9.960  0.4110E+00  0.3674E+01
  -9.940  0.4118E+00  0.3682E+01
  -9.920  0.4127E+00  0.3691E+01
  -9.900  0.4137E+00  0.3699E+01
  -9.880  0.4148E+00  0.3707E+01
  -9.860  0.4158E+00  0.3715E+01
  -9.840  0.4167E+00  0.3724E+01
  -9.820  0.4176E+00  0.3732E+01
  -9.800  0.4186E+00  0.3741E+01
  -9.780  0.4196E+00  0.3749E+01
  -9.760  0.4208E+00  0.3757E+01
  -9.740  0.4219E+00  0.3766E+01
  -9.720  0.4229E+00  0.3774E+01
  -9.700  0.4239E+00  0.3783E+01
  -9.680  0.4249E+00  0.3791E+01
  -9.660  0.4261E+00  0.3800E+01
  -9.640  0.4273E+00  0.3808E+01
  -9.620  0.4285E+00  0.3817E+01
  -9.600  0.4296E+00  0.3825E+01
  -9.580  0.4307E+00  0.3834E+01
  -9.560  0.4319E+00  0.3843E+01
  -9.540  0.4332E+00  0.3851E+01
  -9.520  0.4345E+00  0.3860E+01
  -9.500  0.4358E+00  0.3869E+01
  -9.480  0.4370E+00  0.3878E+01
  -9.460  0.4383E+00  0.3886E+01
  -9.440  0.4396E+00  0.3895E+01
  -9.420  0.4410E+00  0.3904E+01
  -9.400  0.4424E+00  0.3913E+01
  -9.380  0.4438E+00  0.3922E+01
  -9.360  0.4452E+00  0.3931E+01
  -9.340  0.4468E+00  0.3939E+01
  -9.320  0.4486E+00  0.3948E+01
  -9.300  0.4508E+00  0.3957E+01
  -9.280  0.4538E+00  0.3967E+01
  -9.260  0.4582E+00  0.3976E+01
  -9.240  0.4650E+00  0.3985E+01
  -9.220  0.4754E+00  0.3994E+01
  -9.200  0.4905E+00  0.4004E+01
  -9.180  0.5109E+00  0.4015E+01
  -9.160  0.5366E+00  0.4025E+01
  -9.140  0.5663E+00  0.4037E+01
  -9.120  0.5983E+00  0.4049E+01
  -9.100  0.6300E+00  0.4061E+01
  -9.080  0.6588E+00  0.4074E+01
  -9.060  0.6831E+00  0.4088E+01
  -9.040  0.7019E+00  0.4102E+01
  -9.020  0.7156E+00  0.4116E+01
  -9.000  0.7251E+00  0.4131E+01
  -8.980  0.7317E+00  0.4145E+01
  -8.960  0.7363E+00  0.4160E+01
  -8.940  0.7398E+00  0.4175E+01
  -8.920  0.7426E+00  0.4190E+01
  -8.900  0.7451E+00  0.4205E+01
  -8.880  0.7477E+00  0.4220E+01
  -8.860  0.7503E+00  0.4235E+01
  -8.840  0.7530E+00  0.4250E+01
  -8.820  0.7557E+00  0.4265E+01
  -8.800  0.7584E+00  0.4280E+01
  -8.780  0.7611E+00  0.4295E+01
  -8.760  0.7640E+00  0.4311E+01
  -8.740  0.7670E+00  0.4326E+01
  -8.720  0.7701E+00  0.4341E+01
  -8.700  0.7733E+00  0.4357E+01
  -8.680  0.7765E+00  0.4372E+01
  -8.660  0.7798E+00  0.4388E+01
  -8.640  0.7832E+00  0.4404E+01
  -8.620  0.7868E+00  0.4419E+01
  -8.600  0.7906E+00  0.4435E+01
  -8.580  0.7944E+00  0.4451E+01
  -8.560  0.7984E+00  0.4467E+01
  -8.540  0.8024E+00  0.4483E+01
  -8.520  0.8066E+00  0.4499E+01
  -8.500  0.8110E+00  0.4515E+01
  -8.480  0.8157E+00  0.4532E+01
  -8.460  0.8206E+00  0.4548E+01
  -8.440  0.8256E+00  0.4565E+01
  -8.420  0.8308E+00  0.4581E+01
  -8.400  0.8362E+00  0.4598E+01
  -8.380  0.8420E+00  0.4615E+01
  -8.360  0.8482E+00  0.4632E+01
  -8.340  0.8547E+00  0.4649E+01
  -8.320  0.8615E+00  0.4666E+01
  -8.300  0.8687E+00  0.4683E+01
  -8.280  0.8763E+00  0.4701E+01
  -8.260  0.8845E+00  0.4719E+01
  -8.240  0.8935E+00  0.4737E+01
  -8.220  0.9032E+00  0.4755E+01
  -8.200  0.9138E+00  0.4773E+01
  -8.180  0.9254E+00  0.4791E+01
  -8.160  0.9383E+00  0.4810E+01
  -8.140  0.9531E+00  0.4829E+01
  -8.120  0.9702E+00  0.4849E+01
  -8.100  0.9901E+00  0.4868E+01
  -8.080  0.1013E+01  0.4889E+01
  -8.060  0.1040E+01  0.4909E+01
  -8.040  0.1069E+01  0.4931E+01
  -8.020  0.1100E+01  0.4953E+01
  -8.000  0.1129E+01  0.4975E+01
  -7.980  0.1153E+01  0.4998E+01
  -7.960  0.1169E+01  0.5022E+01
  -7.940  0.1173E+01  0.5045E+01
  -7.920  0.1166E+01  0.5069E+01
  -7.900  0.1147E+01  0.5092E+01
  -7.880  0.1121E+01  0.5114E+01
  -7.860  0.1090E+01  0.5136E+01
  -7.840  0.1059E+01  0.5157E+01
  -7.820  0.1028E+01  0.5178E+01
  -7.800  0.1001E+01  0.5198E+01
  -7.780  0.9767E+00  0.5217E+01
  -7.760  0.9559E+00  0.5236E+01
  -7.740  0.9380E+00  0.5255E+01
  -7.720  0.9223E+00  0.5273E+01
  -7.700  0.9084E+00  0.5292E+01
  -7.680  0.8957E+00  0.5309E+01
  -7.660  0.8841E+00  0.5327E+01
  -7.640  0.8735E+00  0.5345E+01
  -7.620  0.8637E+00  0.5362E+01
  -7.600  0.8545E+00  0.5379E+01
  -7.580  0.8459E+00  0.5396E+01
  -7.560  0.8378E+00  0.5413E+01
  -7.540  0.8300E+00  0.5429E+01
  -7.520  0.8226E+00  0.5446E+01
  -7.500  0.8157E+00  0.5462E+01
  -7.480  0.8091E+00  0.5478E+01
  -7.460  0.8028E+00  0.5494E+01
  -7.440  0.7967E+00  0.5510E+01
  -7.420  0.7907E+00  0.5526E+01
  -7.400  0.7850E+00  0.5542E+01
  -7.380  0.7795E+00  0.5557E+01
  -7.360  0.7742E+00  0.5573E+01
  -7.340  0.7691E+00  0.5588E+01
  -7.320  0.7641E+00  0.5603E+01
  -7.300  0.7592E+00  0.5619E+01
  -7.280  0.7546E+00  0.5634E+01
  -7.260  0.7501E+00  0.5649E+01
  -7.240  0.7459E+00  0.5664E+01
  -7.220  0.7418E+00  0.5678E+01
  -7.200  0.7378E+00  0.5693E+01
  -7.180  0.7338E+00  0.5708E+01
  -7.160  0.7299E+00  0.5723E+01
  -7.140  0.7261E+00  0.5737E+01
  -7.120  0.7225E+00  0.5751E+01
  -7.100  0.7189E+00  0.5766E+01
  -7.080  0.7154E+00  0.5780E+01
  -7.060  0.7119E+00  0.5794E+01
  -7.040  0.7085E+00  0.5809E+01
  -7.020  0.7052E+00  0.5823E+01
  -7.000  0.7021E+00  0.5837E+01
  -6.980  0.6990E+00  0.5851E+01
  -6.960  0.6959E+00  0.5865E+01
  -6.940  0.6929E+00  0.5878E+01
  -6.920  0.6899E+00  0.5892E+01
  -6.900  0.6870E+00  0.5906E+01
  -6.880  0.6842E+00  0.5920E+01
  -6.860  0.6815E+00  0.5933E+01
  -6.840  0.6788E+00  0.5947E+01
  -6.820  0.6761E+00  0.5960E+01
  -6.800  0.6734E+00  0.5974E+01
  -6.780  0.6708E+00  0.5987E+01
  -6.760  0.6683E+00  0.6001E+01
  -6.740  0.6659E+00  0.6014E+01
  -6.720  0.6634E+00  0.6027E+01
  -6.700  0.6610E+00  0.6040E+01
  -6.680  0.6586E+00  0.6054E+01
  -6.660  0.6563E+00  0.6067E+01
  -6.640  0.6540E+00  0.6080E+01
  -6.620  0.6518E+00  0.6093E+01
  -6.600  0.6496E+00  0.6106E+01
  -6.580  0.6474E+00  0.6119E+01
  -6.560  0.6453E+00  0.6132E+01
  -6.540  0.6432E+00  0.6145E+01
  -6.520  0.6411E+00  0.6157E+01
  -6.500  0.6392E+00  0.6170E+01
  -6.480  0.6372E+00  0.6183E+01
  -6.460  0.6352E+00  0.6196E+01
  -6.440  0.6332E+00  0.6208E+01
  -6.420  0.6313E+00  0.6221E+01
  -6.400  0.6295E+00  0.6234E+01
  -6.380  0.6277E+00  0.6246E+01
  -6.360  0.6258E+00  0.6259E+01
  -6.340  0.6240E+00  0.6271E+01
  -6.320  0.6222E+00  0.6284E+01
  -6.300  0.6205E+00  0.6296E+01
  -6.280  0.6188E+00  0.6308E+01
  -6.260  0.6172E+00  0.6321E+01
  -6.240  0.6155E+00  0.6333E+01
  -6.220  0.6138E+00  0.6345E+01
  -6.200  0.6122E+00  0.6358E+01
  -6.180  0.6107E+00  0.6370E+01
  -6.160  0.6092E+00  0.6382E+01
  -6.140  0.6076E+00  0.6394E+01
  -6.120  0.6061E+00  0.6406E+01
  -6.100  0.6046E+00  0.6418E+01
  -6.080  0.6031E+00  0.6430E+01
  -6.060  0.6017E+00  0.6442E+01
  -6.040  0.6003E+00  0.6454E+01
  -6.020  0.5989E+00  0.6466E+01
  -6.000  0.5975E+00  0.6478E+01
  -5.980  0.5962E+00  0.6490E+01
  -5.960  0.5949E+00  0.6502E+01
  -5.940  0.5936E+00  0.6514E+01
  -5.920  0.5923E+00  0.6526E+01
  -5.900  0.5910E+00  0.6538E+01
  -5.880  0.5898E+00  0.6549E+01
  -5.860  0.5885E+00  0.6561E+01
  -5.840  0.5873E+00  0.6573E+01
  -5.820  0.5861E+00  0.6585E+01
  -5.800  0.5850E+00  0.6596E+01
  -5.780  0.5839E+00  0.6608E+01
  -5.760  0.5827E+00  0.6620E+01
  -5.740  0.5816E+00  0.6631E+01
  -5.720  0.5805E+00  0.6643E+01
  -5.700  0.5795E+00  0.6655E+01
  -5.680  0.5785E+00  0.6666E+01
  -5.660  0.5774E+00  0.6678E+01
  -5.640  0.5764E+00  0.6689E+01
  -5.620  0.5754E+00  0.6701E+01
  -5.600  0.5745E+00  0.6712E+01
  -5.580  0.5736E+00  0.6724E+01
  -5.560  0.5726E+00  0.6735E+01
  -5.540  0.5717E+00  0.6747E+01
  -5.520  0.5708E+00  0.6758E+01
  -5.500  0.5700E+00  0.6769E+01
  -5.480  0.5692E+00  0.6781E+01
  -5.460  0.5684E+00  0.6792E+01
  -5.440  0.5676E+00  0.6803E+01
  -5.420  0.5668E+00  0.6815E+01
  -5.400  0.5660E+00  0.6826E+01
  -5.380  0.5653E+00  0.6837E+01
  -5.360  0.5646E+00  0.6849E+01
  -5.340  0.5639E+00  0.6860E+01
  -5.320  0.5632E+00  0.6871E+01
  -5.300  0.5626E+00  0.6883E+01
  -5.280  0.5620E+00  0.6894E+01
  -5.260  0.5614E+00  0.6905E+01
  -5.240  0.5608E+00  0.6916E+01
  -5.220  0.5603E+00  0.6927E+01
  -5.200  0.5597E+00  0.6939E+01
  -5.180  0.5592E+00  0.6950E+01
  -5.160  0.5588E+00  0.6961E+01
  -5.140  0.5584E+00  0.6972E+01
  -5.120  0.5579E+00  0.6983E+01
  -5.100  0.5575E+00  0.6994E+01
  -5.080  0.5571E+00  0.7006E+01
  -5.060  0.5568E+00  0.7017E+01
  -5.040  0.5565E+00  0.7028E+01
  -5.020  0.5562E+00  0.7039E+01
  -5.000  0.5560E+00  0.7050E+01
  -4.980  0.5557E+00  0.7061E+01
  -4.960  0.5555E+00  0.7072E+01
  -4.940  0.5554E+00  0.7083E+01
  -4.920  0.5553E+00  0.7095E+01
  -4.900  0.5552E+00  0.7106E+01
  -4.880  0.5551E+00  0.7117E+01
  -4.860  0.5551E+00  0.7128E+01
  -4.840  0.5551E+00  0.7139E+01
  -4.820  0.5552E+00  0.7150E+01
  -4.800  0.5553E+00  0.7161E+01
  -4.780  0.5553E+00  0.7172E+01
  -4.760  0.5552E+00  0.7183E+01
  -4.740  0.5549E+00  0.7194E+01
  -4.720  0.5539E+00  0.7206E+01
  -4.700  0.5518E+00  0.7217E+01
  -4.680  0.5477E+00  0.7228E+01
  -4.660  0.5407E+00  0.7238E+01
  -4.640  0.5299E+00  0.7249E+01
  -4.620  0.5149E+00  0.7259E+01
  -4.600  0.4959E+00  0.7269E+01
  -4.580  0.4737E+00  0.7279E+01
  -4.560  0.4500E+00  0.7288E+01
  -4.540  0.4270E+00  0.7296E+01
  -4.520  0.4068E+00  0.7304E+01
  -4.500  0.3907E+00  0.7312E+01
  -4.480  0.3792E+00  0.7320E+01
  -4.460  0.3721E+00  0.7327E+01
  -4.440  0.3684E+00  0.7335E+01
  -4.420  0.3674E+00  0.7342E+01
  -4.400  0.3681E+00  0.7349E+01
  -4.380  0.3700E+00  0.7357E+01
  -4.360  0.3726E+00  0.7364E+01
  -4.340  0.3755E+00  0.7372E+01
  -4.320  0.3786E+00  0.7379E+01
  -4.300  0.3819E+00  0.7387E+01
  -4.280  0.3855E+00  0.7395E+01
  -4.260  0.3895E+00  0.7402E+01
  -4.240  0.3937E+00  0.7410E+01
  -4.220  0.3981E+00  0.7418E+01
  -4.200  0.4028E+00  0.7426E+01
  -4.180  0.4079E+00  0.7434E+01
  -4.160  0.4136E+00  0.7443E+01
  -4.140  0.4199E+00  0.7451E+01
  -4.120  0.4269E+00  0.7460E+01
  -4.100  0.4346E+00  0.7468E+01
  -4.080  0.4433E+00  0.7477E+01
  -4.060  0.4535E+00  0.7486E+01
  -4.040  0.4656E+00  0.7496E+01
  -4.020  0.4799E+00  0.7505E+01
  -4.000  0.4966E+00  0.7515E+01
  -3.980  0.5154E+00  0.7525E+01
  -3.960  0.5359E+00  0.7536E+01
  -3.940  0.5566E+00  0.7547E+01
  -3.920  0.5754E+00  0.7559E+01
  -3.900  0.5894E+00  0.7570E+01
  -3.880  0.5960E+00  0.7582E+01
  -3.860  0.5937E+00  0.7594E+01
  -3.840  0.5827E+00  0.7606E+01
  -3.820  0.5643E+00  0.7617E+01
  -3.800  0.5411E+00  0.7628E+01
  -3.780  0.5156E+00  0.7638E+01
  -3.760  0.4900E+00  0.7648E+01
  -3.740  0.4660E+00  0.7657E+01
  -3.720  0.4446E+00  0.7666E+01
  -3.700  0.4261E+00  0.7675E+01
  -3.680  0.4099E+00  0.7683E+01
  -3.660  0.3957E+00  0.7691E+01
  -3.640  0.3828E+00  0.7699E+01
  -3.620  0.3711E+00  0.7706E+01
  -3.600  0.3606E+00  0.7713E+01
  -3.580  0.3510E+00  0.7720E+01
  -3.560  0.3421E+00  0.7727E+01
  -3.540  0.3336E+00  0.7734E+01
  -3.520  0.3254E+00  0.7740E+01
  -3.500  0.3176E+00  0.7747E+01
  -3.480  0.3105E+00  0.7753E+01
  -3.460  0.3037E+00  0.7759E+01
  -3.440  0.2971E+00  0.7765E+01
  -3.420  0.2907E+00  0.7771E+01
  -3.400  0.2844E+00  0.7776E+01
  -3.380  0.2785E+00  0.7782E+01
  -3.360  0.2729E+00  0.7787E+01
  -3.340  0.2675E+00  0.7793E+01
  -3.320  0.2622E+00  0.7798E+01
  -3.300  0.2569E+00  0.7803E+01
  -3.280  0.2518E+00  0.7808E+01
  -3.260  0.2469E+00  0.7813E+01
  -3.240  0.2423E+00  0.7818E+01
  -3.220  0.2377E+00  0.7823E+01
  -3.200  0.2332E+00  0.7827E+01
  -3.180  0.2286E+00  0.7832E+01
  -3.160  0.2243E+00  0.7836E+01
  -3.140  0.2201E+00  0.7841E+01
  -3.120  0.2161E+00  0.7845E+01
  -3.100  0.2121E+00  0.7849E+01
  -3.080  0.2081E+00  0.7854E+01
  -3.060  0.2041E+00  0.7858E+01
  -3.040  0.2003E+00  0.7862E+01
  -3.020  0.1966E+00  0.7866E+01
  -3.000  0.1930E+00  0.7869E+01
  -2.980  0.1894E+00  0.7873E+01
  -2.960  0.1858E+00  0.7877E+01
  -2.940  0.1822E+00  0.7881E+01
  -2.920  0.1788E+00  0.7884E+01
  -2.900  0.1755E+00  0.7888E+01
  -2.880  0.1722E+00  0.7891E+01
  -2.860  0.1689E+00  0.7895E+01
  -2.840  0.1656E+00  0.7898E+01
  -2.820  0.1624E+00  0.7901E+01
  -2.800  0.1592E+00  0.7904E+01
  -2.780  0.1562E+00  0.7907E+01
  -2.760  0.1531E+00  0.7910E+01
  -2.740  0.1501E+00  0.7913E+01
  -2.720  0.1470E+00  0.7916E+01
  -2.700  0.1440E+00  0.7919E+01
  -2.680  0.1412E+00  0.7922E+01
  -2.660  0.1383E+00  0.7925E+01
  -2.640  0.1354E+00  0.7928E+01
  -2.620  0.1326E+00  0.7930E+01
  -2.600  0.1297E+00  0.7933E+01
  -2.580  0.1270E+00  0.7935E+01
  -2.560  0.1243E+00  0.7938E+01
  -2.540  0.1216E+00  0.7940E+01
  -2.520  0.1189E+00  0.7943E+01
  -2.500  0.1162E+00  0.7945E+01
  -2.480  0.1135E+00  0.7947E+01
  -2.460  0.1109E+00  0.7949E+01
  -2.440  0.1083E+00  0.7952E+01
  -2.420  0.1057E+00  0.7954E+01
  -2.400  0.1032E+00  0.7956E+01
  -2.380  0.1006E+00  0.7958E+01
  -2.360  0.9808E-01  0.7960E+01
  -2.340  0.9559E-01  0.7962E+01
  -2.320  0.9311E-01  0.7964E+01
  -2.300  0.9063E-01  0.7965E+01
  -2.280  0.8815E-01  0.7967E+01
  -2.260  0.8571E-01  0.7969E+01
  -2.240  0.8330E-01  0.7971E+01
  -2.220  0.8090E-01  0.7972E+01
  -2.200  0.7849E-01  0.7974E+01
  -2.180  0.7609E-01  0.7975E+01
  -2.160  0.7371E-01  0.7977E+01
  -2.140  0.7136E-01  0.7978E+01
  -2.120  0.6902E-01  0.7980E+01
  -2.100  0.6668E-01  0.7981E+01
  -2.080  0.6434E-01  0.7982E+01
  -2.060  0.6202E-01  0.7983E+01
  -2.040  0.5971E-01  0.7985E+01
  -2.020  0.5741E-01  0.7986E+01
  -2.000  0.5512E-01  0.7987E+01
  -1.980  0.5283E-01  0.7988E+01
  -1.960  0.5054E-01  0.7989E+01
  -1.940  0.4827E-01  0.7990E+01
  -1.920  0.4601E-01  0.7991E+01
  -1.900  0.4375E-01  0.7992E+01
  -1.880  0.4149E-01  0.7992E+01
  -1.860  0.3923E-01  0.7993E+01
  -1.840  0.3699E-01  0.7994E+01
  -1.820  0.3475E-01  0.7995E+01
  -1.800  0.3251E-01  0.7995E+01
  -1.780  0.3027E-01  0.7996E+01
  -1.760  0.2803E-01  0.7997E+01
  -1.740  0.2579E-01  0.7997E+01
  -1.720  0.2356E-01  0.7997E+01
  -1.700  0.2134E-01  0.7998E+01
  -1.680  0.1912E-01  0.7998E+01
  -1.660  0.1693E-01  0.7999E+01
  -1.640  0.1478E-01  0.7999E+01
  -1.620  0.1271E-01  0.7999E+01
  -1.600  0.1078E-01  0.7999E+01
  -1.580  0.9068E-02  0.8000E+01
  -1.560  0.7660E-02  0.8000E+01
  -1.540  0.6654E-02  0.8000E+01
  -1.520  0.6128E-02  0.8000E+01
  -1.500  0.6125E-02  0.8000E+01
  -1.480  0.6647E-02  0.8000E+01
  -1.460  0.7657E-02  0.8000E+01
  -1.440  0.9079E-02  0.8001E+01
  -1.420  0.1082E-01  0.8001E+01
  -1.400  0.1279E-01  0.8001E+01
  -1.380  0.1492E-01  0.8001E+01
  -1.360  0.1713E-01  0.8002E+01
  -1.340  0.1941E-01  0.8002E+01
  -1.320  0.2172E-01  0.8003E+01
  -1.300  0.2406E-01  0.8003E+01
  -1.280  0.2640E-01  0.8004E+01
  -1.260  0.2877E-01  0.8004E+01
  -1.240  0.3115E-01  0.8005E+01
  -1.220  0.3355E-01  0.8005E+01
  -1.200  0.3595E-01  0.8006E+01
  -1.180  0.3838E-01  0.8007E+01
  -1.160  0.4082E-01  0.8008E+01
  -1.140  0.4329E-01  0.8009E+01
  -1.120  0.4577E-01  0.8009E+01
  -1.100  0.4827E-01  0.8010E+01
  -1.080  0.5080E-01  0.8011E+01
  -1.060  0.5335E-01  0.8013E+01
  -1.040  0.5593E-01  0.8014E+01
  -1.020  0.5853E-01  0.8015E+01
  -1.000  0.6115E-01  0.8016E+01
  -0.980  0.6380E-01  0.8017E+01
  -0.960  0.6649E-01  0.8019E+01
  -0.940  0.6922E-01  0.8020E+01
  -0.920  0.7198E-01  0.8021E+01
  -0.900  0.7476E-01  0.8023E+01
  -0.880  0.7758E-01  0.8025E+01
  -0.860  0.8044E-01  0.8026E+01
  -0.840  0.8336E-01  0.8028E+01
  -0.820  0.8632E-01  0.8030E+01
  -0.800  0.8932E-01  0.8031E+01
  -0.780  0.9235E-01  0.8033E+01
  -0.760  0.9545E-01  0.8035E+01
  -0.740  0.9862E-01  0.8037E+01
  -0.720  0.1018E+00  0.8039E+01
  -0.700  0.1051E+00  0.8041E+01
  -0.680  0.1084E+00  0.8043E+01
  -0.660  0.1119E+00  0.8046E+01
  -0.640  0.1153E+00  0.8048E+01
  -0.620  0.1189E+00  0.8050E+01
  -0.600  0.1226E+00  0.8053E+01
  -0.580  0.1263E+00  0.8055E+01
  -0.560  0.1301E+00  0.8058E+01
  -0.540  0.1341E+00  0.8061E+01
  -0.520  0.1382E+00  0.8063E+01
  -0.500  0.1423E+00  0.8066E+01
  -0.480  0.1466E+00  0.8069E+01
  -0.460  0.1510E+00  0.8072E+01
  -0.440  0.1556E+00  0.8075E+01
  -0.420  0.1604E+00  0.8078E+01
  -0.400  0.1653E+00  0.8082E+01
  -0.380  0.1704E+00  0.8085E+01
  -0.360  0.1757E+00  0.8089E+01
  -0.340  0.1812E+00  0.8092E+01
  -0.320  0.1870E+00  0.8096E+01
  -0.300  0.1931E+00  0.8100E+01
  -0.280  0.1995E+00  0.8104E+01
  -0.260  0.2062E+00  0.8108E+01
  -0.240  0.2132E+00  0.8112E+01
  -0.220  0.2207E+00  0.8117E+01
  -0.200  0.2288E+00  0.8121E+01
  -0.180  0.2376E+00  0.8126E+01
  -0.160  0.2472E+00  0.8131E+01
  -0.140  0.2580E+00  0.8136E+01
  -0.120  0.2706E+00  0.8142E+01
  -0.100  0.2861E+00  0.8147E+01
  -0.080  0.3055E+00  0.8153E+01
  -0.060  0.3303E+00  0.8160E+01
  -0.040  0.3615E+00  0.8167E+01
  -0.020  0.4002E+00  0.8175E+01
  -0.000  0.4469E+00  0.8184E+01
   0.020  0.5011E+00  0.8194E+01
   0.040  0.5615E+00  0.8205E+01
   0.060  0.6259E+00  0.8218E+01
   0.080  0.6913E+00  0.8232E+01
   0.100  0.7542E+00  0.8247E+01
   0.120  0.8104E+00  0.8263E+01
   0.140  0.8556E+00  0.8280E+01
   0.160  0.8860E+00  0.8298E+01
   0.180  0.8994E+00  0.8316E+01
   0.200  0.8962E+00  0.8334E+01
   0.220  0.8792E+00  0.8351E+01
   0.240  0.8530E+00  0.8368E+01
   0.260  0.8223E+00  0.8385E+01
   0.280  0.7911E+00  0.8401E+01
   0.300  0.7619E+00  0.8416E+01
   0.320  0.7362E+00  0.8431E+01
   0.340  0.7144E+00  0.8445E+01
   0.360  0.6961E+00  0.8459E+01
   0.380  0.6807E+00  0.8472E+01
   0.400  0.6676E+00  0.8486E+01
   0.420  0.6560E+00  0.8499E+01
   0.440  0.6457E+00  0.8512E+01
   0.460  0.6364E+00  0.8525E+01
   0.480  0.6281E+00  0.8537E+01
   0.500  0.6207E+00  0.8550E+01
   0.520  0.6138E+00  0.8562E+01
   0.540  0.6073E+00  0.8574E+01
   0.560  0.6012E+00  0.8586E+01
   0.580  0.5954E+00  0.8598E+01
   0.600  0.5902E+00  0.8610E+01
   0.620  0.5853E+00  0.8621E+01
   0.640  0.5808E+00  0.8633E+01
   0.660  0.5763E+00  0.8645E+01
   0.680  0.5720E+00  0.8656E+01
   0.700  0.5679E+00  0.8667E+01
   0.720  0.5640E+00  0.8679E+01
   0.740  0.5605E+00  0.8690E+01
   0.760  0.5572E+00  0.8701E+01
   0.780  0.5539E+00  0.8712E+01
   0.800  0.5506E+00  0.8723E+01
   0.820  0.5473E+00  0.8734E+01
   0.840  0.5443E+00  0.8745E+01
   0.860  0.5415E+00  0.8756E+01
   0.880  0.5389E+00  0.8767E+01
   0.900  0.5364E+00  0.8777E+01
   0.920  0.5337E+00  0.8788E+01
   0.940  0.5311E+00  0.8799E+01
   0.960  0.5285E+00  0.8809E+01
   0.980  0.5262E+00  0.8820E+01
   1.000  0.5241E+00  0.8830E+01
   1.020  0.5221E+00  0.8841E+01
   1.040  0.5199E+00  0.8851E+01
   1.060  0.5177E+00  0.8861E+01
   1.080  0.5155E+00  0.8872E+01
   1.100  0.5135E+00  0.8882E+01
   1.120  0.5117E+00  0.8892E+01
   1.140  0.5100E+00  0.8902E+01
   1.160  0.5083E+00  0.8912E+01
   1.180  0.5065E+00  0.8923E+01
   1.200  0.5048E+00  0.8933E+01
   1.220  0.5035E+00  0.8943E+01
   1.240  0.5031E+00  0.8953E+01
   1.260  0.5040E+00  0.8963E+01
   1.280  0.5069E+00  0.8973E+01
   1.300  0.5126E+00  0.8983E+01
   1.320  0.5222E+00  0.8994E+01
   1.340  0.5363E+00  0.9004E+01
   1.360  0.5553E+00  0.9016E+01
   1.380  0.5783E+00  0.9027E+01
   1.400  0.6034E+00  0.9039E+01
   1.420  0.6283E+00  0.9052E+01
   1.440  0.6506E+00  0.9065E+01
   1.460  0.6688E+00  0.9078E+01
   1.480  0.6826E+00  0.9092E+01
   1.500  0.6920E+00  0.9106E+01
   1.520  0.6977E+00  0.9120E+01
   1.540  0.7007E+00  0.9134E+01
   1.560  0.7016E+00  0.9148E+01
   1.580  0.7012E+00  0.9162E+01
   1.600  0.7003E+00  0.9176E+01
   1.620  0.6992E+00  0.9190E+01
   1.640  0.6983E+00  0.9204E+01
   1.660  0.6975E+00  0.9218E+01
   1.680  0.6965E+00  0.9232E+01
   1.700  0.6953E+00  0.9245E+01
   1.720  0.6940E+00  0.9259E+01
   1.740  0.6927E+00  0.9273E+01
   1.760  0.6916E+00  0.9287E+01
   1.780  0.6908E+00  0.9301E+01
   1.800  0.6900E+00  0.9315E+01
   1.820  0.6891E+00  0.9328E+01
   1.840  0.6880E+00  0.9342E+01
   1.860  0.6867E+00  0.9356E+01
   1.880  0.6855E+00  0.9370E+01
   1.900  0.6846E+00  0.9383E+01
   1.920  0.6839E+00  0.9397E+01
   1.940  0.6833E+00  0.9411E+01
   1.960  0.6824E+00  0.9424E+01
   1.980  0.6813E+00  0.9438E+01
   2.000  0.6801E+00  0.9452E+01
   2.020  0.6790E+00  0.9465E+01
   2.040  0.6782E+00  0.9479E+01
   2.060  0.6777E+00  0.9492E+01
   2.080  0.6770E+00  0.9506E+01
   2.100  0.6762E+00  0.9519E+01
   2.120  0.6751E+00  0.9533E+01
   2.140  0.6740E+00  0.9546E+01
   2.160  0.6730E+00  0.9560E+01
   2.180  0.6724E+00  0.9573E+01
   2.200  0.6719E+00  0.9587E+01
   2.220  0.6713E+00  0.9600E+01
   2.240  0.6705E+00  0.9613E+01
   2.260  0.6694E+00  0.9627E+01
   2.280  0.6683E+00  0.9640E+01
   2.300  0.6675E+00  0.9654E+01
   2.320  0.6669E+00  0.9667E+01
   2.340  0.6665E+00  0.9680E+01
   2.360  0.6660E+00  0.9694E+01
   2.380  0.6652E+00  0.9707E+01
   2.400  0.6642E+00  0.9720E+01
   2.420  0.6631E+00  0.9733E+01
   2.440  0.6623E+00  0.9747E+01
   2.460  0.6618E+00  0.9760E+01
   2.480  0.6615E+00  0.9773E+01
   2.500  0.6610E+00  0.9786E+01
   2.520  0.6603E+00  0.9800E+01
   2.540  0.6593E+00  0.9813E+01
   2.560  0.6583E+00  0.9826E+01
   2.580  0.6575E+00  0.9839E+01
   2.600  0.6571E+00  0.9852E+01
   2.620  0.6568E+00  0.9865E+01
   2.640  0.6564E+00  0.9878E+01
   2.660  0.6558E+00  0.9892E+01
   2.680  0.6548E+00  0.9905E+01
   2.700  0.6538E+00  0.9918E+01
   2.720  0.6531E+00  0.9931E+01
   2.740  0.6527E+00  0.9944E+01
   2.760  0.6525E+00  0.9957E+01
   2.780  0.6522E+00  0.9970E+01
   2.800  0.6516E+00  0.9983E+01
   2.820  0.6507E+00  0.9996E+01
   2.840  0.6497E+00  0.1001E+02
   2.860  0.6490E+00  0.1002E+02
   2.880  0.6487E+00  0.1003E+02
   2.900  0.6485E+00  0.1005E+02
   2.920  0.6483E+00  0.1006E+02
   2.940  0.6478E+00  0.1007E+02
   2.960  0.6471E+00  0.1009E+02
   2.980  0.6463E+00  0.1010E+02
   3.000  0.6459E+00  0.1011E+02
   3.020  0.6460E+00  0.1013E+02
   3.040  0.6471E+00  0.1014E+02
   3.060  0.6494E+00  0.1015E+02
   3.080  0.6536E+00  0.1016E+02
   3.100  0.6605E+00  0.1018E+02
   3.120  0.6711E+00  0.1019E+02
   3.140  0.6865E+00  0.1020E+02
   3.160  0.7070E+00  0.1022E+02
   3.180  0.7317E+00  0.1023E+02
   3.200  0.7587E+00  0.1025E+02
   3.220  0.7854E+00  0.1026E+02
   3.240  0.8094E+00  0.1028E+02
   3.260  0.8293E+00  0.1030E+02
   3.280  0.8447E+00  0.1031E+02
   3.300  0.8562E+00  0.1033E+02
   3.320  0.8648E+00  0.1035E+02
   3.340  0.8711E+00  0.1037E+02
   3.360  0.8756E+00  0.1038E+02
   3.380  0.8786E+00  0.1040E+02
   3.400  0.8802E+00  0.1042E+02
   3.420  0.8799E+00  0.1044E+02
   3.440  0.8770E+00  0.1045E+02
   3.460  0.8705E+00  0.1047E+02
   3.480  0.8598E+00  0.1049E+02
   3.500  0.8451E+00  0.1051E+02
   3.520  0.8283E+00  0.1052E+02
   3.540  0.8123E+00  0.1054E+02
   3.560  0.8004E+00  0.1055E+02
   3.580  0.7950E+00  0.1057E+02
   3.600  0.7971E+00  0.1059E+02
   3.620  0.8060E+00  0.1060E+02
   3.640  0.8194E+00  0.1062E+02
   3.660  0.8345E+00  0.1064E+02
   3.680  0.8488E+00  0.1065E+02
   3.700  0.8602E+00  0.1067E+02
   3.720  0.8680E+00  0.1069E+02
   3.740  0.8723E+00  0.1070E+02
   3.760  0.8737E+00  0.1072E+02
   3.780  0.8731E+00  0.1074E+02
   3.800  0.8714E+00  0.1076E+02
   3.820  0.8690E+00  0.1077E+02
   3.840  0.8665E+00  0.1079E+02
   3.860  0.8643E+00  0.1081E+02
   3.880  0.8626E+00  0.1083E+02
   3.900  0.8617E+00  0.1084E+02
   3.920  0.8617E+00  0.1086E+02
   3.940  0.8622E+00  0.1088E+02
   3.960  0.8628E+00  0.1089E+02
   3.980  0.8635E+00  0.1091E+02
   4.000  0.8643E+00  0.1093E+02
   4.020  0.8658E+00  0.1095E+02
   4.040  0.8687E+00  0.1096E+02
   4.060  0.8732E+00  0.1098E+02
   4.080  0.8789E+00  0.1100E+02
   4.100  0.8847E+00  0.1102E+02
   4.120  0.8893E+00  0.1103E+02
   4.140  0.8912E+00  0.1105E+02
   4.160  0.8890E+00  0.1107E+02
   4.180  0.8812E+00  0.1109E+02
   4.200  0.8667E+00  0.1111E+02
   4.220  0.8449E+00  0.1112E+02
   4.240  0.8162E+00  0.1114E+02
   4.260  0.7828E+00  0.1115E+02
   4.280  0.7483E+00  0.1117E+02
   4.300  0.7174E+00  0.1118E+02
   4.320  0.6949E+00  0.1120E+02
   4.340  0.6849E+00  0.1121E+02
   4.360  0.6900E+00  0.1122E+02
   4.380  0.7104E+00  0.1124E+02
   4.400  0.7440E+00  0.1125E+02
   4.420  0.7869E+00  0.1127E+02
   4.440  0.8345E+00  0.1129E+02
   4.460  0.8820E+00  0.1130E+02
   4.480  0.9261E+00  0.1132E+02
   4.500  0.9644E+00  0.1134E+02
   4.520  0.9959E+00  0.1136E+02
   4.540  0.1021E+01  0.1138E+02
   4.560  0.1039E+01  0.1140E+02
   4.580  0.1052E+01  0.1142E+02
   4.600  0.1062E+01  0.1145E+02
   4.620  0.1069E+01  0.1147E+02
   4.640  0.1073E+01  0.1149E+02
   4.660  0.1075E+01  0.1151E+02
   4.680  0.1075E+01  0.1153E+02
   4.700  0.1074E+01  0.1155E+02
   4.720  0.1072E+01  0.1157E+02
   4.740  0.1070E+01  0.1160E+02
   4.760  0.1069E+01  0.1162E+02
   4.780  0.1069E+01  0.1164E+02
   4.800  0.1069E+01  0.1166E+02
   4.820  0.1069E+01  0.1168E+02
   4.840  0.1068E+01  0.1170E+02
   4.860  0.1067E+01  0.1172E+02
   4.880  0.1066E+01  0.1174E+02
   4.900  0.1065E+01  0.1177E+02
   4.920  0.1065E+01  0.1179E+02
   4.940  0.1066E+01  0.1181E+02
   4.960  0.1067E+01  0.1183E+02
   4.980  0.1067E+01  0.1185E+02
   5.000  0.1066E+01  0.1187E+02
   5.020  0.1066E+01  0.1189E+02
   5.040  0.1066E+01  0.1192E+02
   5.060  0.1067E+01  0.1194E+02
   5.080  0.1069E+01  0.1196E+02
   5.100  0.1071E+01  0.1198E+02
   5.120  0.1074E+01  0.1200E+02
   5.140  0.1077E+01  0.1202E+02
   5.160  0.1080E+01  0.1204E+02
   5.180  0.1084E+01  0.1207E+02
   5.200  0.1088E+01  0.1209E+02
   5.220  0.1091E+01  0.1211E+02
   5.240  0.1091E+01  0.1213E+02
   5.260  0.1085E+01  0.1215E+02
   5.280  0.1071E+01  0.1217E+02
   5.300  0.1048E+01  0.1220E+02
   5.320  0.1020E+01  0.1222E+02
   5.340  0.9890E+00  0.1224E+02
   5.360  0.9617E+00  0.1225E+02
   5.380  0.9425E+00  0.1227E+02
   5.400  0.9350E+00  0.1229E+02
   5.420  0.9407E+00  0.1231E+02
   5.440  0.9586E+00  0.1233E+02
   5.460  0.9856E+00  0.1235E+02
   5.480  0.1017E+01  0.1237E+02
   5.500  0.1047E+01  0.1239E+02
   5.520  0.1071E+01  0.1241E+02
   5.540  0.1087E+01  0.1243E+02
   5.560  0.1094E+01  0.1246E+02
   5.580  0.1094E+01  0.1248E+02
   5.600  0.1089E+01  0.1250E+02
   5.620  0.1083E+01  0.1252E+02
   5.640  0.1078E+01  0.1254E+02
   5.660  0.1075E+01  0.1256E+02
   5.680  0.1075E+01  0.1259E+02
   5.700  0.1076E+01  0.1261E+02
   5.720  0.1081E+01  0.1263E+02
   5.740  0.1089E+01  0.1265E+02
   5.760  0.1105E+01  0.1267E+02
   5.780  0.1130E+01  0.1270E+02
   5.800  0.1167E+01  0.1272E+02
   5.820  0.1217E+01  0.1274E+02
   5.840  0.1278E+01  0.1277E+02
   5.860  0.1345E+01  0.1280E+02
   5.880  0.1412E+01  0.1282E+02
   5.900  0.1473E+01  0.1285E+02
   5.920  0.1525E+01  0.1288E+02
   5.940  0.1564E+01  0.1292E+02
   5.960  0.1591E+01  0.1295E+02
   5.980  0.1608E+01  0.1298E+02
   6.000  0.1618E+01  0.1301E+02
   6.020  0.1623E+01  0.1304E+02
   6.040  0.1625E+01  0.1308E+02
   6.060  0.1624E+01  0.1311E+02
   6.080  0.1620E+01  0.1314E+02
   6.100  0.1611E+01  0.1317E+02
   6.120  0.1594E+01  0.1321E+02
   6.140  0.1568E+01  0.1324E+02
   6.160  0.1531E+01  0.1327E+02
   6.180  0.1483E+01  0.1330E+02
   6.200  0.1424E+01  0.1333E+02
   6.220  0.1359E+01  0.1335E+02
   6.240  0.1292E+01  0.1338E+02
   6.260  0.1229E+01  0.1340E+02
   6.280  0.1172E+01  0.1343E+02
   6.300  0.1126E+01  0.1345E+02
   6.320  0.1088E+01  0.1347E+02
   6.340  0.1059E+01  0.1349E+02
   6.360  0.1034E+01  0.1351E+02
   6.380  0.1012E+01  0.1353E+02
   6.400  0.9930E+00  0.1355E+02
   6.420  0.9762E+00  0.1357E+02
   6.440  0.9621E+00  0.1359E+02
   6.460  0.9508E+00  0.1361E+02
   6.480  0.9415E+00  0.1363E+02
   6.500  0.9329E+00  0.1365E+02
   6.520  0.9240E+00  0.1367E+02
   6.540  0.9142E+00  0.1369E+02
   6.560  0.9039E+00  0.1370E+02
   6.580  0.8943E+00  0.1372E+02
   6.600  0.8862E+00  0.1374E+02
   6.620  0.8797E+00  0.1376E+02
   6.640  0.8743E+00  0.1377E+02
   6.660  0.8691E+00  0.1379E+02
   6.680  0.8632E+00  0.1381E+02
   6.700  0.8568E+00  0.1383E+02
   6.720  0.8500E+00  0.1384E+02
   6.740  0.8436E+00  0.1386E+02
   6.760  0.8377E+00  0.1388E+02
   6.780  0.8325E+00  0.1389E+02
   6.800  0.8278E+00  0.1391E+02
   6.820  0.8237E+00  0.1393E+02
   6.840  0.8200E+00  0.1394E+02
   6.860  0.8163E+00  0.1396E+02
   6.880  0.8122E+00  0.1397E+02
   6.900  0.8073E+00  0.1399E+02
   6.920  0.8018E+00  0.1401E+02
   6.940  0.7966E+00  0.1402E+02
   6.960  0.7923E+00  0.1404E+02
   6.980  0.7894E+00  0.1405E+02
   7.000  0.7874E+00  0.1407E+02
   7.020  0.7854E+00  0.1409E+02
   7.040  0.7824E+00  0.1410E+02
   7.060  0.7783E+00  0.1412E+02
   7.080  0.7734E+00  0.1413E+02
   7.100  0.7688E+00  0.1415E+02
   7.120  0.7652E+00  0.1416E+02
   7.140  0.7627E+00  0.1418E+02
   7.160  0.7609E+00  0.1419E+02
   7.180  0.7591E+00  0.1421E+02
   7.200  0.7568E+00  0.1422E+02
   7.220  0.7540E+00  0.1424E+02
   7.240  0.7511E+00  0.1425E+02
   7.260  0.7479E+00  0.1427E+02
   7.280  0.7445E+00  0.1428E+02
   7.300  0.7409E+00  0.1430E+02
   7.320  0.7377E+00  0.1431E+02
   7.340  0.7353E+00  0.1433E+02
   7.360  0.7343E+00  0.1434E+02
   7.380  0.7342E+00  0.1436E+02
   7.400  0.7336E+00  0.1437E+02
   7.420  0.7315E+00  0.1439E+02
   7.440  0.7274E+00  0.1440E+02
   7.460  0.7221E+00  0.1442E+02
   7.480  0.7174E+00  0.1443E+02
   7.500  0.7150E+00  0.1444E+02
   7.520  0.7154E+00  0.1446E+02
   7.540  0.7172E+00  0.1447E+02
   7.560  0.7184E+00  0.1449E+02
   7.580  0.7171E+00  0.1450E+02
   7.600  0.7127E+00  0.1452E+02
   7.620  0.7065E+00  0.1453E+02
   7.640  0.7011E+00  0.1454E+02
   7.660  0.6985E+00  0.1456E+02
   7.680  0.6992E+00  0.1457E+02
   7.700  0.7018E+00  0.1459E+02
   7.720  0.7040E+00  0.1460E+02
   7.740  0.7036E+00  0.1461E+02
   7.760  0.6998E+00  0.1463E+02
   7.780  0.6940E+00  0.1464E+02
   7.800  0.6886E+00  0.1466E+02
   7.820  0.6857E+00  0.1467E+02
   7.840  0.6858E+00  0.1468E+02
   7.860  0.6880E+00  0.1470E+02
   7.880  0.6901E+00  0.1471E+02
   7.900  0.6903E+00  0.1473E+02
   7.920  0.6879E+00  0.1474E+02
   7.940  0.6837E+00  0.1475E+02
   7.960  0.6795E+00  0.1477E+02
   7.980  0.6766E+00  0.1478E+02
   8.000  0.6756E+00  0.1479E+02
   8.020  0.6760E+00  0.1481E+02
   8.040  0.6769E+00  0.1482E+02
   8.060  0.6772E+00  0.1483E+02
   8.080  0.6766E+00  0.1485E+02
   8.100  0.6751E+00  0.1486E+02
   8.120  0.6729E+00  0.1487E+02
   8.140  0.6705E+00  0.1489E+02
   8.160  0.6682E+00  0.1490E+02
   8.180  0.6664E+00  0.1491E+02
   8.200  0.6654E+00  0.1493E+02
   8.220  0.6656E+00  0.1494E+02
   8.240  0.6664E+00  0.1495E+02
   8.260  0.6673E+00  0.1497E+02
   8.280  0.6673E+00  0.1498E+02
   8.300  0.6659E+00  0.1499E+02
   8.320  0.6631E+00  0.1501E+02
   8.340  0.6598E+00  0.1502E+02
   8.360  0.6575E+00  0.1503E+02
   8.380  0.6570E+00  0.1505E+02
   8.400  0.6587E+00  0.1506E+02
   8.420  0.6614E+00  0.1507E+02
   8.440  0.6635E+00  0.1509E+02
   8.460  0.6634E+00  0.1510E+02
   8.480  0.6608E+00  0.1511E+02
   8.500  0.6569E+00  0.1513E+02
   8.520  0.6535E+00  0.1514E+02
   8.540  0.6526E+00  0.1515E+02
   8.560  0.6546E+00  0.1517E+02
   8.580  0.6585E+00  0.1518E+02
   8.600  0.6621E+00  0.1519E+02
   8.620  0.6636E+00  0.1521E+02
   8.640  0.6623E+00  0.1522E+02
   8.660  0.6591E+00  0.1523E+02
   8.680  0.6560E+00  0.1524E+02
   8.700  0.6549E+00  0.1526E+02
   8.720  0.6566E+00  0.1527E+02
   8.740  0.6600E+00  0.1528E+02
   8.760  0.6629E+00  0.1530E+02
   8.780  0.6631E+00  0.1531E+02
   8.800  0.6591E+00  0.1532E+02
   8.820  0.6512E+00  0.1534E+02
   8.840  0.6413E+00  0.1535E+02
   8.860  0.6323E+00  0.1536E+02
   8.880  0.6271E+00  0.1538E+02
   8.900  0.6278E+00  0.1539E+02
   8.920  0.6358E+00  0.1540E+02
   8.940  0.6508E+00  0.1541E+02
   8.960  0.6714E+00  0.1543E+02
   8.980  0.6950E+00  0.1544E+02
   9.000  0.7184E+00  0.1546E+02
   9.020  0.7379E+00  0.1547E+02
   9.040  0.7506E+00  0.1548E+02
   9.060  0.7542E+00  0.1550E+02
   9.080  0.7478E+00  0.1551E+02
   9.100  0.7315E+00  0.1553E+02
   9.120  0.7063E+00  0.1554E+02
   9.140  0.6743E+00  0.1556E+02
   9.160  0.6384E+00  0.1557E+02
   9.180  0.6021E+00  0.1558E+02
   9.200  0.5689E+00  0.1559E+02
   9.220  0.5413E+00  0.1560E+02
   9.240  0.5208E+00  0.1561E+02
   9.260  0.5069E+00  0.1562E+02
   9.280  0.4977E+00  0.1563E+02
   9.300  0.4906E+00  0.1564E+02
   9.320  0.4840E+00  0.1565E+02
   9.340  0.4770E+00  0.1566E+02
   9.360  0.4708E+00  0.1567E+02
   9.380  0.4668E+00  0.1568E+02
   9.400  0.4662E+00  0.1569E+02
   9.420  0.4682E+00  0.1570E+02
   9.440  0.4704E+00  0.1571E+02
   9.460  0.4689E+00  0.1572E+02
   9.480  0.4607E+00  0.1573E+02
   9.500  0.4448E+00  0.1574E+02
   9.520  0.4231E+00  0.1575E+02
   9.540  0.3998E+00  0.1575E+02
   9.560  0.3795E+00  0.1576E+02
   9.580  0.3653E+00  0.1577E+02
   9.600  0.3578E+00  0.1578E+02
   9.620  0.3550E+00  0.1578E+02
   9.640  0.3541E+00  0.1579E+02
   9.660  0.3526E+00  0.1580E+02
   9.680  0.3497E+00  0.1580E+02
   9.700  0.3460E+00  0.1581E+02
   9.720  0.3427E+00  0.1582E+02
   9.740  0.3404E+00  0.1583E+02
   9.760  0.3382E+00  0.1583E+02
   9.780  0.3344E+00  0.1584E+02
   9.800  0.3269E+00  0.1585E+02
   9.820  0.3151E+00  0.1585E+02
   9.840  0.2996E+00  0.1586E+02
   9.860  0.2827E+00  0.1586E+02
   9.880  0.2668E+00  0.1587E+02
   9.900  0.2537E+00  0.1587E+02
   9.920  0.2434E+00  0.1588E+02
   9.940  0.2348E+00  0.1588E+02
   9.960  0.2261E+00  0.1589E+02
   9.980  0.2164E+00  0.1589E+02
  10.000  0.2056E+00  0.1590E+02
  10.020  0.1947E+00  0.1590E+02
  10.040  0.1851E+00  0.1590E+02
  10.060  0.1779E+00  0.1591E+02
  10.080  0.1732E+00  0.1591E+02
  10.100  0.1703E+00  0.1591E+02
  10.120  0.1679E+00  0.1592E+02
  10.140  0.1648E+00  0.1592E+02
  10.160  0.1601E+00  0.1592E+02
  10.180  0.1540E+00  0.1593E+02
  10.200  0.1472E+00  0.1593E+02
  10.220  0.1408E+00  0.1593E+02
  10.240  0.1359E+00  0.1594E+02
  10.260  0.1325E+00  0.1594E+02
  10.280  0.1301E+00  0.1594E+02
  10.300  0.1281E+00  0.1594E+02
  10.320  0.1257E+00  0.1595E+02
  10.340  0.1229E+00  0.1595E+02
  10.360  0.1197E+00  0.1595E+02
  10.380  0.1163E+00  0.1595E+02
  10.400  0.1126E+00  0.1596E+02
  10.420  0.1085E+00  0.1596E+02
  10.440  0.1042E+00  0.1596E+02
  10.460  0.1000E+00  0.1596E+02
  10.480  0.9689E-01  0.1596E+02
  10.500  0.9518E-01  0.1597E+02
  10.520  0.9471E-01  0.1597E+02
  10.540  0.9451E-01  0.1597E+02
  10.560  0.9333E-01  0.1597E+02
  10.580  0.9032E-01  0.1597E+02
  10.600  0.8559E-01  0.1597E+02
  10.620  0.8017E-01  0.1598E+02
  10.640  0.7549E-01  0.1598E+02
  10.660  0.7263E-01  0.1598E+02
  10.680  0.7171E-01  0.1598E+02
  10.700  0.7192E-01  0.1598E+02
  10.720  0.7193E-01  0.1598E+02
  10.740  0.7067E-01  0.1598E+02
  10.760  0.6780E-01  0.1599E+02
  10.780  0.6381E-01  0.1599E+02
  10.800  0.5964E-01  0.1599E+02
  10.820  0.5619E-01  0.1599E+02
  10.840  0.5385E-01  0.1599E+02
  10.860  0.5242E-01  0.1599E+02
  10.880  0.5126E-01  0.1599E+02
  10.900  0.4965E-01  0.1599E+02
  10.920  0.4711E-01  0.1600E+02
  10.940  0.4353E-01  0.1600E+02
  10.960  0.3914E-01  0.1600E+02
  10.980  0.3434E-01  0.1600E+02
  11.000  0.2953E-01  0.1600E+02
  11.020  0.2496E-01  0.1600E+02
  11.040  0.2070E-01  0.1600E+02
  11.060  0.1674E-01  0.1600E+02
  11.080  0.1309E-01  0.1600E+02
  11.100  0.9794E-02  0.1600E+02
  11.120  0.6939E-02  0.1600E+02
  11.140  0.4617E-02  0.1600E+02
  11.160  0.2867E-02  0.1600E+02
  11.180  0.1653E-02  0.1600E+02
  11.200  0.8814E-03  0.1600E+02
  11.220  0.4338E-03  0.1600E+02
  11.240  0.1966E-03  0.1600E+02
  11.260  0.8196E-04  0.1600E+02
  11.280  0.3139E-04  0.1600E+02
  11.300  0.1104E-04  0.1600E+02
  11.320  0.3563E-05  0.1600E+02
  11.340  0.1055E-05  0.1600E+02
  11.360  0.2863E-06  0.1600E+02
  11.380  0.7126E-07  0.1600E+02
  11.400  0.1626E-07  0.1600E+02
  11.420  0.3398E-08  0.1600E+02
  11.440  0.6510E-09  0.1600E+02
  11.460  0.1143E-09  0.1600E+02
  11.480  0.1837E-10  0.1600E+02
  11.500  0.2707E-11  0.1600E+02
  11.520  0.3653E-12  0.1600E+02
  11.540  0.4515E-13  0.1600E+02
  11.560  0.5113E-14  0.1600E+02
  11.580  0.5303E-15  0.1600E+02
  11.600  0.5037E-16  0.1600E+02
  11.620  0.4382E-17  0.1600E+02
  11.640  0.3492E-18  0.1600E+02
  11.660  0.2548E-19  0.1600E+02
  11.680  0.1703E-20  0.1600E+02
  11.700  0.1042E-21  0.1600E+02
  11.720  0.5840E-23  0.1600E+02
  11.740  0.2997E-24  0.1600E+02
  11.760  0.1409E-25  0.1600E+02
  11.780  0.6062E-27  0.1600E+02
  11.800  0.2389E-28  0.1600E+02
  11.820  0.8621E-30  0.1600E+02
  11.840  0.2849E-31  0.1600E+02
  11.860  0.8620E-33  0.1600E+02
  11.880  0.2388E-34  0.1600E+02
  11.900  0.6059E-36  0.1600E+02
  11.920  0.1408E-37  0.1600E+02
  11.940  0.2994E-39  0.1600E+02
  11.960  0.5831E-41  0.1600E+02
  11.980  0.1040E-42  0.1600E+02
  12.000  0.1698E-44  0.1600E+02
  12.020  0.2539E-46  0.1600E+02
  12.040  0.3476E-48  0.1600E+02
  12.060  0.4357E-50  0.1600E+02
  12.080  0.5000E-52  0.1600E+02
  12.100  0.5254E-54  0.1600E+02
  12.120  0.5055E-56  0.1600E+02
  12.140  0.4454E-58  0.1600E+02
  12.160  0.3592E-60  0.1600E+02
  12.180  0.2653E-62  0.1600E+02
  12.200  0.1794E-64  0.1600E+02
  12.220  0.1111E-66  0.1600E+02
  12.240  0.6297E-69  0.1600E+02
  12.260  0.3268E-71  0.1600E+02
  12.280  0.1553E-73  0.1600E+02
  12.300  0.6758E-76  0.1600E+02
  12.320  0.2693E-78  0.1600E+02
  12.340  0.9823E-81  0.1600E+02
  12.360  0.3411E-83  0.1600E+02
  12.380  0.1412E-84  0.1600E+02
  12.400  0.1312E-84  0.1600E+02
  12.420  0.1312E-84  0.1600E+02
  12.440  0.1312E-84  0.1600E+02
  12.460  0.1312E-84  0.1600E+02
  12.480  0.1312E-84  0.1600E+02
  12.500  0.1312E-84  0.1600E+02
  12.520  0.1312E-84  0.1600E+02
  12.540  0.1312E-84  0.1600E+02
  12.560  0.1312E-84  0.1600E+02
  12.580  0.1312E-84  0.1600E+02
  12.600  0.1312E-84  0.1600E+02
  12.620  0.1312E-84  0.1600E+02
  12.640  0.1312E-84  0.1600E+02
  12.660  0.1312E-84  0.1600E+02
  12.680  0.1312E-84  0.1600E+02
  12.700  0.1312E-84  0.1600E+02
  12.720  0.1312E-84  0.1600E+02
  12.740  0.1312E-84  0.1600E+02
  12.760  0.1312E-84  0.1600E+02
  12.780  0.1312E-84  0.1600E+02
  12.800  0.1312E-84  0.1600E+02
  12.820  0.1312E-84  0.1600E+02
  12.840  0.1312E-84  0.1600E+02
  12.860  0.1312E-84  0.1600E+02
  12.880  0.1312E-84  0.1600E+02
  12.900  0.1312E-84  0.1600E+02
  12.920  0.1312E-84  0.1600E+02
  12.940  0.1312E-84  0.1600E+02
  12.960  0.1312E-84  0.1600E+02
  12.980  0.1312E-84  0.1600E+02
  13.000  0.1312E-84  0.1600E+02
  13.020  0.1312E-84  0.1600E+02
  13.040  0.1312E-84  0.1600E+02
  13.060  0.1312E-84  0.1600E+02
  13.080  0.1312E-84  0.1600E+02
  13.100  0.1312E-84  0.1600E+02
  13.120  0.1312E-84  0.1600E+02
  13.140  0.1312E-84  0.1600E+02
  13.160  0.1312E-84  0.1600E+02
  13.180  0.1312E-84  0.1600E+02
  13.200  0.1312E-84  0.1600E+02
  13.220  0.1312E-84  0.1600E+02
  13.240  0.1312E-84  0.1600E+02
  13.260  0.1312E-84  0.1600E+02
  13.280  0.1312E-84  0.1600E+02
  13.300  0.1312E-84  0.1600E+02
  13.320  0.1312E-84  0.1600E+02
  13.340  0.1312E-84  0.1600E+02
  13.360  0.1312E-84  0.1600E+02
  13.380  0.1312E-84  0.1600E+02
  13.400  0.1312E-84  0.1600E+02
  13.420  0.1312E-84  0.1600E+02
  13.440  0.1312E-84  0.1600E+02
  13.460  0.1312E-84  0.1600E+02
  13.480  0.1312E-84  0.1600E+02
  13.500  0.1312E-84  0.1600E+02
  13.520  0.1312E-84  0.1600E+02
  13.540  0.1312E-84  0.1600E+02
  13.560  0.1312E-84  0.1600E+02
  13.580  0.1312E-84  0.1600E+02
  13.600  0.1312E-84  0.1600E+02
  13.620  0.1312E-84  0.1600E+02
  13.640  0.1312E-84  0.1600E+02
  13.660  0.1312E-84  0.1600E+02
  13.680  0.1312E-84  0.1600E+02
  13.700  0.1312E-84  0.1600E+02
  13.720  0.1312E-84  0.1600E+02
  13.740  0.1312E-84  0.1600E+02
  13.760  0.1312E-84  0.1600E+02
  13.780  0.1312E-84  0.1600E+02
  13.800  0.1312E-84  0.1600E+02
  13.820  0.1312E-84  0.1600E+02
  13.840  0.1312E-84  0.1600E+02
  13.860  0.1312E-84  0.1600E+02
  13.880  0.1312E-84  0.1600E+02
  13.900  0.1312E-84  0.1600E+02
  13.920  0.1312E-84  0.1600E+02
  13.940  0.1312E-84  0.1600E+02
  13.960  0.1312E-84  0.1600E+02
  13.980  0.1312E-84  0.1600E+02
  14.000  0.1312E-84  0.1600E+02
  14.020  0.1312E-84  0.1600E+02
  14.040  0.1312E-84  0.1600E+02
  14.060  0.1312E-84  0.1600E+02
  14.080  0.1312E-84  0.1600E+02
  14.100  0.1312E-84  0.1600E+02
  14.120  0.1312E-84  0.1600E+02
  14.140  0.1312E-84  0.1600E+02
  14.160  0.1312E-84  0.1600E+02
  14.180  0.1312E-84  0.1600E+02
  14.200  0.1312E-84  0.1600E+02
  14.220  0.1312E-84  0.1600E+02
  14.240  0.1312E-84  0.1600E+02
  14.260  0.1312E-84  0.1600E+02
  14.280  0.1312E-84  0.1600E+02
  14.300  0.1312E-84  0.1600E+02
  14.320  0.1312E-84  0.1600E+02
  14.340  0.1312E-84  0.1600E+02
  14.360  0.1312E-84  0.1600E+02
  14.380  0.1312E-84  0.1600E+02
  14.400  0.1312E-84  0.1600E+02
  14.420  0.1312E-84  0.1600E+02
  14.440  0.1312E-84  0.1600E+02
  14.460  0.1312E-84  0.1600E+02
  14.480  0.1312E-84  0.1600E+02
  14.500  0.1312E-84  0.1600E+02
  14.520  0.1312E-84  0.1600E+02
  14.540  0.1312E-84  0.1600E+02
  14.560  0.1312E-84  0.1600E+02
  14.580  0.1312E-84  0.1600E+02
  14.600  0.1312E-84  0.1600E+02
  14.620  0.1312E-84  0.1600E+02
  14.640  0.1312E-84  0.1600E+02
  14.660  0.1312E-84  0.1600E+02
  14.680  0.1312E-84  0.1600E+02
  14.700  0.1312E-84  0.1600E+02
  14.720  0.1312E-84  0.1600E+02
  14.740  0.1312E-84  0.1600E+02
  14.760  0.1312E-84  0.1600E+02
  14.780  0.1312E-84  0.1600E+02
  14.800  0.1312E-84  0.1600E+02
  14.820  0.1312E-84  0.1600E+02
  14.840  0.1312E-84  0.1600E+02
  14.860  0.1312E-84  0.1600E+02
  14.880  0.1312E-84  0.1600E+02
  14.900  0.1312E-84  0.1600E+02
  14.920  0.1312E-84  0.1600E+02
  14.940  0.1312E-84  0.1600E+02
  14.960  0.1312E-84  0.1600E+02
  14.980  0.1312E-84  0.1600E+02
  15.000  0.1312E-84  0.1600E+02
