#  E (eV)   dos(E)     Int dos(E) EFermi =   -1.629 eV
 -24.000  0.1312E-84  0.2623E-86
 -23.980  0.1312E-84  0.5247E-86
 -23.960  0.1312E-84  0.7870E-86
 -23.940  0.1312E-84  0.1049E-85
 -23.920  0.1312E-84  0.1312E-85
 -23.900  0.1312E-84  0.1574E-85
 -23.880  0.1312E-84  0.1836E-85
 -23.860  0.1312E-84  0.2099E-85
 -23.840  0.1312E-84  0.2361E-85
 -23.820  0.1312E-84  0.2623E-85
 -23.800  0.1312E-84  0.2886E-85
 -23.780  0.1312E-84  0.3148E-85
 -23.760  0.1312E-84  0.3410E-85
 -23.740  0.1312E-84  0.3673E-85
 -23.720  0.1312E-84  0.3935E-85
 -23.700  0.1312E-84  0.4197E-85
 -23.680  0.1312E-84  0.4460E-85
 -23.660  0.1312E-84  0.4722E-85
 -23.640  0.1312E-84  0.4984E-85
 -23.620  0.1312E-84  0.5247E-85
 -23.600  0.1312E-84  0.5509E-85
 -23.580  0.1312E-84  0.5771E-85
 -23.560  0.1312E-84  0.6034E-85
 -23.540  0.1312E-84  0.6296E-85
 -23.520  0.1312E-84  0.6558E-85
 -23.500  0.1312E-84  0.6821E-85
 -23.480  0.1312E-84  0.7083E-85
 -23.460  0.1312E-84  0.7345E-85
 -23.440  0.1312E-84  0.7608E-85
 -23.420  0.1312E-84  0.7870E-85
 -23.400  0.1312E-84  0.8132E-85
 -23.380  0.1312E-84  0.8395E-85
 -23.360  0.1312E-84  0.8657E-85
 -23.340  0.1312E-84  0.8919E-85
 -23.320  0.1312E-84  0.9182E-85
 -23.300  0.1312E-84  0.9444E-85
 -23.280  0.1312E-84  0.9706E-85
 -23.260  0.1312E-84  0.9969E-85
 -23.240  0.1312E-84  0.1023E-84
 -23.220  0.1312E-84  0.1049E-84
 -23.200  0.1312E-84  0.1076E-84
 -23.180  0.1312E-84  0.1102E-84
 -23.160  0.1312E-84  0.1128E-84
 -23.140  0.1312E-84  0.1154E-84
 -23.120  0.1312E-84  0.1181E-84
 -23.100  0.1312E-84  0.1207E-84
 -23.080  0.1312E-84  0.1233E-84
 -23.060  0.1312E-84  0.1259E-84
 -23.040  0.1312E-84  0.1285E-84
 -23.020  0.1312E-84  0.1312E-84
 -23.000  0.1312E-84  0.1338E-84
 -22.980  0.1312E-84  0.1364E-84
 -22.960  0.1312E-84  0.1390E-84
 -22.940  0.1312E-84  0.1417E-84
 -22.920  0.1312E-84  0.1443E-84
 -22.900  0.1312E-84  0.1469E-84
 -22.880  0.1312E-84  0.1495E-84
 -22.860  0.1312E-84  0.1522E-84
 -22.840  0.1312E-84  0.1548E-84
 -22.820  0.1312E-84  0.1574E-84
 -22.800  0.1312E-84  0.1600E-84
 -22.780  0.1312E-84  0.1626E-84
 -22.760  0.1312E-84  0.1653E-84
 -22.740  0.1312E-84  0.1679E-84
 -22.720  0.1312E-84  0.1705E-84
 -22.700  0.1312E-84  0.1731E-84
 -22.680  0.1312E-84  0.1758E-84
 -22.660  0.1312E-84  0.1784E-84
 -22.640  0.1312E-84  0.1810E-84
 -22.620  0.1312E-84  0.1836E-84
 -22.600  0.1312E-84  0.1863E-84
 -22.580  0.1312E-84  0.1889E-84
 -22.560  0.1312E-84  0.1915E-84
 -22.540  0.1312E-84  0.1941E-84
 -22.520  0.1312E-84  0.1968E-84
 -22.500  0.1312E-84  0.1994E-84
 -22.480  0.1315E-84  0.2020E-84
 -22.460  0.2511E-84  0.2070E-84
 -22.440  0.3850E-82  0.9770E-84
 -22.420  0.1123E-79  0.2256E-81
 -22.400  0.3012E-77  0.6047E-79
 -22.380  0.7397E-75  0.1485E-76
 -22.360  0.1663E-72  0.3342E-74
 -22.340  0.3426E-70  0.6886E-72
 -22.320  0.6463E-68  0.1299E-69
 -22.300  0.1116E-65  0.2246E-67
 -22.280  0.1766E-63  0.3555E-65
 -22.260  0.2560E-61  0.5155E-63
 -22.240  0.3397E-59  0.6845E-61
 -22.220  0.4129E-57  0.8326E-59
 -22.200  0.4596E-55  0.9276E-57
 -22.180  0.4687E-53  0.9466E-55
 -22.160  0.4377E-51  0.8848E-53
 -22.140  0.3744E-49  0.7576E-51
 -22.120  0.2933E-47  0.5942E-49
 -22.100  0.2105E-45  0.4269E-47
 -22.080  0.1384E-43  0.2810E-45
 -22.060  0.8331E-42  0.1694E-43
 -22.040  0.4595E-40  0.9359E-42
 -22.020  0.2321E-38  0.4737E-40
 -22.000  0.1074E-36  0.2196E-38
 -21.980  0.4555E-35  0.9329E-37
 -21.960  0.1769E-33  0.3631E-35
 -21.940  0.6294E-32  0.1295E-33
 -21.920  0.2052E-30  0.4233E-32
 -21.900  0.6127E-29  0.1268E-30
 -21.880  0.1676E-27  0.3480E-29
 -21.860  0.4203E-26  0.8753E-28
 -21.840  0.9653E-25  0.2018E-26
 -21.820  0.2032E-23  0.4265E-25
 -21.800  0.3918E-22  0.8264E-24
 -21.780  0.6925E-21  0.1468E-22
 -21.760  0.1122E-19  0.2390E-21
 -21.740  0.1665E-18  0.3569E-20
 -21.720  0.2265E-17  0.4888E-19
 -21.700  0.2825E-16  0.6139E-18
 -21.680  0.3230E-15  0.7073E-17
 -21.660  0.3385E-14  0.7477E-16
 -21.640  0.3252E-13  0.7252E-15
 -21.620  0.2865E-12  0.6456E-14
 -21.600  0.2315E-11  0.5276E-13
 -21.580  0.1716E-10  0.3959E-12
 -21.560  0.1166E-09  0.2728E-11
 -21.540  0.7272E-09  0.1727E-10
 -21.520  0.4161E-08  0.1005E-09
 -21.500  0.2186E-07  0.5376E-09
 -21.480  0.1054E-06  0.2645E-08
 -21.460  0.4665E-06  0.1198E-07
 -21.440  0.1897E-05  0.4992E-07
 -21.420  0.7089E-05  0.1917E-06
 -21.400  0.2435E-04  0.6787E-06
 -21.380  0.7693E-04  0.2217E-05
 -21.360  0.2236E-03  0.6690E-05
 -21.340  0.5987E-03  0.1866E-04
 -21.320  0.1477E-02  0.4821E-04
 -21.300  0.3362E-02  0.1155E-03
 -21.280  0.7068E-02  0.2568E-03
 -21.260  0.1374E-01  0.5317E-03
 -21.240  0.2476E-01  0.1027E-02
 -21.220  0.4140E-01  0.1855E-02
 -21.200  0.6447E-01  0.3144E-02
 -21.180  0.9373E-01  0.5019E-02
 -21.160  0.1278E+00  0.7574E-02
 -21.140  0.1640E+00  0.1085E-01
 -21.120  0.1994E+00  0.1484E-01
 -21.100  0.2310E+00  0.1946E-01
 -21.080  0.2569E+00  0.2460E-01
 -21.060  0.2764E+00  0.3013E-01
 -21.040  0.2898E+00  0.3592E-01
 -21.020  0.2983E+00  0.4189E-01
 -21.000  0.3032E+00  0.4795E-01
 -20.980  0.3058E+00  0.5407E-01
 -20.960  0.3071E+00  0.6021E-01
 -20.940  0.3077E+00  0.6636E-01
 -20.920  0.3080E+00  0.7252E-01
 -20.900  0.3082E+00  0.7869E-01
 -20.880  0.3083E+00  0.8485E-01
 -20.860  0.3083E+00  0.9102E-01
 -20.840  0.3084E+00  0.9719E-01
 -20.820  0.3085E+00  0.1034E+00
 -20.800  0.3086E+00  0.1095E+00
 -20.780  0.3086E+00  0.1157E+00
 -20.760  0.3087E+00  0.1219E+00
 -20.740  0.3088E+00  0.1281E+00
 -20.720  0.3088E+00  0.1342E+00
 -20.700  0.3089E+00  0.1404E+00
 -20.680  0.3090E+00  0.1466E+00
 -20.660  0.3090E+00  0.1528E+00
 -20.640  0.3091E+00  0.1589E+00
 -20.620  0.3092E+00  0.1651E+00
 -20.600  0.3093E+00  0.1713E+00
 -20.580  0.3093E+00  0.1775E+00
 -20.560  0.3094E+00  0.1837E+00
 -20.540  0.3095E+00  0.1899E+00
 -20.520  0.3096E+00  0.1961E+00
 -20.500  0.3096E+00  0.2023E+00
 -20.480  0.3097E+00  0.2085E+00
 -20.460  0.3098E+00  0.2147E+00
 -20.440  0.3099E+00  0.2209E+00
 -20.420  0.3099E+00  0.2271E+00
 -20.400  0.3100E+00  0.2333E+00
 -20.380  0.3101E+00  0.2395E+00
 -20.360  0.3102E+00  0.2457E+00
 -20.340  0.3102E+00  0.2519E+00
 -20.320  0.3103E+00  0.2581E+00
 -20.300  0.3104E+00  0.2643E+00
 -20.280  0.3105E+00  0.2705E+00
 -20.260  0.3105E+00  0.2767E+00
 -20.240  0.3106E+00  0.2829E+00
 -20.220  0.3107E+00  0.2891E+00
 -20.200  0.3108E+00  0.2953E+00
 -20.180  0.3109E+00  0.3016E+00
 -20.160  0.3109E+00  0.3078E+00
 -20.140  0.3110E+00  0.3140E+00
 -20.120  0.3111E+00  0.3202E+00
 -20.100  0.3112E+00  0.3264E+00
 -20.080  0.3113E+00  0.3327E+00
 -20.060  0.3113E+00  0.3389E+00
 -20.040  0.3114E+00  0.3451E+00
 -20.020  0.3115E+00  0.3514E+00
 -20.000  0.3116E+00  0.3576E+00
 -19.980  0.3117E+00  0.3638E+00
 -19.960  0.3118E+00  0.3701E+00
 -19.940  0.3118E+00  0.3763E+00
 -19.920  0.3119E+00  0.3825E+00
 -19.900  0.3120E+00  0.3888E+00
 -19.880  0.3121E+00  0.3950E+00
 -19.860  0.3122E+00  0.4013E+00
 -19.840  0.3123E+00  0.4075E+00
 -19.820  0.3124E+00  0.4137E+00
 -19.800  0.3125E+00  0.4200E+00
 -19.780  0.3125E+00  0.4262E+00
 -19.760  0.3126E+00  0.4325E+00
 -19.740  0.3127E+00  0.4388E+00
 -19.720  0.3128E+00  0.4450E+00
 -19.700  0.3129E+00  0.4513E+00
 -19.680  0.3130E+00  0.4575E+00
 -19.660  0.3131E+00  0.4638E+00
 -19.640  0.3132E+00  0.4701E+00
 -19.620  0.3133E+00  0.4763E+00
 -19.600  0.3134E+00  0.4826E+00
 -19.580  0.3135E+00  0.4889E+00
 -19.560  0.3135E+00  0.4951E+00
 -19.540  0.3136E+00  0.5014E+00
 -19.520  0.3137E+00  0.5077E+00
 -19.500  0.3138E+00  0.5140E+00
 -19.480  0.3139E+00  0.5202E+00
 -19.460  0.3140E+00  0.5265E+00
 -19.440  0.3141E+00  0.5328E+00
 -19.420  0.3142E+00  0.5391E+00
 -19.400  0.3143E+00  0.5454E+00
 -19.380  0.3144E+00  0.5517E+00
 -19.360  0.3145E+00  0.5579E+00
 -19.340  0.3146E+00  0.5642E+00
 -19.320  0.3147E+00  0.5705E+00
 -19.300  0.3148E+00  0.5768E+00
 -19.280  0.3149E+00  0.5831E+00
 -19.260  0.3150E+00  0.5894E+00
 -19.240  0.3151E+00  0.5957E+00
 -19.220  0.3152E+00  0.6020E+00
 -19.200  0.3153E+00  0.6083E+00
 -19.180  0.3154E+00  0.6146E+00
 -19.160  0.3155E+00  0.6210E+00
 -19.140  0.3156E+00  0.6273E+00
 -19.120  0.3158E+00  0.6336E+00
 -19.100  0.3159E+00  0.6399E+00
 -19.080  0.3160E+00  0.6462E+00
 -19.060  0.3161E+00  0.6525E+00
 -19.040  0.3162E+00  0.6589E+00
 -19.020  0.3163E+00  0.6652E+00
 -19.000  0.3164E+00  0.6715E+00
 -18.980  0.3165E+00  0.6778E+00
 -18.960  0.3166E+00  0.6842E+00
 -18.940  0.3168E+00  0.6905E+00
 -18.920  0.3169E+00  0.6969E+00
 -18.900  0.3170E+00  0.7032E+00
 -18.880  0.3171E+00  0.7095E+00
 -18.860  0.3172E+00  0.7159E+00
 -18.840  0.3173E+00  0.7222E+00
 -18.820  0.3175E+00  0.7286E+00
 -18.800  0.3176E+00  0.7349E+00
 -18.780  0.3177E+00  0.7413E+00
 -18.760  0.3178E+00  0.7476E+00
 -18.740  0.3179E+00  0.7540E+00
 -18.720  0.3181E+00  0.7604E+00
 -18.700  0.3182E+00  0.7667E+00
 -18.680  0.3183E+00  0.7731E+00
 -18.660  0.3184E+00  0.7795E+00
 -18.640  0.3186E+00  0.7858E+00
 -18.620  0.3187E+00  0.7922E+00
 -18.600  0.3188E+00  0.7986E+00
 -18.580  0.3190E+00  0.8050E+00
 -18.560  0.3191E+00  0.8113E+00
 -18.540  0.3192E+00  0.8177E+00
 -18.520  0.3194E+00  0.8241E+00
 -18.500  0.3195E+00  0.8305E+00
 -18.480  0.3196E+00  0.8369E+00
 -18.460  0.3198E+00  0.8433E+00
 -18.440  0.3199E+00  0.8497E+00
 -18.420  0.3201E+00  0.8561E+00
 -18.400  0.3202E+00  0.8625E+00
 -18.380  0.3203E+00  0.8689E+00
 -18.360  0.3205E+00  0.8753E+00
 -18.340  0.3206E+00  0.8817E+00
 -18.320  0.3208E+00  0.8881E+00
 -18.300  0.3209E+00  0.8946E+00
 -18.280  0.3211E+00  0.9010E+00
 -18.260  0.3212E+00  0.9074E+00
 -18.240  0.3214E+00  0.9138E+00
 -18.220  0.3215E+00  0.9203E+00
 -18.200  0.3217E+00  0.9267E+00
 -18.180  0.3219E+00  0.9331E+00
 -18.160  0.3220E+00  0.9396E+00
 -18.140  0.3222E+00  0.9460E+00
 -18.120  0.3223E+00  0.9525E+00
 -18.100  0.3225E+00  0.9589E+00
 -18.080  0.3227E+00  0.9654E+00
 -18.060  0.3229E+00  0.9718E+00
 -18.040  0.3230E+00  0.9783E+00
 -18.020  0.3232E+00  0.9848E+00
 -18.000  0.3234E+00  0.9912E+00
 -17.980  0.3236E+00  0.9977E+00
 -17.960  0.3237E+00  0.1004E+01
 -17.940  0.3239E+00  0.1011E+01
 -17.920  0.3241E+00  0.1017E+01
 -17.900  0.3243E+00  0.1024E+01
 -17.880  0.3245E+00  0.1030E+01
 -17.860  0.3247E+00  0.1037E+01
 -17.840  0.3249E+00  0.1043E+01
 -17.820  0.3251E+00  0.1050E+01
 -17.800  0.3253E+00  0.1056E+01
 -17.780  0.3255E+00  0.1063E+01
 -17.760  0.3257E+00  0.1069E+01
 -17.740  0.3259E+00  0.1076E+01
 -17.720  0.3261E+00  0.1082E+01
 -17.700  0.3263E+00  0.1089E+01
 -17.680  0.3265E+00  0.1095E+01
 -17.660  0.3267E+00  0.1102E+01
 -17.640  0.3269E+00  0.1108E+01
 -17.620  0.3272E+00  0.1115E+01
 -17.600  0.3274E+00  0.1121E+01
 -17.580  0.3276E+00  0.1128E+01
 -17.560  0.3279E+00  0.1134E+01
 -17.540  0.3281E+00  0.1141E+01
 -17.520  0.3284E+00  0.1148E+01
 -17.500  0.3286E+00  0.1154E+01
 -17.480  0.3289E+00  0.1161E+01
 -17.460  0.3291E+00  0.1167E+01
 -17.440  0.3294E+00  0.1174E+01
 -17.420  0.3296E+00  0.1181E+01
 -17.400  0.3299E+00  0.1187E+01
 -17.380  0.3302E+00  0.1194E+01
 -17.360  0.3305E+00  0.1200E+01
 -17.340  0.3307E+00  0.1207E+01
 -17.320  0.3310E+00  0.1214E+01
 -17.300  0.3314E+00  0.1220E+01
 -17.280  0.3317E+00  0.1227E+01
 -17.260  0.3320E+00  0.1233E+01
 -17.240  0.3323E+00  0.1240E+01
 -17.220  0.3326E+00  0.1247E+01
 -17.200  0.3329E+00  0.1253E+01
 -17.180  0.3333E+00  0.1260E+01
 -17.160  0.3336E+00  0.1267E+01
 -17.140  0.3340E+00  0.1273E+01
 -17.120  0.3343E+00  0.1280E+01
 -17.100  0.3347E+00  0.1287E+01
 -17.080  0.3351E+00  0.1294E+01
 -17.060  0.3355E+00  0.1300E+01
 -17.040  0.3359E+00  0.1307E+01
 -17.020  0.3362E+00  0.1314E+01
 -17.000  0.3367E+00  0.1320E+01
 -16.980  0.3371E+00  0.1327E+01
 -16.960  0.3376E+00  0.1334E+01
 -16.940  0.3380E+00  0.1341E+01
 -16.920  0.3385E+00  0.1347E+01
 -16.900  0.3390E+00  0.1354E+01
 -16.880  0.3395E+00  0.1361E+01
 -16.860  0.3400E+00  0.1368E+01
 -16.840  0.3405E+00  0.1375E+01
 -16.820  0.3410E+00  0.1381E+01
 -16.800  0.3416E+00  0.1388E+01
 -16.780  0.3422E+00  0.1395E+01
 -16.760  0.3428E+00  0.1402E+01
 -16.740  0.3435E+00  0.1409E+01
 -16.720  0.3441E+00  0.1416E+01
 -16.700  0.3447E+00  0.1423E+01
 -16.680  0.3454E+00  0.1430E+01
 -16.660  0.3462E+00  0.1436E+01
 -16.640  0.3470E+00  0.1443E+01
 -16.620  0.3477E+00  0.1450E+01
 -16.600  0.3485E+00  0.1457E+01
 -16.580  0.3494E+00  0.1464E+01
 -16.560  0.3503E+00  0.1471E+01
 -16.540  0.3513E+00  0.1478E+01
 -16.520  0.3523E+00  0.1485E+01
 -16.500  0.3533E+00  0.1492E+01
 -16.480  0.3543E+00  0.1500E+01
 -16.460  0.3555E+00  0.1507E+01
 -16.440  0.3568E+00  0.1514E+01
 -16.420  0.3581E+00  0.1521E+01
 -16.400  0.3595E+00  0.1528E+01
 -16.380  0.3609E+00  0.1535E+01
 -16.360  0.3624E+00  0.1543E+01
 -16.340  0.3641E+00  0.1550E+01
 -16.320  0.3660E+00  0.1557E+01
 -16.300  0.3679E+00  0.1565E+01
 -16.280  0.3700E+00  0.1572E+01
 -16.260  0.3722E+00  0.1579E+01
 -16.240  0.3747E+00  0.1587E+01
 -16.220  0.3775E+00  0.1594E+01
 -16.200  0.3806E+00  0.1602E+01
 -16.180  0.3840E+00  0.1610E+01
 -16.160  0.3877E+00  0.1617E+01
 -16.140  0.3921E+00  0.1625E+01
 -16.120  0.3973E+00  0.1633E+01
 -16.100  0.4035E+00  0.1641E+01
 -16.080  0.4109E+00  0.1650E+01
 -16.060  0.4197E+00  0.1658E+01
 -16.040  0.4300E+00  0.1667E+01
 -16.020  0.4419E+00  0.1675E+01
 -16.000  0.4546E+00  0.1684E+01
 -15.980  0.4669E+00  0.1694E+01
 -15.960  0.4771E+00  0.1703E+01
 -15.940  0.4832E+00  0.1713E+01
 -15.920  0.4838E+00  0.1723E+01
 -15.900  0.4782E+00  0.1732E+01
 -15.880  0.4665E+00  0.1742E+01
 -15.860  0.4501E+00  0.1751E+01
 -15.840  0.4306E+00  0.1759E+01
 -15.820  0.4100E+00  0.1767E+01
 -15.800  0.3899E+00  0.1775E+01
 -15.780  0.3715E+00  0.1783E+01
 -15.760  0.3550E+00  0.1790E+01
 -15.740  0.3405E+00  0.1797E+01
 -15.720  0.3275E+00  0.1803E+01
 -15.700  0.3159E+00  0.1809E+01
 -15.680  0.3055E+00  0.1816E+01
 -15.660  0.2961E+00  0.1821E+01
 -15.640  0.2873E+00  0.1827E+01
 -15.620  0.2791E+00  0.1833E+01
 -15.600  0.2713E+00  0.1838E+01
 -15.580  0.2639E+00  0.1843E+01
 -15.560  0.2569E+00  0.1849E+01
 -15.540  0.2503E+00  0.1854E+01
 -15.520  0.2440E+00  0.1859E+01
 -15.500  0.2379E+00  0.1863E+01
 -15.480  0.2319E+00  0.1868E+01
 -15.460  0.2261E+00  0.1872E+01
 -15.440  0.2206E+00  0.1877E+01
 -15.420  0.2154E+00  0.1881E+01
 -15.400  0.2103E+00  0.1885E+01
 -15.380  0.2052E+00  0.1889E+01
 -15.360  0.2002E+00  0.1893E+01
 -15.340  0.1954E+00  0.1897E+01
 -15.320  0.1908E+00  0.1901E+01
 -15.300  0.1863E+00  0.1905E+01
 -15.280  0.1819E+00  0.1909E+01
 -15.260  0.1774E+00  0.1912E+01
 -15.240  0.1731E+00  0.1916E+01
 -15.220  0.1690E+00  0.1919E+01
 -15.200  0.1650E+00  0.1922E+01
 -15.180  0.1610E+00  0.1925E+01
 -15.160  0.1570E+00  0.1929E+01
 -15.140  0.1530E+00  0.1932E+01
 -15.120  0.1492E+00  0.1935E+01
 -15.100  0.1456E+00  0.1938E+01
 -15.080  0.1420E+00  0.1940E+01
 -15.060  0.1387E+00  0.1943E+01
 -15.040  0.1358E+00  0.1946E+01
 -15.020  0.1339E+00  0.1949E+01
 -15.000  0.1336E+00  0.1951E+01
 -14.980  0.1358E+00  0.1954E+01
 -14.960  0.1415E+00  0.1957E+01
 -14.940  0.1516E+00  0.1960E+01
 -14.920  0.1666E+00  0.1963E+01
 -14.900  0.1862E+00  0.1967E+01
 -14.880  0.2093E+00  0.1971E+01
 -14.860  0.2338E+00  0.1976E+01
 -14.840  0.2575E+00  0.1981E+01
 -14.820  0.2785E+00  0.1986E+01
 -14.800  0.2954E+00  0.1992E+01
 -14.780  0.3080E+00  0.1999E+01
 -14.760  0.3165E+00  0.2005E+01
 -14.740  0.3218E+00  0.2011E+01
 -14.720  0.3249E+00  0.2018E+01
 -14.700  0.3265E+00  0.2024E+01
 -14.680  0.3274E+00  0.2031E+01
 -14.660  0.3278E+00  0.2037E+01
 -14.640  0.3281E+00  0.2044E+01
 -14.620  0.3283E+00  0.2051E+01
 -14.600  0.3285E+00  0.2057E+01
 -14.580  0.3286E+00  0.2064E+01
 -14.560  0.3288E+00  0.2070E+01
 -14.540  0.3289E+00  0.2077E+01
 -14.520  0.3290E+00  0.2083E+01
 -14.500  0.3292E+00  0.2090E+01
 -14.480  0.3293E+00  0.2097E+01
 -14.460  0.3295E+00  0.2103E+01
 -14.440  0.3297E+00  0.2110E+01
 -14.420  0.3298E+00  0.2116E+01
 -14.400  0.3300E+00  0.2123E+01
 -14.380  0.3303E+00  0.2130E+01
 -14.360  0.3306E+00  0.2136E+01
 -14.340  0.3312E+00  0.2143E+01
 -14.320  0.3321E+00  0.2149E+01
 -14.300  0.3336E+00  0.2156E+01
 -14.280  0.3358E+00  0.2163E+01
 -14.260  0.3391E+00  0.2170E+01
 -14.240  0.3436E+00  0.2176E+01
 -14.220  0.3496E+00  0.2183E+01
 -14.200  0.3573E+00  0.2191E+01
 -14.180  0.3669E+00  0.2198E+01
 -14.160  0.3785E+00  0.2206E+01
 -14.140  0.3920E+00  0.2213E+01
 -14.120  0.4075E+00  0.2222E+01
 -14.100  0.4244E+00  0.2230E+01
 -14.080  0.4417E+00  0.2239E+01
 -14.060  0.4583E+00  0.2248E+01
 -14.040  0.4723E+00  0.2257E+01
 -14.020  0.4822E+00  0.2267E+01
 -14.000  0.4869E+00  0.2277E+01
 -13.980  0.4862E+00  0.2287E+01
 -13.960  0.4806E+00  0.2296E+01
 -13.940  0.4715E+00  0.2306E+01
 -13.920  0.4605E+00  0.2315E+01
 -13.900  0.4489E+00  0.2324E+01
 -13.880  0.4380E+00  0.2333E+01
 -13.860  0.4281E+00  0.2341E+01
 -13.840  0.4195E+00  0.2350E+01
 -13.820  0.4122E+00  0.2358E+01
 -13.800  0.4059E+00  0.2366E+01
 -13.780  0.4003E+00  0.2374E+01
 -13.760  0.3954E+00  0.2382E+01
 -13.740  0.3910E+00  0.2390E+01
 -13.720  0.3869E+00  0.2397E+01
 -13.700  0.3832E+00  0.2405E+01
 -13.680  0.3797E+00  0.2413E+01
 -13.660  0.3764E+00  0.2420E+01
 -13.640  0.3733E+00  0.2428E+01
 -13.620  0.3703E+00  0.2435E+01
 -13.600  0.3675E+00  0.2442E+01
 -13.580  0.3648E+00  0.2450E+01
 -13.560  0.3622E+00  0.2457E+01
 -13.540  0.3597E+00  0.2464E+01
 -13.520  0.3573E+00  0.2471E+01
 -13.500  0.3550E+00  0.2478E+01
 -13.480  0.3527E+00  0.2485E+01
 -13.460  0.3506E+00  0.2492E+01
 -13.440  0.3484E+00  0.2499E+01
 -13.420  0.3464E+00  0.2506E+01
 -13.400  0.3443E+00  0.2513E+01
 -13.380  0.3424E+00  0.2520E+01
 -13.360  0.3405E+00  0.2527E+01
 -13.340  0.3386E+00  0.2534E+01
 -13.320  0.3367E+00  0.2540E+01
 -13.300  0.3349E+00  0.2547E+01
 -13.280  0.3332E+00  0.2554E+01
 -13.260  0.3314E+00  0.2560E+01
 -13.240  0.3297E+00  0.2567E+01
 -13.220  0.3281E+00  0.2574E+01
 -13.200  0.3264E+00  0.2580E+01
 -13.180  0.3248E+00  0.2587E+01
 -13.160  0.3232E+00  0.2593E+01
 -13.140  0.3216E+00  0.2599E+01
 -13.120  0.3201E+00  0.2606E+01
 -13.100  0.3186E+00  0.2612E+01
 -13.080  0.3171E+00  0.2619E+01
 -13.060  0.3156E+00  0.2625E+01
 -13.040  0.3141E+00  0.2631E+01
 -13.020  0.3127E+00  0.2637E+01
 -13.000  0.3113E+00  0.2644E+01
 -12.980  0.3099E+00  0.2650E+01
 -12.960  0.3085E+00  0.2656E+01
 -12.940  0.3071E+00  0.2662E+01
 -12.920  0.3057E+00  0.2668E+01
 -12.900  0.3044E+00  0.2674E+01
 -12.880  0.3031E+00  0.2680E+01
 -12.860  0.3018E+00  0.2686E+01
 -12.840  0.3005E+00  0.2692E+01
 -12.820  0.2992E+00  0.2698E+01
 -12.800  0.2979E+00  0.2704E+01
 -12.780  0.2967E+00  0.2710E+01
 -12.760  0.2954E+00  0.2716E+01
 -12.740  0.2942E+00  0.2722E+01
 -12.720  0.2930E+00  0.2728E+01
 -12.700  0.2917E+00  0.2734E+01
 -12.680  0.2905E+00  0.2740E+01
 -12.660  0.2894E+00  0.2745E+01
 -12.640  0.2882E+00  0.2751E+01
 -12.620  0.2870E+00  0.2757E+01
 -12.600  0.2859E+00  0.2763E+01
 -12.580  0.2847E+00  0.2768E+01
 -12.560  0.2836E+00  0.2774E+01
 -12.540  0.2824E+00  0.2780E+01
 -12.520  0.2813E+00  0.2785E+01
 -12.500  0.2802E+00  0.2791E+01
 -12.480  0.2791E+00  0.2796E+01
 -12.460  0.2780E+00  0.2802E+01
 -12.440  0.2769E+00  0.2808E+01
 -12.420  0.2759E+00  0.2813E+01
 -12.400  0.2749E+00  0.2819E+01
 -12.380  0.2740E+00  0.2824E+01
 -12.360  0.2732E+00  0.2829E+01
 -12.340  0.2729E+00  0.2835E+01
 -12.320  0.2731E+00  0.2840E+01
 -12.300  0.2744E+00  0.2846E+01
 -12.280  0.2770E+00  0.2851E+01
 -12.260  0.2815E+00  0.2857E+01
 -12.240  0.2880E+00  0.2863E+01
 -12.220  0.2963E+00  0.2869E+01
 -12.200  0.3061E+00  0.2875E+01
 -12.180  0.3164E+00  0.2881E+01
 -12.160  0.3264E+00  0.2888E+01
 -12.140  0.3353E+00  0.2894E+01
 -12.120  0.3425E+00  0.2901E+01
 -12.100  0.3479E+00  0.2908E+01
 -12.080  0.3517E+00  0.2915E+01
 -12.060  0.3542E+00  0.2922E+01
 -12.040  0.3557E+00  0.2929E+01
 -12.020  0.3567E+00  0.2937E+01
 -12.000  0.3573E+00  0.2944E+01
 -11.980  0.3578E+00  0.2951E+01
 -11.960  0.3582E+00  0.2958E+01
 -11.940  0.3585E+00  0.2965E+01
 -11.920  0.3589E+00  0.2972E+01
 -11.900  0.3593E+00  0.2980E+01
 -11.880  0.3596E+00  0.2987E+01
 -11.860  0.3600E+00  0.2994E+01
 -11.840  0.3603E+00  0.3001E+01
 -11.820  0.3607E+00  0.3008E+01
 -11.800  0.3611E+00  0.3016E+01
 -11.780  0.3615E+00  0.3023E+01
 -11.760  0.3618E+00  0.3030E+01
 -11.740  0.3622E+00  0.3037E+01
 -11.720  0.3626E+00  0.3045E+01
 -11.700  0.3630E+00  0.3052E+01
 -11.680  0.3634E+00  0.3059E+01
 -11.660  0.3638E+00  0.3066E+01
 -11.640  0.3642E+00  0.3074E+01
 -11.620  0.3645E+00  0.3081E+01
 -11.600  0.3649E+00  0.3088E+01
 -11.580  0.3654E+00  0.3096E+01
 -11.560  0.3658E+00  0.3103E+01
 -11.540  0.3662E+00  0.3110E+01
 -11.520  0.3666E+00  0.3118E+01
 -11.500  0.3670E+00  0.3125E+01
 -11.480  0.3674E+00  0.3132E+01
 -11.460  0.3679E+00  0.3140E+01
 -11.440  0.3683E+00  0.3147E+01
 -11.420  0.3688E+00  0.3154E+01
 -11.400  0.3692E+00  0.3162E+01
 -11.380  0.3696E+00  0.3169E+01
 -11.360  0.3701E+00  0.3177E+01
 -11.340  0.3705E+00  0.3184E+01
 -11.320  0.3710E+00  0.3191E+01
 -11.300  0.3715E+00  0.3199E+01
 -11.280  0.3719E+00  0.3206E+01
 -11.260  0.3723E+00  0.3214E+01
 -11.240  0.3728E+00  0.3221E+01
 -11.220  0.3733E+00  0.3229E+01
 -11.200  0.3739E+00  0.3236E+01
 -11.180  0.3744E+00  0.3244E+01
 -11.160  0.3748E+00  0.3251E+01
 -11.140  0.3752E+00  0.3259E+01
 -11.120  0.3757E+00  0.3266E+01
 -11.100  0.3763E+00  0.3274E+01
 -11.080  0.3769E+00  0.3281E+01
 -11.060  0.3774E+00  0.3289E+01
 -11.040  0.3778E+00  0.3296E+01
 -11.020  0.3783E+00  0.3304E+01
 -11.000  0.3788E+00  0.3311E+01
 -10.980  0.3795E+00  0.3319E+01
 -10.960  0.3801E+00  0.3327E+01
 -10.940  0.3806E+00  0.3334E+01
 -10.920  0.3811E+00  0.3342E+01
 -10.900  0.3815E+00  0.3349E+01
 -10.880  0.3821E+00  0.3357E+01
 -10.860  0.3828E+00  0.3365E+01
 -10.840  0.3835E+00  0.3372E+01
 -10.820  0.3841E+00  0.3380E+01
 -10.800  0.3845E+00  0.3388E+01
 -10.780  0.3850E+00  0.3395E+01
 -10.760  0.3856E+00  0.3403E+01
 -10.740  0.3864E+00  0.3411E+01
 -10.720  0.3871E+00  0.3419E+01
 -10.700  0.3877E+00  0.3426E+01
 -10.680  0.3882E+00  0.3434E+01
 -10.660  0.3887E+00  0.3442E+01
 -10.640  0.3894E+00  0.3450E+01
 -10.620  0.3902E+00  0.3458E+01
 -10.600  0.3910E+00  0.3465E+01
 -10.580  0.3916E+00  0.3473E+01
 -10.560  0.3922E+00  0.3481E+01
 -10.540  0.3927E+00  0.3489E+01
 -10.520  0.3934E+00  0.3497E+01
 -10.500  0.3942E+00  0.3505E+01
 -10.480  0.3951E+00  0.3513E+01
 -10.460  0.3958E+00  0.3520E+01
 -10.440  0.3964E+00  0.3528E+01
 -10.420  0.3969E+00  0.3536E+01
 -10.400  0.3976E+00  0.3544E+01
 -10.380  0.3985E+00  0.3552E+01
 -10.360  0.3994E+00  0.3560E+01
 -10.340  0.4002E+00  0.3568E+01
 -10.320  0.4009E+00  0.3576E+01
 -10.300  0.4015E+00  0.3584E+01
 -10.280  0.4023E+00  0.3592E+01
 -10.260  0.4032E+00  0.3600E+01
 -10.240  0.4041E+00  0.3608E+01
 -10.220  0.4050E+00  0.3617E+01
 -10.200  0.4058E+00  0.3625E+01
 -10.180  0.4065E+00  0.3633E+01
 -10.160  0.4073E+00  0.3641E+01
 -10.140  0.4082E+00  0.3649E+01
 -10.120  0.4092E+00  0.3657E+01
 -10.100  0.4102E+00  0.3666E+01
 -10.080  0.4110E+00  0.3674E+01
 -10.060  0.4118E+00  0.3682E+01
 -10.040  0.4127E+00  0.3690E+01
 -10.020  0.4137E+00  0.3699E+01
 -10.000  0.4147E+00  0.3707E+01
  -9.980  0.4157E+00  0.3715E+01
  -9.960  0.4167E+00  0.3723E+01
  -9.940  0.4176E+00  0.3732E+01
  -9.920  0.4185E+00  0.3740E+01
  -9.900  0.4196E+00  0.3749E+01
  -9.880  0.4207E+00  0.3757E+01
  -9.860  0.4218E+00  0.3765E+01
  -9.840  0.4228E+00  0.3774E+01
  -9.820  0.4238E+00  0.3782E+01
  -9.800  0.4249E+00  0.3791E+01
  -9.780  0.4261E+00  0.3799E+01
  -9.760  0.4273E+00  0.3808E+01
  -9.740  0.4284E+00  0.3816E+01
  -9.720  0.4295E+00  0.3825E+01
  -9.700  0.4307E+00  0.3834E+01
  -9.680  0.4319E+00  0.3842E+01
  -9.660  0.4331E+00  0.3851E+01
  -9.640  0.4344E+00  0.3860E+01
  -9.620  0.4357E+00  0.3868E+01
  -9.600  0.4369E+00  0.3877E+01
  -9.580  0.4382E+00  0.3886E+01
  -9.560  0.4395E+00  0.3895E+01
  -9.540  0.4410E+00  0.3904E+01
  -9.520  0.4424E+00  0.3912E+01
  -9.500  0.4438E+00  0.3921E+01
  -9.480  0.4452E+00  0.3930E+01
  -9.460  0.4467E+00  0.3939E+01
  -9.440  0.4485E+00  0.3948E+01
  -9.420  0.4507E+00  0.3957E+01
  -9.400  0.4536E+00  0.3966E+01
  -9.380  0.4579E+00  0.3975E+01
  -9.360  0.4645E+00  0.3985E+01
  -9.340  0.4746E+00  0.3994E+01
  -9.320  0.4893E+00  0.4004E+01
  -9.300  0.5094E+00  0.4014E+01
  -9.280  0.5347E+00  0.4025E+01
  -9.260  0.5642E+00  0.4036E+01
  -9.240  0.5961E+00  0.4048E+01
  -9.220  0.6279E+00  0.4060E+01
  -9.200  0.6570E+00  0.4074E+01
  -9.180  0.6816E+00  0.4087E+01
  -9.160  0.7008E+00  0.4101E+01
  -9.140  0.7148E+00  0.4116E+01
  -9.120  0.7246E+00  0.4130E+01
  -9.100  0.7313E+00  0.4145E+01
  -9.080  0.7361E+00  0.4159E+01
  -9.060  0.7396E+00  0.4174E+01
  -9.040  0.7425E+00  0.4189E+01
  -9.020  0.7450E+00  0.4204E+01
  -9.000  0.7476E+00  0.4219E+01
  -8.980  0.7502E+00  0.4234E+01
  -8.960  0.7528E+00  0.4249E+01
  -8.940  0.7555E+00  0.4264E+01
  -8.920  0.7583E+00  0.4279E+01
  -8.900  0.7610E+00  0.4294E+01
  -8.880  0.7639E+00  0.4310E+01
  -8.860  0.7669E+00  0.4325E+01
  -8.840  0.7700E+00  0.4340E+01
  -8.820  0.7732E+00  0.4356E+01
  -8.800  0.7764E+00  0.4371E+01
  -8.780  0.7797E+00  0.4387E+01
  -8.760  0.7831E+00  0.4403E+01
  -8.740  0.7866E+00  0.4418E+01
  -8.720  0.7904E+00  0.4434E+01
  -8.700  0.7943E+00  0.4450E+01
  -8.680  0.7982E+00  0.4466E+01
  -8.660  0.8022E+00  0.4482E+01
  -8.640  0.8064E+00  0.4498E+01
  -8.620  0.8108E+00  0.4515E+01
  -8.600  0.8155E+00  0.4531E+01
  -8.580  0.8204E+00  0.4547E+01
  -8.560  0.8254E+00  0.4564E+01
  -8.540  0.8306E+00  0.4580E+01
  -8.520  0.8360E+00  0.4597E+01
  -8.500  0.8417E+00  0.4614E+01
  -8.480  0.8479E+00  0.4631E+01
  -8.460  0.8544E+00  0.4648E+01
  -8.440  0.8612E+00  0.4665E+01
  -8.420  0.8683E+00  0.4683E+01
  -8.400  0.8759E+00  0.4700E+01
  -8.380  0.8841E+00  0.4718E+01
  -8.360  0.8930E+00  0.4736E+01
  -8.340  0.9027E+00  0.4754E+01
  -8.320  0.9132E+00  0.4772E+01
  -8.300  0.9248E+00  0.4790E+01
  -8.280  0.9377E+00  0.4809E+01
  -8.260  0.9524E+00  0.4828E+01
  -8.240  0.9693E+00  0.4848E+01
  -8.220  0.9891E+00  0.4867E+01
  -8.200  0.1012E+01  0.4888E+01
  -8.180  0.1038E+01  0.4908E+01
  -8.160  0.1068E+01  0.4930E+01
  -8.140  0.1098E+01  0.4952E+01
  -8.120  0.1127E+01  0.4974E+01
  -8.100  0.1152E+01  0.4997E+01
  -8.080  0.1168E+01  0.5021E+01
  -8.060  0.1173E+01  0.5044E+01
  -8.040  0.1167E+01  0.5067E+01
  -8.020  0.1149E+01  0.5090E+01
  -8.000  0.1123E+01  0.5113E+01
  -7.980  0.1092E+01  0.5135E+01
  -7.960  0.1060E+01  0.5156E+01
  -7.940  0.1030E+01  0.5177E+01
  -7.920  0.1002E+01  0.5197E+01
  -7.900  0.9777E+00  0.5216E+01
  -7.880  0.9567E+00  0.5235E+01
  -7.860  0.9387E+00  0.5254E+01
  -7.840  0.9229E+00  0.5272E+01
  -7.820  0.9089E+00  0.5291E+01
  -7.800  0.8962E+00  0.5309E+01
  -7.780  0.8846E+00  0.5326E+01
  -7.760  0.8739E+00  0.5344E+01
  -7.740  0.8641E+00  0.5361E+01
  -7.720  0.8549E+00  0.5378E+01
  -7.700  0.8463E+00  0.5395E+01
  -7.680  0.8381E+00  0.5412E+01
  -7.660  0.8303E+00  0.5428E+01
  -7.640  0.8229E+00  0.5445E+01
  -7.620  0.8159E+00  0.5461E+01
  -7.600  0.8093E+00  0.5477E+01
  -7.580  0.8030E+00  0.5493E+01
  -7.560  0.7968E+00  0.5509E+01
  -7.540  0.7909E+00  0.5525E+01
  -7.520  0.7852E+00  0.5541E+01
  -7.500  0.7797E+00  0.5556E+01
  -7.480  0.7745E+00  0.5572E+01
  -7.460  0.7695E+00  0.5587E+01
  -7.440  0.7645E+00  0.5603E+01
  -7.420  0.7597E+00  0.5618E+01
  -7.400  0.7550E+00  0.5633E+01
  -7.380  0.7506E+00  0.5648E+01
  -7.360  0.7463E+00  0.5663E+01
  -7.340  0.7422E+00  0.5678E+01
  -7.320  0.7381E+00  0.5693E+01
  -7.300  0.7340E+00  0.5707E+01
  -7.280  0.7301E+00  0.5722E+01
  -7.260  0.7263E+00  0.5736E+01
  -7.240  0.7226E+00  0.5751E+01
  -7.220  0.7191E+00  0.5765E+01
  -7.200  0.7156E+00  0.5779E+01
  -7.180  0.7121E+00  0.5794E+01
  -7.160  0.7087E+00  0.5808E+01
  -7.140  0.7054E+00  0.5822E+01
  -7.120  0.7022E+00  0.5836E+01
  -7.100  0.6991E+00  0.5850E+01
  -7.080  0.6961E+00  0.5864E+01
  -7.060  0.6930E+00  0.5878E+01
  -7.040  0.6900E+00  0.5892E+01
  -7.020  0.6871E+00  0.5905E+01
  -7.000  0.6843E+00  0.5919E+01
  -6.980  0.6816E+00  0.5933E+01
  -6.960  0.6789E+00  0.5946E+01
  -6.940  0.6762E+00  0.5960E+01
  -6.920  0.6735E+00  0.5973E+01
  -6.900  0.6709E+00  0.5987E+01
  -6.880  0.6684E+00  0.6000E+01
  -6.860  0.6660E+00  0.6013E+01
  -6.840  0.6635E+00  0.6027E+01
  -6.820  0.6611E+00  0.6040E+01
  -6.800  0.6587E+00  0.6053E+01
  -6.780  0.6564E+00  0.6066E+01
  -6.760  0.6541E+00  0.6079E+01
  -6.740  0.6519E+00  0.6092E+01
  -6.720  0.6497E+00  0.6105E+01
  -6.700  0.6475E+00  0.6118E+01
  -6.680  0.6454E+00  0.6131E+01
  -6.660  0.6433E+00  0.6144E+01
  -6.640  0.6412E+00  0.6157E+01
  -6.620  0.6393E+00  0.6170E+01
  -6.600  0.6373E+00  0.6182E+01
  -6.580  0.6353E+00  0.6195E+01
  -6.560  0.6333E+00  0.6208E+01
  -6.540  0.6314E+00  0.6220E+01
  -6.520  0.6296E+00  0.6233E+01
  -6.500  0.6278E+00  0.6245E+01
  -6.480  0.6259E+00  0.6258E+01
  -6.460  0.6241E+00  0.6270E+01
  -6.440  0.6223E+00  0.6283E+01
  -6.420  0.6206E+00  0.6295E+01
  -6.400  0.6189E+00  0.6308E+01
  -6.380  0.6173E+00  0.6320E+01
  -6.360  0.6156E+00  0.6332E+01
  -6.340  0.6139E+00  0.6345E+01
  -6.320  0.6123E+00  0.6357E+01
  -6.300  0.6108E+00  0.6369E+01
  -6.280  0.6092E+00  0.6381E+01
  -6.260  0.6077E+00  0.6393E+01
  -6.240  0.6062E+00  0.6406E+01
  -6.220  0.6047E+00  0.6418E+01
  -6.200  0.6032E+00  0.6430E+01
  -6.180  0.6018E+00  0.6442E+01
  -6.160  0.6004E+00  0.6454E+01
  -6.140  0.5990E+00  0.6466E+01
  -6.120  0.5976E+00  0.6478E+01
  -6.100  0.5963E+00  0.6490E+01
  -6.080  0.5949E+00  0.6502E+01
  -6.060  0.5936E+00  0.6513E+01
  -6.040  0.5923E+00  0.6525E+01
  -6.020  0.5911E+00  0.6537E+01
  -6.000  0.5898E+00  0.6549E+01
  -5.980  0.5886E+00  0.6561E+01
  -5.960  0.5874E+00  0.6572E+01
  -5.940  0.5862E+00  0.6584E+01
  -5.920  0.5851E+00  0.6596E+01
  -5.900  0.5839E+00  0.6607E+01
  -5.880  0.5828E+00  0.6619E+01
  -5.860  0.5817E+00  0.6631E+01
  -5.840  0.5806E+00  0.6642E+01
  -5.820  0.5796E+00  0.6654E+01
  -5.800  0.5785E+00  0.6666E+01
  -5.780  0.5775E+00  0.6677E+01
  -5.760  0.5765E+00  0.6689E+01
  -5.740  0.5755E+00  0.6700E+01
  -5.720  0.5745E+00  0.6712E+01
  -5.700  0.5736E+00  0.6723E+01
  -5.680  0.5727E+00  0.6735E+01
  -5.660  0.5718E+00  0.6746E+01
  -5.640  0.5709E+00  0.6757E+01
  -5.620  0.5700E+00  0.6769E+01
  -5.600  0.5692E+00  0.6780E+01
  -5.580  0.5684E+00  0.6792E+01
  -5.560  0.5676E+00  0.6803E+01
  -5.540  0.5668E+00  0.6814E+01
  -5.520  0.5661E+00  0.6826E+01
  -5.500  0.5653E+00  0.6837E+01
  -5.480  0.5647E+00  0.6848E+01
  -5.460  0.5640E+00  0.6859E+01
  -5.440  0.5633E+00  0.6871E+01
  -5.420  0.5626E+00  0.6882E+01
  -5.400  0.5620E+00  0.6893E+01
  -5.380  0.5615E+00  0.6904E+01
  -5.360  0.5609E+00  0.6916E+01
  -5.340  0.5603E+00  0.6927E+01
  -5.320  0.5598E+00  0.6938E+01
  -5.300  0.5593E+00  0.6949E+01
  -5.280  0.5588E+00  0.6960E+01
  -5.260  0.5584E+00  0.6972E+01
  -5.240  0.5580E+00  0.6983E+01
  -5.220  0.5575E+00  0.6994E+01
  -5.200  0.5571E+00  0.7005E+01
  -5.180  0.5568E+00  0.7016E+01
  -5.160  0.5566E+00  0.7027E+01
  -5.140  0.5563E+00  0.7038E+01
  -5.120  0.5560E+00  0.7050E+01
  -5.100  0.5557E+00  0.7061E+01
  -5.080  0.5555E+00  0.7072E+01
  -5.060  0.5554E+00  0.7083E+01
  -5.040  0.5554E+00  0.7094E+01
  -5.020  0.5553E+00  0.7105E+01
  -5.000  0.5552E+00  0.7116E+01
  -4.980  0.5551E+00  0.7127E+01
  -4.960  0.5551E+00  0.7138E+01
  -4.940  0.5553E+00  0.7150E+01
  -4.920  0.5554E+00  0.7161E+01
  -4.900  0.5554E+00  0.7172E+01
  -4.880  0.5553E+00  0.7183E+01
  -4.860  0.5549E+00  0.7194E+01
  -4.840  0.5540E+00  0.7205E+01
  -4.820  0.5520E+00  0.7216E+01
  -4.800  0.5481E+00  0.7227E+01
  -4.780  0.5412E+00  0.7238E+01
  -4.760  0.5306E+00  0.7248E+01
  -4.740  0.5158E+00  0.7259E+01
  -4.720  0.4970E+00  0.7269E+01
  -4.700  0.4749E+00  0.7278E+01
  -4.680  0.4513E+00  0.7287E+01
  -4.660  0.4282E+00  0.7296E+01
  -4.640  0.4077E+00  0.7304E+01
  -4.620  0.3914E+00  0.7312E+01
  -4.600  0.3798E+00  0.7319E+01
  -4.580  0.3724E+00  0.7327E+01
  -4.560  0.3686E+00  0.7334E+01
  -4.540  0.3674E+00  0.7342E+01
  -4.520  0.3681E+00  0.7349E+01
  -4.500  0.3700E+00  0.7356E+01
  -4.480  0.3726E+00  0.7364E+01
  -4.460  0.3755E+00  0.7371E+01
  -4.440  0.3785E+00  0.7379E+01
  -4.420  0.3818E+00  0.7386E+01
  -4.400  0.3854E+00  0.7394E+01
  -4.380  0.3894E+00  0.7402E+01
  -4.360  0.3936E+00  0.7410E+01
  -4.340  0.3980E+00  0.7418E+01
  -4.320  0.4027E+00  0.7426E+01
  -4.300  0.4078E+00  0.7434E+01
  -4.280  0.4135E+00  0.7442E+01
  -4.260  0.4198E+00  0.7451E+01
  -4.240  0.4267E+00  0.7459E+01
  -4.220  0.4344E+00  0.7468E+01
  -4.200  0.4431E+00  0.7477E+01
  -4.180  0.4532E+00  0.7486E+01
  -4.160  0.4653E+00  0.7495E+01
  -4.140  0.4795E+00  0.7505E+01
  -4.120  0.4961E+00  0.7515E+01
  -4.100  0.5149E+00  0.7525E+01
  -4.080  0.5353E+00  0.7536E+01
  -4.060  0.5561E+00  0.7547E+01
  -4.040  0.5749E+00  0.7558E+01
  -4.020  0.5891E+00  0.7570E+01
  -4.000  0.5960E+00  0.7582E+01
  -3.980  0.5940E+00  0.7594E+01
  -3.960  0.5832E+00  0.7606E+01
  -3.940  0.5651E+00  0.7617E+01
  -3.920  0.5420E+00  0.7628E+01
  -3.900  0.5165E+00  0.7638E+01
  -3.880  0.4909E+00  0.7648E+01
  -3.860  0.4668E+00  0.7657E+01
  -3.840  0.4454E+00  0.7666E+01
  -3.820  0.4267E+00  0.7675E+01
  -3.800  0.4105E+00  0.7683E+01
  -3.780  0.3962E+00  0.7691E+01
  -3.760  0.3833E+00  0.7698E+01
  -3.740  0.3716E+00  0.7706E+01
  -3.720  0.3610E+00  0.7713E+01
  -3.700  0.3514E+00  0.7720E+01
  -3.680  0.3424E+00  0.7727E+01
  -3.660  0.3339E+00  0.7734E+01
  -3.640  0.3257E+00  0.7740E+01
  -3.620  0.3179E+00  0.7746E+01
  -3.600  0.3107E+00  0.7753E+01
  -3.580  0.3039E+00  0.7759E+01
  -3.560  0.2974E+00  0.7765E+01
  -3.540  0.2909E+00  0.7771E+01
  -3.520  0.2847E+00  0.7776E+01
  -3.500  0.2787E+00  0.7782E+01
  -3.480  0.2731E+00  0.7787E+01
  -3.460  0.2677E+00  0.7793E+01
  -3.440  0.2624E+00  0.7798E+01
  -3.420  0.2571E+00  0.7803E+01
  -3.400  0.2520E+00  0.7808E+01
  -3.380  0.2471E+00  0.7813E+01
  -3.360  0.2424E+00  0.7818E+01
  -3.340  0.2379E+00  0.7823E+01
  -3.320  0.2333E+00  0.7827E+01
  -3.300  0.2288E+00  0.7832E+01
  -3.280  0.2244E+00  0.7836E+01
  -3.260  0.2203E+00  0.7841E+01
  -3.240  0.2162E+00  0.7845E+01
  -3.220  0.2122E+00  0.7849E+01
  -3.200  0.2082E+00  0.7853E+01
  -3.180  0.2042E+00  0.7858E+01
  -3.160  0.2004E+00  0.7862E+01
  -3.140  0.1967E+00  0.7865E+01
  -3.120  0.1931E+00  0.7869E+01
  -3.100  0.1895E+00  0.7873E+01
  -3.080  0.1859E+00  0.7877E+01
  -3.060  0.1823E+00  0.7880E+01
  -3.040  0.1789E+00  0.7884E+01
  -3.020  0.1756E+00  0.7888E+01
  -3.000  0.1723E+00  0.7891E+01
  -2.980  0.1690E+00  0.7894E+01
  -2.960  0.1657E+00  0.7898E+01
  -2.940  0.1625E+00  0.7901E+01
  -2.920  0.1593E+00  0.7904E+01
  -2.900  0.1563E+00  0.7907E+01
  -2.880  0.1532E+00  0.7910E+01
  -2.860  0.1502E+00  0.7913E+01
  -2.840  0.1471E+00  0.7916E+01
  -2.820  0.1442E+00  0.7919E+01
  -2.800  0.1413E+00  0.7922E+01
  -2.780  0.1384E+00  0.7925E+01
  -2.760  0.1355E+00  0.7927E+01
  -2.740  0.1327E+00  0.7930E+01
  -2.720  0.1298E+00  0.7933E+01
  -2.700  0.1271E+00  0.7935E+01
  -2.680  0.1244E+00  0.7938E+01
  -2.660  0.1217E+00  0.7940E+01
  -2.640  0.1190E+00  0.7943E+01
  -2.620  0.1163E+00  0.7945E+01
  -2.600  0.1136E+00  0.7947E+01
  -2.580  0.1110E+00  0.7949E+01
  -2.560  0.1084E+00  0.7952E+01
  -2.540  0.1058E+00  0.7954E+01
  -2.520  0.1032E+00  0.7956E+01
  -2.500  0.1007E+00  0.7958E+01
  -2.480  0.9817E-01  0.7960E+01
  -2.460  0.9568E-01  0.7962E+01
  -2.440  0.9320E-01  0.7963E+01
  -2.420  0.9072E-01  0.7965E+01
  -2.400  0.8824E-01  0.7967E+01
  -2.380  0.8580E-01  0.7969E+01
  -2.360  0.8338E-01  0.7970E+01
  -2.340  0.8098E-01  0.7972E+01
  -2.320  0.7858E-01  0.7974E+01
  -2.300  0.7618E-01  0.7975E+01
  -2.280  0.7380E-01  0.7977E+01
  -2.260  0.7144E-01  0.7978E+01
  -2.240  0.6910E-01  0.7979E+01
  -2.220  0.6676E-01  0.7981E+01
  -2.200  0.6443E-01  0.7982E+01
  -2.180  0.6210E-01  0.7983E+01
  -2.160  0.5979E-01  0.7985E+01
  -2.140  0.5749E-01  0.7986E+01
  -2.120  0.5520E-01  0.7987E+01
  -2.100  0.5291E-01  0.7988E+01
  -2.080  0.5062E-01  0.7989E+01
  -2.060  0.4835E-01  0.7990E+01
  -2.040  0.4609E-01  0.7991E+01
  -2.020  0.4383E-01  0.7992E+01
  -2.000  0.4157E-01  0.7992E+01
  -1.980  0.3931E-01  0.7993E+01
  -1.960  0.3706E-01  0.7994E+01
  -1.940  0.3482E-01  0.7995E+01
  -1.920  0.3258E-01  0.7995E+01
  -1.900  0.3034E-01  0.7996E+01
  -1.880  0.2811E-01  0.7996E+01
  -1.860  0.2587E-01  0.7997E+01
  -1.840  0.2364E-01  0.7997E+01
  -1.820  0.2142E-01  0.7998E+01
  -1.800  0.1920E-01  0.7998E+01
  -1.780  0.1700E-01  0.7999E+01
  -1.760  0.1485E-01  0.7999E+01
  -1.740  0.1278E-01  0.7999E+01
  -1.720  0.1085E-01  0.7999E+01
  -1.700  0.9123E-02  0.8000E+01
  -1.680  0.7703E-02  0.8000E+01
  -1.660  0.6681E-02  0.8000E+01
  -1.640  0.6137E-02  0.8000E+01
  -1.620  0.6116E-02  0.8000E+01
  -1.600  0.6620E-02  0.8000E+01
  -1.580  0.7614E-02  0.8000E+01
  -1.560  0.9023E-02  0.8001E+01
  -1.540  0.1076E-01  0.8001E+01
  -1.520  0.1272E-01  0.8001E+01
  -1.500  0.1484E-01  0.8001E+01
  -1.480  0.1706E-01  0.8002E+01
  -1.460  0.1933E-01  0.8002E+01
  -1.440  0.2164E-01  0.8003E+01
  -1.420  0.2397E-01  0.8003E+01
  -1.400  0.2632E-01  0.8004E+01
  -1.380  0.2868E-01  0.8004E+01
  -1.360  0.3106E-01  0.8005E+01
  -1.340  0.3346E-01  0.8005E+01
  -1.320  0.3587E-01  0.8006E+01
  -1.300  0.3829E-01  0.8007E+01
  -1.280  0.4073E-01  0.8008E+01
  -1.260  0.4320E-01  0.8009E+01
  -1.240  0.4568E-01  0.8009E+01
  -1.220  0.4818E-01  0.8010E+01
  -1.200  0.5070E-01  0.8011E+01
  -1.180  0.5325E-01  0.8012E+01
  -1.160  0.5583E-01  0.8014E+01
  -1.140  0.5843E-01  0.8015E+01
  -1.120  0.6105E-01  0.8016E+01
  -1.100  0.6370E-01  0.8017E+01
  -1.080  0.6639E-01  0.8019E+01
  -1.060  0.6911E-01  0.8020E+01
  -1.040  0.7187E-01  0.8021E+01
  -1.020  0.7465E-01  0.8023E+01
  -1.000  0.7746E-01  0.8024E+01
  -0.980  0.8032E-01  0.8026E+01
  -0.960  0.8324E-01  0.8028E+01
  -0.940  0.8620E-01  0.8029E+01
  -0.920  0.8919E-01  0.8031E+01
  -0.900  0.9222E-01  0.8033E+01
  -0.880  0.9531E-01  0.8035E+01
  -0.860  0.9848E-01  0.8037E+01
  -0.840  0.1017E+00  0.8039E+01
  -0.820  0.1050E+00  0.8041E+01
  -0.800  0.1083E+00  0.8043E+01
  -0.780  0.1117E+00  0.8045E+01
  -0.760  0.1152E+00  0.8048E+01
  -0.740  0.1188E+00  0.8050E+01
  -0.720  0.1224E+00  0.8053E+01
  -0.700  0.1261E+00  0.8055E+01
  -0.680  0.1299E+00  0.8058E+01
  -0.660  0.1339E+00  0.8060E+01
  -0.640  0.1379E+00  0.8063E+01
  -0.620  0.1421E+00  0.8066E+01
  -0.600  0.1464E+00  0.8069E+01
  -0.580  0.1508E+00  0.8072E+01
  -0.560  0.1553E+00  0.8075E+01
  -0.540  0.1601E+00  0.8078E+01
  -0.520  0.1650E+00  0.8082E+01
  -0.500  0.1701E+00  0.8085E+01
  -0.480  0.1754E+00  0.8088E+01
  -0.460  0.1808E+00  0.8092E+01
  -0.440  0.1866E+00  0.8096E+01
  -0.420  0.1927E+00  0.8100E+01
  -0.400  0.1991E+00  0.8104E+01
  -0.380  0.2057E+00  0.8108E+01
  -0.360  0.2127E+00  0.8112E+01
  -0.340  0.2201E+00  0.8116E+01
  -0.320  0.2281E+00  0.8121E+01
  -0.300  0.2367E+00  0.8126E+01
  -0.280  0.2458E+00  0.8131E+01
  -0.260  0.2556E+00  0.8136E+01
  -0.240  0.2663E+00  0.8141E+01
  -0.220  0.2781E+00  0.8147E+01
  -0.200  0.2914E+00  0.8152E+01
  -0.180  0.3062E+00  0.8159E+01
  -0.160  0.3232E+00  0.8165E+01
  -0.140  0.3429E+00  0.8172E+01
  -0.120  0.3664E+00  0.8179E+01
  -0.100  0.3947E+00  0.8187E+01
  -0.080  0.4285E+00  0.8196E+01
  -0.060  0.4678E+00  0.8205E+01
  -0.040  0.5118E+00  0.8215E+01
  -0.020  0.5581E+00  0.8226E+01
  -0.000  0.6028E+00  0.8239E+01
   0.020  0.6411E+00  0.8251E+01
   0.040  0.6680E+00  0.8265E+01
   0.060  0.6803E+00  0.8278E+01
   0.080  0.6772E+00  0.8292E+01
   0.100  0.6609E+00  0.8305E+01
   0.120  0.6351E+00  0.8318E+01
   0.140  0.6046E+00  0.8330E+01
   0.160  0.5732E+00  0.8341E+01
   0.180  0.5438E+00  0.8352E+01
   0.200  0.5177E+00  0.8363E+01
   0.220  0.4955E+00  0.8372E+01
   0.240  0.4769E+00  0.8382E+01
   0.260  0.4613E+00  0.8391E+01
   0.280  0.4479E+00  0.8400E+01
   0.300  0.4362E+00  0.8409E+01
   0.320  0.4258E+00  0.8417E+01
   0.340  0.4164E+00  0.8426E+01
   0.360  0.4081E+00  0.8434E+01
   0.380  0.4006E+00  0.8442E+01
   0.400  0.3936E+00  0.8450E+01
   0.420  0.3871E+00  0.8458E+01
   0.440  0.3809E+00  0.8465E+01
   0.460  0.3752E+00  0.8473E+01
   0.480  0.3698E+00  0.8480E+01
   0.500  0.3650E+00  0.8487E+01
   0.520  0.3604E+00  0.8495E+01
   0.540  0.3559E+00  0.8502E+01
   0.560  0.3516E+00  0.8509E+01
   0.580  0.3474E+00  0.8516E+01
   0.600  0.3436E+00  0.8523E+01
   0.620  0.3400E+00  0.8529E+01
   0.640  0.3367E+00  0.8536E+01
   0.660  0.3334E+00  0.8543E+01
   0.680  0.3300E+00  0.8549E+01
   0.700  0.3268E+00  0.8556E+01
   0.720  0.3237E+00  0.8562E+01
   0.740  0.3209E+00  0.8569E+01
   0.760  0.3184E+00  0.8575E+01
   0.780  0.3158E+00  0.8581E+01
   0.800  0.3131E+00  0.8588E+01
   0.820  0.3105E+00  0.8594E+01
   0.840  0.3079E+00  0.8600E+01
   0.860  0.3056E+00  0.8606E+01
   0.880  0.3035E+00  0.8612E+01
   0.900  0.3014E+00  0.8618E+01
   0.920  0.2993E+00  0.8624E+01
   0.940  0.2970E+00  0.8630E+01
   0.960  0.2948E+00  0.8636E+01
   0.980  0.2929E+00  0.8642E+01
   1.000  0.2911E+00  0.8648E+01
   1.020  0.2897E+00  0.8654E+01
   1.040  0.2884E+00  0.8659E+01
   1.060  0.2875E+00  0.8665E+01
   1.080  0.2877E+00  0.8671E+01
   1.100  0.2899E+00  0.8677E+01
   1.120  0.2950E+00  0.8683E+01
   1.140  0.3042E+00  0.8689E+01
   1.160  0.3178E+00  0.8695E+01
   1.180  0.3360E+00  0.8702E+01
   1.200  0.3579E+00  0.8709E+01
   1.220  0.3822E+00  0.8717E+01
   1.240  0.4069E+00  0.8725E+01
   1.260  0.4297E+00  0.8733E+01
   1.280  0.4489E+00  0.8742E+01
   1.300  0.4633E+00  0.8752E+01
   1.320  0.4730E+00  0.8761E+01
   1.340  0.4787E+00  0.8771E+01
   1.360  0.4815E+00  0.8780E+01
   1.380  0.4827E+00  0.8790E+01
   1.400  0.4828E+00  0.8799E+01
   1.420  0.4823E+00  0.8809E+01
   1.440  0.4813E+00  0.8819E+01
   1.460  0.4799E+00  0.8828E+01
   1.480  0.4785E+00  0.8838E+01
   1.500  0.4773E+00  0.8847E+01
   1.520  0.4763E+00  0.8857E+01
   1.540  0.4754E+00  0.8867E+01
   1.560  0.4744E+00  0.8876E+01
   1.580  0.4732E+00  0.8885E+01
   1.600  0.4719E+00  0.8895E+01
   1.620  0.4706E+00  0.8904E+01
   1.640  0.4695E+00  0.8914E+01
   1.660  0.4687E+00  0.8923E+01
   1.680  0.4679E+00  0.8932E+01
   1.700  0.4670E+00  0.8942E+01
   1.720  0.4658E+00  0.8951E+01
   1.740  0.4646E+00  0.8960E+01
   1.760  0.4634E+00  0.8970E+01
   1.780  0.4625E+00  0.8979E+01
   1.800  0.4618E+00  0.8988E+01
   1.820  0.4611E+00  0.8997E+01
   1.840  0.4602E+00  0.9007E+01
   1.860  0.4591E+00  0.9016E+01
   1.880  0.4579E+00  0.9025E+01
   1.900  0.4568E+00  0.9034E+01
   1.920  0.4560E+00  0.9043E+01
   1.940  0.4554E+00  0.9052E+01
   1.960  0.4548E+00  0.9061E+01
   1.980  0.4541E+00  0.9070E+01
   2.000  0.4531E+00  0.9080E+01
   2.020  0.4524E+00  0.9089E+01
   2.040  0.4524E+00  0.9098E+01
   2.060  0.4537E+00  0.9107E+01
   2.080  0.4568E+00  0.9116E+01
   2.100  0.4626E+00  0.9125E+01
   2.120  0.4718E+00  0.9135E+01
   2.140  0.4853E+00  0.9144E+01
   2.160  0.5034E+00  0.9154E+01
   2.180  0.5258E+00  0.9165E+01
   2.200  0.5511E+00  0.9176E+01
   2.220  0.5771E+00  0.9187E+01
   2.240  0.6013E+00  0.9199E+01
   2.260  0.6216E+00  0.9212E+01
   2.280  0.6371E+00  0.9225E+01
   2.300  0.6479E+00  0.9238E+01
   2.320  0.6549E+00  0.9251E+01
   2.340  0.6590E+00  0.9264E+01
   2.360  0.6613E+00  0.9277E+01
   2.380  0.6621E+00  0.9290E+01
   2.400  0.6620E+00  0.9304E+01
   2.420  0.6613E+00  0.9317E+01
   2.440  0.6603E+00  0.9330E+01
   2.460  0.6595E+00  0.9343E+01
   2.480  0.6591E+00  0.9356E+01
   2.500  0.6587E+00  0.9369E+01
   2.520  0.6584E+00  0.9383E+01
   2.540  0.6577E+00  0.9396E+01
   2.560  0.6567E+00  0.9409E+01
   2.580  0.6557E+00  0.9422E+01
   2.600  0.6550E+00  0.9435E+01
   2.620  0.6547E+00  0.9448E+01
   2.640  0.6548E+00  0.9461E+01
   2.660  0.6555E+00  0.9474E+01
   2.680  0.6568E+00  0.9488E+01
   2.700  0.6595E+00  0.9501E+01
   2.720  0.6648E+00  0.9514E+01
   2.740  0.6739E+00  0.9528E+01
   2.760  0.6879E+00  0.9541E+01
   2.780  0.7068E+00  0.9555E+01
   2.800  0.7298E+00  0.9570E+01
   2.820  0.7552E+00  0.9585E+01
   2.840  0.7808E+00  0.9601E+01
   2.860  0.8046E+00  0.9617E+01
   2.880  0.8250E+00  0.9633E+01
   2.900  0.8412E+00  0.9650E+01
   2.920  0.8529E+00  0.9667E+01
   2.940  0.8607E+00  0.9684E+01
   2.960  0.8650E+00  0.9702E+01
   2.980  0.8668E+00  0.9719E+01
   3.000  0.8672E+00  0.9736E+01
   3.020  0.8670E+00  0.9754E+01
   3.040  0.8668E+00  0.9771E+01
   3.060  0.8668E+00  0.9788E+01
   3.080  0.8667E+00  0.9806E+01
   3.100  0.8664E+00  0.9823E+01
   3.120  0.8657E+00  0.9840E+01
   3.140  0.8648E+00  0.9858E+01
   3.160  0.8640E+00  0.9875E+01
   3.180  0.8634E+00  0.9892E+01
   3.200  0.8633E+00  0.9910E+01
   3.220  0.8632E+00  0.9927E+01
   3.240  0.8630E+00  0.9944E+01
   3.260  0.8625E+00  0.9961E+01
   3.280  0.8616E+00  0.9979E+01
   3.300  0.8608E+00  0.9996E+01
   3.320  0.8602E+00  0.1001E+02
   3.340  0.8600E+00  0.1003E+02
   3.360  0.8600E+00  0.1005E+02
   3.380  0.8599E+00  0.1006E+02
   3.400  0.8596E+00  0.1008E+02
   3.420  0.8588E+00  0.1010E+02
   3.440  0.8580E+00  0.1012E+02
   3.460  0.8573E+00  0.1013E+02
   3.480  0.8571E+00  0.1015E+02
   3.500  0.8571E+00  0.1017E+02
   3.520  0.8572E+00  0.1018E+02
   3.540  0.8570E+00  0.1020E+02
   3.560  0.8564E+00  0.1022E+02
   3.580  0.8556E+00  0.1024E+02
   3.600  0.8550E+00  0.1025E+02
   3.620  0.8547E+00  0.1027E+02
   3.640  0.8548E+00  0.1029E+02
   3.660  0.8551E+00  0.1030E+02
   3.680  0.8551E+00  0.1032E+02
   3.700  0.8548E+00  0.1034E+02
   3.720  0.8543E+00  0.1036E+02
   3.740  0.8538E+00  0.1037E+02
   3.760  0.8536E+00  0.1039E+02
   3.780  0.8539E+00  0.1041E+02
   3.800  0.8546E+00  0.1042E+02
   3.820  0.8552E+00  0.1044E+02
   3.840  0.8557E+00  0.1046E+02
   3.860  0.8560E+00  0.1048E+02
   3.880  0.8565E+00  0.1049E+02
   3.900  0.8577E+00  0.1051E+02
   3.920  0.8599E+00  0.1053E+02
   3.940  0.8631E+00  0.1054E+02
   3.960  0.8667E+00  0.1056E+02
   3.980  0.8703E+00  0.1058E+02
   4.000  0.8728E+00  0.1060E+02
   4.020  0.8730E+00  0.1061E+02
   4.040  0.8697E+00  0.1063E+02
   4.060  0.8616E+00  0.1065E+02
   4.080  0.8479E+00  0.1067E+02
   4.100  0.8289E+00  0.1068E+02
   4.120  0.8061E+00  0.1070E+02
   4.140  0.7828E+00  0.1071E+02
   4.160  0.7629E+00  0.1073E+02
   4.180  0.7506E+00  0.1074E+02
   4.200  0.7488E+00  0.1076E+02
   4.220  0.7582E+00  0.1077E+02
   4.240  0.7768E+00  0.1079E+02
   4.260  0.8005E+00  0.1081E+02
   4.280  0.8244E+00  0.1082E+02
   4.300  0.8447E+00  0.1084E+02
   4.320  0.8589E+00  0.1086E+02
   4.340  0.8668E+00  0.1087E+02
   4.360  0.8696E+00  0.1089E+02
   4.380  0.8687E+00  0.1091E+02
   4.400  0.8657E+00  0.1093E+02
   4.420  0.8619E+00  0.1094E+02
   4.440  0.8579E+00  0.1096E+02
   4.460  0.8543E+00  0.1098E+02
   4.480  0.8516E+00  0.1099E+02
   4.500  0.8497E+00  0.1101E+02
   4.520  0.8487E+00  0.1103E+02
   4.540  0.8482E+00  0.1105E+02
   4.560  0.8480E+00  0.1106E+02
   4.580  0.8478E+00  0.1108E+02
   4.600  0.8474E+00  0.1110E+02
   4.620  0.8470E+00  0.1111E+02
   4.640  0.8468E+00  0.1113E+02
   4.660  0.8472E+00  0.1115E+02
   4.680  0.8481E+00  0.1116E+02
   4.700  0.8495E+00  0.1118E+02
   4.720  0.8511E+00  0.1120E+02
   4.740  0.8529E+00  0.1121E+02
   4.760  0.8553E+00  0.1123E+02
   4.780  0.8593E+00  0.1125E+02
   4.800  0.8659E+00  0.1127E+02
   4.820  0.8764E+00  0.1128E+02
   4.840  0.8916E+00  0.1130E+02
   4.860  0.9116E+00  0.1132E+02
   4.880  0.9360E+00  0.1134E+02
   4.900  0.9632E+00  0.1136E+02
   4.920  0.9905E+00  0.1138E+02
   4.940  0.1014E+01  0.1140E+02
   4.960  0.1030E+01  0.1142E+02
   4.980  0.1035E+01  0.1144E+02
   5.000  0.1026E+01  0.1146E+02
   5.020  0.1005E+01  0.1148E+02
   5.040  0.9748E+00  0.1150E+02
   5.060  0.9391E+00  0.1152E+02
   5.080  0.9026E+00  0.1154E+02
   5.100  0.8696E+00  0.1155E+02
   5.120  0.8433E+00  0.1157E+02
   5.140  0.8268E+00  0.1159E+02
   5.160  0.8227E+00  0.1160E+02
   5.180  0.8333E+00  0.1162E+02
   5.200  0.8592E+00  0.1164E+02
   5.220  0.8990E+00  0.1166E+02
   5.240  0.9485E+00  0.1167E+02
   5.260  0.1002E+01  0.1169E+02
   5.280  0.1051E+01  0.1172E+02
   5.300  0.1091E+01  0.1174E+02
   5.320  0.1118E+01  0.1176E+02
   5.340  0.1131E+01  0.1178E+02
   5.360  0.1133E+01  0.1180E+02
   5.380  0.1127E+01  0.1183E+02
   5.400  0.1117E+01  0.1185E+02
   5.420  0.1107E+01  0.1187E+02
   5.440  0.1097E+01  0.1189E+02
   5.460  0.1089E+01  0.1192E+02
   5.480  0.1083E+01  0.1194E+02
   5.500  0.1078E+01  0.1196E+02
   5.520  0.1074E+01  0.1198E+02
   5.540  0.1071E+01  0.1200E+02
   5.560  0.1070E+01  0.1202E+02
   5.580  0.1071E+01  0.1204E+02
   5.600  0.1075E+01  0.1207E+02
   5.620  0.1084E+01  0.1209E+02
   5.640  0.1100E+01  0.1211E+02
   5.660  0.1124E+01  0.1213E+02
   5.680  0.1160E+01  0.1216E+02
   5.700  0.1209E+01  0.1218E+02
   5.720  0.1267E+01  0.1220E+02
   5.740  0.1333E+01  0.1223E+02
   5.760  0.1399E+01  0.1226E+02
   5.780  0.1460E+01  0.1229E+02
   5.800  0.1510E+01  0.1232E+02
   5.820  0.1547E+01  0.1235E+02
   5.840  0.1570E+01  0.1238E+02
   5.860  0.1581E+01  0.1241E+02
   5.880  0.1584E+01  0.1244E+02
   5.900  0.1581E+01  0.1248E+02
   5.920  0.1574E+01  0.1251E+02
   5.940  0.1566E+01  0.1254E+02
   5.960  0.1557E+01  0.1257E+02
   5.980  0.1546E+01  0.1260E+02
   6.000  0.1535E+01  0.1263E+02
   6.020  0.1524E+01  0.1266E+02
   6.040  0.1514E+01  0.1269E+02
   6.060  0.1505E+01  0.1272E+02
   6.080  0.1497E+01  0.1275E+02
   6.100  0.1490E+01  0.1278E+02
   6.120  0.1482E+01  0.1281E+02
   6.140  0.1472E+01  0.1284E+02
   6.160  0.1462E+01  0.1287E+02
   6.180  0.1449E+01  0.1290E+02
   6.200  0.1435E+01  0.1293E+02
   6.220  0.1420E+01  0.1296E+02
   6.240  0.1405E+01  0.1298E+02
   6.260  0.1392E+01  0.1301E+02
   6.280  0.1378E+01  0.1304E+02
   6.300  0.1364E+01  0.1307E+02
   6.320  0.1346E+01  0.1309E+02
   6.340  0.1319E+01  0.1312E+02
   6.360  0.1283E+01  0.1315E+02
   6.380  0.1237E+01  0.1317E+02
   6.400  0.1184E+01  0.1320E+02
   6.420  0.1127E+01  0.1322E+02
   6.440  0.1071E+01  0.1324E+02
   6.460  0.1020E+01  0.1326E+02
   6.480  0.9754E+00  0.1328E+02
   6.500  0.9384E+00  0.1330E+02
   6.520  0.9083E+00  0.1332E+02
   6.540  0.8844E+00  0.1333E+02
   6.560  0.8661E+00  0.1335E+02
   6.580  0.8529E+00  0.1337E+02
   6.600  0.8438E+00  0.1338E+02
   6.620  0.8373E+00  0.1340E+02
   6.640  0.8319E+00  0.1342E+02
   6.660  0.8262E+00  0.1343E+02
   6.680  0.8201E+00  0.1345E+02
   6.700  0.8141E+00  0.1347E+02
   6.720  0.8093E+00  0.1348E+02
   6.740  0.8058E+00  0.1350E+02
   6.760  0.8030E+00  0.1352E+02
   6.780  0.7997E+00  0.1353E+02
   6.800  0.7954E+00  0.1355E+02
   6.820  0.7904E+00  0.1356E+02
   6.840  0.7858E+00  0.1358E+02
   6.860  0.7823E+00  0.1359E+02
   6.880  0.7798E+00  0.1361E+02
   6.900  0.7774E+00  0.1363E+02
   6.920  0.7742E+00  0.1364E+02
   6.940  0.7702E+00  0.1366E+02
   6.960  0.7662E+00  0.1367E+02
   6.980  0.7630E+00  0.1369E+02
   7.000  0.7607E+00  0.1370E+02
   7.020  0.7587E+00  0.1372E+02
   7.040  0.7561E+00  0.1373E+02
   7.060  0.7526E+00  0.1375E+02
   7.080  0.7488E+00  0.1376E+02
   7.100  0.7457E+00  0.1378E+02
   7.120  0.7437E+00  0.1379E+02
   7.140  0.7425E+00  0.1381E+02
   7.160  0.7409E+00  0.1382E+02
   7.180  0.7382E+00  0.1384E+02
   7.200  0.7345E+00  0.1385E+02
   7.220  0.7307E+00  0.1387E+02
   7.240  0.7279E+00  0.1388E+02
   7.260  0.7266E+00  0.1390E+02
   7.280  0.7262E+00  0.1391E+02
   7.300  0.7254E+00  0.1392E+02
   7.320  0.7232E+00  0.1394E+02
   7.340  0.7197E+00  0.1395E+02
   7.360  0.7157E+00  0.1397E+02
   7.380  0.7126E+00  0.1398E+02
   7.400  0.7110E+00  0.1400E+02
   7.420  0.7108E+00  0.1401E+02
   7.440  0.7109E+00  0.1402E+02
   7.460  0.7100E+00  0.1404E+02
   7.480  0.7075E+00  0.1405E+02
   7.500  0.7039E+00  0.1407E+02
   7.520  0.7002E+00  0.1408E+02
   7.540  0.6976E+00  0.1410E+02
   7.560  0.6966E+00  0.1411E+02
   7.580  0.6968E+00  0.1412E+02
   7.600  0.6972E+00  0.1414E+02
   7.620  0.6966E+00  0.1415E+02
   7.640  0.6945E+00  0.1416E+02
   7.660  0.6911E+00  0.1418E+02
   7.680  0.6874E+00  0.1419E+02
   7.700  0.6846E+00  0.1421E+02
   7.720  0.6836E+00  0.1422E+02
   7.740  0.6842E+00  0.1423E+02
   7.760  0.6854E+00  0.1425E+02
   7.780  0.6856E+00  0.1426E+02
   7.800  0.6839E+00  0.1427E+02
   7.820  0.6805E+00  0.1429E+02
   7.840  0.6764E+00  0.1430E+02
   7.860  0.6732E+00  0.1432E+02
   7.880  0.6722E+00  0.1433E+02
   7.900  0.6732E+00  0.1434E+02
   7.920  0.6751E+00  0.1436E+02
   7.940  0.6760E+00  0.1437E+02
   7.960  0.6748E+00  0.1438E+02
   7.980  0.6713E+00  0.1440E+02
   8.000  0.6670E+00  0.1441E+02
   8.020  0.6637E+00  0.1442E+02
   8.040  0.6626E+00  0.1444E+02
   8.060  0.6638E+00  0.1445E+02
   8.080  0.6659E+00  0.1446E+02
   8.100  0.6671E+00  0.1448E+02
   8.120  0.6663E+00  0.1449E+02
   8.140  0.6636E+00  0.1450E+02
   8.160  0.6600E+00  0.1452E+02
   8.180  0.6570E+00  0.1453E+02
   8.200  0.6558E+00  0.1454E+02
   8.220  0.6562E+00  0.1455E+02
   8.240  0.6576E+00  0.1457E+02
   8.260  0.6587E+00  0.1458E+02
   8.280  0.6589E+00  0.1459E+02
   8.300  0.6579E+00  0.1461E+02
   8.320  0.6560E+00  0.1462E+02
   8.340  0.6539E+00  0.1463E+02
   8.360  0.6521E+00  0.1465E+02
   8.380  0.6511E+00  0.1466E+02
   8.400  0.6512E+00  0.1467E+02
   8.420  0.6522E+00  0.1469E+02
   8.440  0.6535E+00  0.1470E+02
   8.460  0.6545E+00  0.1471E+02
   8.480  0.6545E+00  0.1473E+02
   8.500  0.6535E+00  0.1474E+02
   8.520  0.6516E+00  0.1475E+02
   8.540  0.6498E+00  0.1476E+02
   8.560  0.6487E+00  0.1478E+02
   8.580  0.6490E+00  0.1479E+02
   8.600  0.6507E+00  0.1480E+02
   8.620  0.6531E+00  0.1482E+02
   8.640  0.6554E+00  0.1483E+02
   8.660  0.6566E+00  0.1484E+02
   8.680  0.6562E+00  0.1486E+02
   8.700  0.6548E+00  0.1487E+02
   8.720  0.6533E+00  0.1488E+02
   8.740  0.6532E+00  0.1489E+02
   8.760  0.6553E+00  0.1491E+02
   8.780  0.6598E+00  0.1492E+02
   8.800  0.6660E+00  0.1493E+02
   8.820  0.6731E+00  0.1495E+02
   8.840  0.6810E+00  0.1496E+02
   8.860  0.6907E+00  0.1498E+02
   8.880  0.7051E+00  0.1499E+02
   8.900  0.7275E+00  0.1500E+02
   8.920  0.7605E+00  0.1502E+02
   8.940  0.8045E+00  0.1504E+02
   8.960  0.8570E+00  0.1505E+02
   8.980  0.9122E+00  0.1507E+02
   9.000  0.9631E+00  0.1509E+02
   9.020  0.1002E+01  0.1511E+02
   9.040  0.1026E+01  0.1513E+02
   9.060  0.1032E+01  0.1515E+02
   9.080  0.1022E+01  0.1517E+02
   9.100  0.1001E+01  0.1519E+02
   9.120  0.9741E+00  0.1521E+02
   9.140  0.9445E+00  0.1523E+02
   9.160  0.9150E+00  0.1525E+02
   9.180  0.8867E+00  0.1527E+02
   9.200  0.8604E+00  0.1528E+02
   9.220  0.8366E+00  0.1530E+02
   9.240  0.8162E+00  0.1532E+02
   9.260  0.7997E+00  0.1533E+02
   9.280  0.7874E+00  0.1535E+02
   9.300  0.7785E+00  0.1536E+02
   9.320  0.7718E+00  0.1538E+02
   9.340  0.7657E+00  0.1539E+02
   9.360  0.7589E+00  0.1541E+02
   9.380  0.7505E+00  0.1542E+02
   9.400  0.7408E+00  0.1544E+02
   9.420  0.7304E+00  0.1545E+02
   9.440  0.7200E+00  0.1547E+02
   9.460  0.7104E+00  0.1548E+02
   9.480  0.7016E+00  0.1550E+02
   9.500  0.6934E+00  0.1551E+02
   9.520  0.6851E+00  0.1552E+02
   9.540  0.6764E+00  0.1554E+02
   9.560  0.6672E+00  0.1555E+02
   9.580  0.6578E+00  0.1556E+02
   9.600  0.6482E+00  0.1558E+02
   9.620  0.6383E+00  0.1559E+02
   9.640  0.6274E+00  0.1560E+02
   9.660  0.6152E+00  0.1561E+02
   9.680  0.6015E+00  0.1563E+02
   9.700  0.5867E+00  0.1564E+02
   9.720  0.5715E+00  0.1565E+02
   9.740  0.5565E+00  0.1566E+02
   9.760  0.5420E+00  0.1567E+02
   9.780  0.5285E+00  0.1568E+02
   9.800  0.5161E+00  0.1569E+02
   9.820  0.5058E+00  0.1570E+02
   9.840  0.4986E+00  0.1571E+02
   9.860  0.4950E+00  0.1572E+02
   9.880  0.4944E+00  0.1573E+02
   9.900  0.4943E+00  0.1574E+02
   9.920  0.4909E+00  0.1575E+02
   9.940  0.4803E+00  0.1576E+02
   9.960  0.4597E+00  0.1577E+02
   9.980  0.4292E+00  0.1578E+02
  10.000  0.3918E+00  0.1579E+02
  10.020  0.3522E+00  0.1579E+02
  10.040  0.3156E+00  0.1580E+02
  10.060  0.2853E+00  0.1581E+02
  10.080  0.2621E+00  0.1581E+02
  10.100  0.2442E+00  0.1582E+02
  10.120  0.2292E+00  0.1582E+02
  10.140  0.2155E+00  0.1583E+02
  10.160  0.2030E+00  0.1583E+02
  10.180  0.1931E+00  0.1583E+02
  10.200  0.1870E+00  0.1584E+02
  10.220  0.1852E+00  0.1584E+02
  10.240  0.1861E+00  0.1584E+02
  10.260  0.1873E+00  0.1585E+02
  10.280  0.1865E+00  0.1585E+02
  10.300  0.1826E+00  0.1586E+02
  10.320  0.1765E+00  0.1586E+02
  10.340  0.1702E+00  0.1586E+02
  10.360  0.1656E+00  0.1587E+02
  10.380  0.1637E+00  0.1587E+02
  10.400  0.1642E+00  0.1587E+02
  10.420  0.1653E+00  0.1588E+02
  10.440  0.1652E+00  0.1588E+02
  10.460  0.1632E+00  0.1588E+02
  10.480  0.1594E+00  0.1589E+02
  10.500  0.1550E+00  0.1589E+02
  10.520  0.1511E+00  0.1589E+02
  10.540  0.1487E+00  0.1589E+02
  10.560  0.1474E+00  0.1590E+02
  10.580  0.1469E+00  0.1590E+02
  10.600  0.1465E+00  0.1590E+02
  10.620  0.1458E+00  0.1591E+02
  10.640  0.1445E+00  0.1591E+02
  10.660  0.1427E+00  0.1591E+02
  10.680  0.1402E+00  0.1592E+02
  10.700  0.1372E+00  0.1592E+02
  10.720  0.1342E+00  0.1592E+02
  10.740  0.1320E+00  0.1592E+02
  10.760  0.1311E+00  0.1593E+02
  10.780  0.1313E+00  0.1593E+02
  10.800  0.1321E+00  0.1593E+02
  10.820  0.1322E+00  0.1593E+02
  10.840  0.1308E+00  0.1594E+02
  10.860  0.1280E+00  0.1594E+02
  10.880  0.1245E+00  0.1594E+02
  10.900  0.1217E+00  0.1594E+02
  10.920  0.1205E+00  0.1595E+02
  10.940  0.1210E+00  0.1595E+02
  10.960  0.1222E+00  0.1595E+02
  10.980  0.1231E+00  0.1595E+02
  11.000  0.1228E+00  0.1596E+02
  11.020  0.1213E+00  0.1596E+02
  11.040  0.1190E+00  0.1596E+02
  11.060  0.1172E+00  0.1596E+02
  11.080  0.1166E+00  0.1597E+02
  11.100  0.1179E+00  0.1597E+02
  11.120  0.1209E+00  0.1597E+02
  11.140  0.1250E+00  0.1597E+02
  11.160  0.1294E+00  0.1598E+02
  11.180  0.1329E+00  0.1598E+02
  11.200  0.1350E+00  0.1598E+02
  11.220  0.1349E+00  0.1598E+02
  11.240  0.1323E+00  0.1599E+02
  11.260  0.1267E+00  0.1599E+02
  11.280  0.1180E+00  0.1599E+02
  11.300  0.1063E+00  0.1599E+02
  11.320  0.9191E-01  0.1599E+02
  11.340  0.7581E-01  0.1600E+02
  11.360  0.5927E-01  0.1600E+02
  11.380  0.4368E-01  0.1600E+02
  11.400  0.3020E-01  0.1600E+02
  11.420  0.1950E-01  0.1600E+02
  11.440  0.1173E-01  0.1600E+02
  11.460  0.6548E-02  0.1600E+02
  11.480  0.3388E-02  0.1600E+02
  11.500  0.1621E-02  0.1600E+02
  11.520  0.7161E-03  0.1600E+02
  11.540  0.2918E-03  0.1600E+02
  11.560  0.1095E-03  0.1600E+02
  11.580  0.3786E-04  0.1600E+02
  11.600  0.1204E-04  0.1600E+02
  11.620  0.3519E-05  0.1600E+02
  11.640  0.9455E-06  0.1600E+02
  11.660  0.2334E-06  0.1600E+02
  11.680  0.5289E-07  0.1600E+02
  11.700  0.1101E-07  0.1600E+02
  11.720  0.2102E-08  0.1600E+02
  11.740  0.3683E-09  0.1600E+02
  11.760  0.5922E-10  0.1600E+02
  11.780  0.8733E-11  0.1600E+02
  11.800  0.1181E-11  0.1600E+02
  11.820  0.1465E-12  0.1600E+02
  11.840  0.1666E-13  0.1600E+02
  11.860  0.1737E-14  0.1600E+02
  11.880  0.1660E-15  0.1600E+02
  11.900  0.1454E-16  0.1600E+02
  11.920  0.1168E-17  0.1600E+02
  11.940  0.8593E-19  0.1600E+02
  11.960  0.5796E-20  0.1600E+02
  11.980  0.3583E-21  0.1600E+02
  12.000  0.2029E-22  0.1600E+02
  12.020  0.1053E-23  0.1600E+02
  12.040  0.5009E-25  0.1600E+02
  12.060  0.2182E-26  0.1600E+02
  12.080  0.8713E-28  0.1600E+02
  12.100  0.3187E-29  0.1600E+02
  12.120  0.1068E-30  0.1600E+02
  12.140  0.3279E-32  0.1600E+02
  12.160  0.9222E-34  0.1600E+02
  12.180  0.2376E-35  0.1600E+02
  12.200  0.5608E-37  0.1600E+02
  12.220  0.1213E-38  0.1600E+02
  12.240  0.2402E-40  0.1600E+02
  12.260  0.4357E-42  0.1600E+02
  12.280  0.7241E-44  0.1600E+02
  12.300  0.1102E-45  0.1600E+02
  12.320  0.1537E-47  0.1600E+02
  12.340  0.1963E-49  0.1600E+02
  12.360  0.2296E-51  0.1600E+02
  12.380  0.2460E-53  0.1600E+02
  12.400  0.2415E-55  0.1600E+02
  12.420  0.2170E-57  0.1600E+02
  12.440  0.1787E-59  0.1600E+02
  12.460  0.1347E-61  0.1600E+02
  12.480  0.9304E-64  0.1600E+02
  12.500  0.5885E-66  0.1600E+02
  12.520  0.3409E-68  0.1600E+02
  12.540  0.1808E-70  0.1600E+02
  12.560  0.8787E-73  0.1600E+02
  12.580  0.3910E-75  0.1600E+02
  12.600  0.1593E-77  0.1600E+02
  12.620  0.5947E-80  0.1600E+02
  12.640  0.2046E-82  0.1600E+02
  12.660  0.1948E-84  0.1600E+02
  12.680  0.1313E-84  0.1600E+02
  12.700  0.1312E-84  0.1600E+02
  12.720  0.1312E-84  0.1600E+02
  12.740  0.1312E-84  0.1600E+02
  12.760  0.1312E-84  0.1600E+02
  12.780  0.1312E-84  0.1600E+02
  12.800  0.1312E-84  0.1600E+02
  12.820  0.1312E-84  0.1600E+02
  12.840  0.1312E-84  0.1600E+02
  12.860  0.1312E-84  0.1600E+02
  12.880  0.1312E-84  0.1600E+02
  12.900  0.1312E-84  0.1600E+02
  12.920  0.1312E-84  0.1600E+02
  12.940  0.1312E-84  0.1600E+02
  12.960  0.1312E-84  0.1600E+02
  12.980  0.1312E-84  0.1600E+02
  13.000  0.1312E-84  0.1600E+02
  13.020  0.1312E-84  0.1600E+02
  13.040  0.1312E-84  0.1600E+02
  13.060  0.1312E-84  0.1600E+02
  13.080  0.1312E-84  0.1600E+02
  13.100  0.1312E-84  0.1600E+02
  13.120  0.1312E-84  0.1600E+02
  13.140  0.1312E-84  0.1600E+02
  13.160  0.1312E-84  0.1600E+02
  13.180  0.1312E-84  0.1600E+02
  13.200  0.1312E-84  0.1600E+02
  13.220  0.1312E-84  0.1600E+02
  13.240  0.1312E-84  0.1600E+02
  13.260  0.1312E-84  0.1600E+02
  13.280  0.1312E-84  0.1600E+02
  13.300  0.1312E-84  0.1600E+02
  13.320  0.1312E-84  0.1600E+02
  13.340  0.1312E-84  0.1600E+02
  13.360  0.1312E-84  0.1600E+02
  13.380  0.1312E-84  0.1600E+02
  13.400  0.1312E-84  0.1600E+02
  13.420  0.1312E-84  0.1600E+02
  13.440  0.1312E-84  0.1600E+02
  13.460  0.1312E-84  0.1600E+02
  13.480  0.1312E-84  0.1600E+02
  13.500  0.1312E-84  0.1600E+02
  13.520  0.1312E-84  0.1600E+02
  13.540  0.1312E-84  0.1600E+02
  13.560  0.1312E-84  0.1600E+02
  13.580  0.1312E-84  0.1600E+02
  13.600  0.1312E-84  0.1600E+02
  13.620  0.1312E-84  0.1600E+02
  13.640  0.1312E-84  0.1600E+02
  13.660  0.1312E-84  0.1600E+02
  13.680  0.1312E-84  0.1600E+02
  13.700  0.1312E-84  0.1600E+02
  13.720  0.1312E-84  0.1600E+02
  13.740  0.1312E-84  0.1600E+02
  13.760  0.1312E-84  0.1600E+02
  13.780  0.1312E-84  0.1600E+02
  13.800  0.1312E-84  0.1600E+02
  13.820  0.1312E-84  0.1600E+02
  13.840  0.1312E-84  0.1600E+02
  13.860  0.1312E-84  0.1600E+02
  13.880  0.1312E-84  0.1600E+02
  13.900  0.1312E-84  0.1600E+02
  13.920  0.1312E-84  0.1600E+02
  13.940  0.1312E-84  0.1600E+02
  13.960  0.1312E-84  0.1600E+02
  13.980  0.1312E-84  0.1600E+02
  14.000  0.1312E-84  0.1600E+02
  14.020  0.1312E-84  0.1600E+02
  14.040  0.1312E-84  0.1600E+02
  14.060  0.1312E-84  0.1600E+02
  14.080  0.1312E-84  0.1600E+02
  14.100  0.1312E-84  0.1600E+02
  14.120  0.1312E-84  0.1600E+02
  14.140  0.1312E-84  0.1600E+02
  14.160  0.1312E-84  0.1600E+02
  14.180  0.1312E-84  0.1600E+02
  14.200  0.1312E-84  0.1600E+02
  14.220  0.1312E-84  0.1600E+02
  14.240  0.1312E-84  0.1600E+02
  14.260  0.1312E-84  0.1600E+02
  14.280  0.1312E-84  0.1600E+02
  14.300  0.1312E-84  0.1600E+02
  14.320  0.1312E-84  0.1600E+02
  14.340  0.1312E-84  0.1600E+02
  14.360  0.1312E-84  0.1600E+02
  14.380  0.1312E-84  0.1600E+02
  14.400  0.1312E-84  0.1600E+02
  14.420  0.1312E-84  0.1600E+02
  14.440  0.1312E-84  0.1600E+02
  14.460  0.1312E-84  0.1600E+02
  14.480  0.1312E-84  0.1600E+02
  14.500  0.1312E-84  0.1600E+02
  14.520  0.1312E-84  0.1600E+02
  14.540  0.1312E-84  0.1600E+02
  14.560  0.1312E-84  0.1600E+02
  14.580  0.1312E-84  0.1600E+02
  14.600  0.1312E-84  0.1600E+02
  14.620  0.1312E-84  0.1600E+02
  14.640  0.1312E-84  0.1600E+02
  14.660  0.1312E-84  0.1600E+02
  14.680  0.1312E-84  0.1600E+02
  14.700  0.1312E-84  0.1600E+02
  14.720  0.1312E-84  0.1600E+02
  14.740  0.1312E-84  0.1600E+02
  14.760  0.1312E-84  0.1600E+02
  14.780  0.1312E-84  0.1600E+02
  14.800  0.1312E-84  0.1600E+02
  14.820  0.1312E-84  0.1600E+02
  14.840  0.1312E-84  0.1600E+02
  14.860  0.1312E-84  0.1600E+02
  14.880  0.1312E-84  0.1600E+02
  14.900  0.1312E-84  0.1600E+02
  14.920  0.1312E-84  0.1600E+02
  14.940  0.1312E-84  0.1600E+02
  14.960  0.1312E-84  0.1600E+02
  14.980  0.1312E-84  0.1600E+02
  15.000  0.1312E-84  0.1600E+02
