#  E (eV)   dos(E)     Int dos(E) EFermi =   -1.568 eV
 -24.000  0.1312E-84  0.2623E-86
 -23.980  0.1312E-84  0.5247E-86
 -23.960  0.1312E-84  0.7870E-86
 -23.940  0.1312E-84  0.1049E-85
 -23.920  0.1312E-84  0.1312E-85
 -23.900  0.1312E-84  0.1574E-85
 -23.880  0.1312E-84  0.1836E-85
 -23.860  0.1312E-84  0.2099E-85
 -23.840  0.1312E-84  0.2361E-85
 -23.820  0.1312E-84  0.2623E-85
 -23.800  0.1312E-84  0.2886E-85
 -23.780  0.1312E-84  0.3148E-85
 -23.760  0.1312E-84  0.3410E-85
 -23.740  0.1312E-84  0.3673E-85
 -23.720  0.1312E-84  0.3935E-85
 -23.700  0.1312E-84  0.4197E-85
 -23.680  0.1312E-84  0.4460E-85
 -23.660  0.1312E-84  0.4722E-85
 -23.640  0.1312E-84  0.4984E-85
 -23.620  0.1312E-84  0.5247E-85
 -23.600  0.1312E-84  0.5509E-85
 -23.580  0.1312E-84  0.5771E-85
 -23.560  0.1312E-84  0.6034E-85
 -23.540  0.1312E-84  0.6296E-85
 -23.520  0.1312E-84  0.6558E-85
 -23.500  0.1312E-84  0.6821E-85
 -23.480  0.1312E-84  0.7083E-85
 -23.460  0.1312E-84  0.7345E-85
 -23.440  0.1312E-84  0.7608E-85
 -23.420  0.1312E-84  0.7870E-85
 -23.400  0.1312E-84  0.8132E-85
 -23.380  0.1312E-84  0.8395E-85
 -23.360  0.1312E-84  0.8657E-85
 -23.340  0.1312E-84  0.8919E-85
 -23.320  0.1312E-84  0.9182E-85
 -23.300  0.1312E-84  0.9444E-85
 -23.280  0.1312E-84  0.9706E-85
 -23.260  0.1312E-84  0.9969E-85
 -23.240  0.1312E-84  0.1023E-84
 -23.220  0.1312E-84  0.1049E-84
 -23.200  0.1312E-84  0.1076E-84
 -23.180  0.1312E-84  0.1102E-84
 -23.160  0.1312E-84  0.1128E-84
 -23.140  0.1312E-84  0.1154E-84
 -23.120  0.1312E-84  0.1181E-84
 -23.100  0.1312E-84  0.1207E-84
 -23.080  0.1312E-84  0.1233E-84
 -23.060  0.1312E-84  0.1259E-84
 -23.040  0.1312E-84  0.1285E-84
 -23.020  0.1312E-84  0.1312E-84
 -23.000  0.1312E-84  0.1338E-84
 -22.980  0.1312E-84  0.1364E-84
 -22.960  0.1312E-84  0.1390E-84
 -22.940  0.1312E-84  0.1417E-84
 -22.920  0.1312E-84  0.1443E-84
 -22.900  0.1312E-84  0.1469E-84
 -22.880  0.1312E-84  0.1495E-84
 -22.860  0.1312E-84  0.1522E-84
 -22.840  0.1312E-84  0.1548E-84
 -22.820  0.1312E-84  0.1574E-84
 -22.800  0.1312E-84  0.1600E-84
 -22.780  0.1312E-84  0.1626E-84
 -22.760  0.1312E-84  0.1653E-84
 -22.740  0.1312E-84  0.1679E-84
 -22.720  0.1312E-84  0.1705E-84
 -22.700  0.1312E-84  0.1731E-84
 -22.680  0.1312E-84  0.1758E-84
 -22.660  0.1312E-84  0.1784E-84
 -22.640  0.1312E-84  0.1810E-84
 -22.620  0.1312E-84  0.1836E-84
 -22.600  0.1312E-84  0.1863E-84
 -22.580  0.1312E-84  0.1889E-84
 -22.560  0.1312E-84  0.1915E-84
 -22.540  0.1312E-84  0.1941E-84
 -22.520  0.1312E-84  0.1968E-84
 -22.500  0.1312E-84  0.1994E-84
 -22.480  0.1312E-84  0.2020E-84
 -22.460  0.1312E-84  0.2046E-84
 -22.440  0.1312E-84  0.2072E-84
 -22.420  0.1314E-84  0.2099E-84
 -22.400  0.2307E-84  0.2145E-84
 -22.380  0.3207E-82  0.8560E-84
 -22.360  0.9379E-80  0.1884E-81
 -22.340  0.2522E-77  0.5063E-79
 -22.320  0.6211E-75  0.1247E-76
 -22.300  0.1401E-72  0.2814E-74
 -22.280  0.2893E-70  0.5814E-72
 -22.260  0.5472E-68  0.1100E-69
 -22.240  0.9480E-66  0.1907E-67
 -22.220  0.1504E-63  0.3027E-65
 -22.200  0.2186E-61  0.4402E-63
 -22.180  0.2909E-59  0.5862E-61
 -22.160  0.3546E-57  0.7150E-59
 -22.140  0.3958E-55  0.7988E-57
 -22.120  0.4047E-53  0.8175E-55
 -22.100  0.3791E-51  0.7663E-53
 -22.080  0.3251E-49  0.6580E-51
 -22.060  0.2555E-47  0.5175E-49
 -22.040  0.1838E-45  0.3729E-47
 -22.020  0.1212E-43  0.2461E-45
 -22.000  0.7317E-42  0.1488E-43
 -21.980  0.4047E-40  0.8243E-42
 -21.960  0.2050E-38  0.4183E-40
 -21.940  0.9516E-37  0.1945E-38
 -21.920  0.4046E-35  0.8286E-37
 -21.900  0.1576E-33  0.3234E-35
 -21.880  0.5622E-32  0.1157E-33
 -21.860  0.1838E-30  0.3791E-32
 -21.840  0.5503E-29  0.1139E-30
 -21.820  0.1510E-27  0.3134E-29
 -21.800  0.3796E-26  0.7905E-28
 -21.780  0.8744E-25  0.1828E-26
 -21.760  0.1845E-23  0.3874E-25
 -21.740  0.3569E-22  0.7526E-24
 -21.720  0.6326E-21  0.1340E-22
 -21.700  0.1027E-19  0.2189E-21
 -21.680  0.1529E-18  0.3278E-20
 -21.660  0.2087E-17  0.4501E-19
 -21.640  0.2609E-16  0.5669E-18
 -21.620  0.2991E-15  0.6550E-17
 -21.600  0.3144E-14  0.6943E-16
 -21.580  0.3029E-13  0.6753E-15
 -21.560  0.2676E-12  0.6028E-14
 -21.540  0.2168E-11  0.4939E-13
 -21.520  0.1611E-10  0.3716E-12
 -21.500  0.1098E-09  0.2568E-11
 -21.480  0.6868E-09  0.1630E-10
 -21.460  0.3941E-08  0.9512E-10
 -21.440  0.2075E-07  0.5102E-09
 -21.420  0.1003E-06  0.2517E-08
 -21.400  0.4454E-06  0.1142E-07
 -21.380  0.1816E-05  0.4775E-07
 -21.360  0.6805E-05  0.1838E-06
 -21.340  0.2344E-04  0.6526E-06
 -21.320  0.7424E-04  0.2137E-05
 -21.300  0.2164E-03  0.6466E-05
 -21.280  0.5809E-03  0.1808E-04
 -21.260  0.1437E-02  0.4682E-04
 -21.240  0.3279E-02  0.1124E-03
 -21.220  0.6910E-02  0.2506E-03
 -21.200  0.1347E-01  0.5200E-03
 -21.180  0.2432E-01  0.1006E-02
 -21.160  0.4077E-01  0.1822E-02
 -21.140  0.6363E-01  0.3094E-02
 -21.120  0.9271E-01  0.4949E-02
 -21.100  0.1266E+00  0.7481E-02
 -21.080  0.1628E+00  0.1074E-01
 -21.060  0.1983E+00  0.1470E-01
 -21.040  0.2301E+00  0.1930E-01
 -21.020  0.2562E+00  0.2443E-01
 -21.000  0.2759E+00  0.2994E-01
 -20.980  0.2894E+00  0.3573E-01
 -20.960  0.2980E+00  0.4169E-01
 -20.940  0.3031E+00  0.4776E-01
 -20.920  0.3057E+00  0.5387E-01
 -20.900  0.3071E+00  0.6001E-01
 -20.880  0.3077E+00  0.6617E-01
 -20.860  0.3080E+00  0.7233E-01
 -20.840  0.3082E+00  0.7849E-01
 -20.820  0.3083E+00  0.8466E-01
 -20.800  0.3083E+00  0.9082E-01
 -20.780  0.3084E+00  0.9699E-01
 -20.760  0.3085E+00  0.1032E+00
 -20.740  0.3086E+00  0.1093E+00
 -20.720  0.3086E+00  0.1155E+00
 -20.700  0.3087E+00  0.1217E+00
 -20.680  0.3088E+00  0.1279E+00
 -20.660  0.3088E+00  0.1340E+00
 -20.640  0.3089E+00  0.1402E+00
 -20.620  0.3090E+00  0.1464E+00
 -20.600  0.3090E+00  0.1526E+00
 -20.580  0.3091E+00  0.1588E+00
 -20.560  0.3092E+00  0.1649E+00
 -20.540  0.3093E+00  0.1711E+00
 -20.520  0.3093E+00  0.1773E+00
 -20.500  0.3094E+00  0.1835E+00
 -20.480  0.3095E+00  0.1897E+00
 -20.460  0.3096E+00  0.1959E+00
 -20.440  0.3096E+00  0.2021E+00
 -20.420  0.3097E+00  0.2083E+00
 -20.400  0.3098E+00  0.2145E+00
 -20.380  0.3099E+00  0.2207E+00
 -20.360  0.3099E+00  0.2269E+00
 -20.340  0.3100E+00  0.2331E+00
 -20.320  0.3101E+00  0.2393E+00
 -20.300  0.3102E+00  0.2455E+00
 -20.280  0.3102E+00  0.2517E+00
 -20.260  0.3103E+00  0.2579E+00
 -20.240  0.3104E+00  0.2641E+00
 -20.220  0.3105E+00  0.2703E+00
 -20.200  0.3105E+00  0.2765E+00
 -20.180  0.3106E+00  0.2827E+00
 -20.160  0.3107E+00  0.2889E+00
 -20.140  0.3108E+00  0.2951E+00
 -20.120  0.3109E+00  0.3014E+00
 -20.100  0.3109E+00  0.3076E+00
 -20.080  0.3110E+00  0.3138E+00
 -20.060  0.3111E+00  0.3200E+00
 -20.040  0.3112E+00  0.3262E+00
 -20.020  0.3113E+00  0.3325E+00
 -20.000  0.3113E+00  0.3387E+00
 -19.980  0.3114E+00  0.3449E+00
 -19.960  0.3115E+00  0.3512E+00
 -19.940  0.3116E+00  0.3574E+00
 -19.920  0.3117E+00  0.3636E+00
 -19.900  0.3118E+00  0.3699E+00
 -19.880  0.3118E+00  0.3761E+00
 -19.860  0.3119E+00  0.3823E+00
 -19.840  0.3120E+00  0.3886E+00
 -19.820  0.3121E+00  0.3948E+00
 -19.800  0.3122E+00  0.4011E+00
 -19.780  0.3123E+00  0.4073E+00
 -19.760  0.3124E+00  0.4135E+00
 -19.740  0.3125E+00  0.4198E+00
 -19.720  0.3125E+00  0.4260E+00
 -19.700  0.3126E+00  0.4323E+00
 -19.680  0.3127E+00  0.4386E+00
 -19.660  0.3128E+00  0.4448E+00
 -19.640  0.3129E+00  0.4511E+00
 -19.620  0.3130E+00  0.4573E+00
 -19.600  0.3131E+00  0.4636E+00
 -19.580  0.3132E+00  0.4699E+00
 -19.560  0.3133E+00  0.4761E+00
 -19.540  0.3134E+00  0.4824E+00
 -19.520  0.3134E+00  0.4887E+00
 -19.500  0.3135E+00  0.4949E+00
 -19.480  0.3136E+00  0.5012E+00
 -19.460  0.3137E+00  0.5075E+00
 -19.440  0.3138E+00  0.5137E+00
 -19.420  0.3139E+00  0.5200E+00
 -19.400  0.3140E+00  0.5263E+00
 -19.380  0.3141E+00  0.5326E+00
 -19.360  0.3142E+00  0.5389E+00
 -19.340  0.3143E+00  0.5452E+00
 -19.320  0.3144E+00  0.5514E+00
 -19.300  0.3145E+00  0.5577E+00
 -19.280  0.3146E+00  0.5640E+00
 -19.260  0.3147E+00  0.5703E+00
 -19.240  0.3148E+00  0.5766E+00
 -19.220  0.3149E+00  0.5829E+00
 -19.200  0.3150E+00  0.5892E+00
 -19.180  0.3151E+00  0.5955E+00
 -19.160  0.3152E+00  0.6018E+00
 -19.140  0.3153E+00  0.6081E+00
 -19.120  0.3154E+00  0.6144E+00
 -19.100  0.3155E+00  0.6208E+00
 -19.080  0.3156E+00  0.6271E+00
 -19.060  0.3157E+00  0.6334E+00
 -19.040  0.3159E+00  0.6397E+00
 -19.020  0.3160E+00  0.6460E+00
 -19.000  0.3161E+00  0.6523E+00
 -18.980  0.3162E+00  0.6587E+00
 -18.960  0.3163E+00  0.6650E+00
 -18.940  0.3164E+00  0.6713E+00
 -18.920  0.3165E+00  0.6776E+00
 -18.900  0.3166E+00  0.6840E+00
 -18.880  0.3167E+00  0.6903E+00
 -18.860  0.3169E+00  0.6967E+00
 -18.840  0.3170E+00  0.7030E+00
 -18.820  0.3171E+00  0.7093E+00
 -18.800  0.3172E+00  0.7157E+00
 -18.780  0.3173E+00  0.7220E+00
 -18.760  0.3175E+00  0.7284E+00
 -18.740  0.3176E+00  0.7347E+00
 -18.720  0.3177E+00  0.7411E+00
 -18.700  0.3178E+00  0.7474E+00
 -18.680  0.3179E+00  0.7538E+00
 -18.660  0.3181E+00  0.7602E+00
 -18.640  0.3182E+00  0.7665E+00
 -18.620  0.3183E+00  0.7729E+00
 -18.600  0.3184E+00  0.7793E+00
 -18.580  0.3186E+00  0.7856E+00
 -18.560  0.3187E+00  0.7920E+00
 -18.540  0.3188E+00  0.7984E+00
 -18.520  0.3190E+00  0.8048E+00
 -18.500  0.3191E+00  0.8111E+00
 -18.480  0.3192E+00  0.8175E+00
 -18.460  0.3194E+00  0.8239E+00
 -18.440  0.3195E+00  0.8303E+00
 -18.420  0.3196E+00  0.8367E+00
 -18.400  0.3198E+00  0.8431E+00
 -18.380  0.3199E+00  0.8495E+00
 -18.360  0.3201E+00  0.8559E+00
 -18.340  0.3202E+00  0.8623E+00
 -18.320  0.3203E+00  0.8687E+00
 -18.300  0.3205E+00  0.8751E+00
 -18.280  0.3206E+00  0.8815E+00
 -18.260  0.3208E+00  0.8879E+00
 -18.240  0.3209E+00  0.8944E+00
 -18.220  0.3211E+00  0.9008E+00
 -18.200  0.3212E+00  0.9072E+00
 -18.180  0.3214E+00  0.9136E+00
 -18.160  0.3215E+00  0.9201E+00
 -18.140  0.3217E+00  0.9265E+00
 -18.120  0.3219E+00  0.9329E+00
 -18.100  0.3220E+00  0.9394E+00
 -18.080  0.3222E+00  0.9458E+00
 -18.060  0.3223E+00  0.9523E+00
 -18.040  0.3225E+00  0.9587E+00
 -18.020  0.3227E+00  0.9652E+00
 -18.000  0.3229E+00  0.9716E+00
 -17.980  0.3230E+00  0.9781E+00
 -17.960  0.3232E+00  0.9845E+00
 -17.940  0.3234E+00  0.9910E+00
 -17.920  0.3236E+00  0.9975E+00
 -17.900  0.3237E+00  0.1004E+01
 -17.880  0.3239E+00  0.1010E+01
 -17.860  0.3241E+00  0.1017E+01
 -17.840  0.3243E+00  0.1023E+01
 -17.820  0.3245E+00  0.1030E+01
 -17.800  0.3247E+00  0.1036E+01
 -17.780  0.3248E+00  0.1043E+01
 -17.760  0.3250E+00  0.1049E+01
 -17.740  0.3253E+00  0.1056E+01
 -17.720  0.3255E+00  0.1062E+01
 -17.700  0.3257E+00  0.1069E+01
 -17.680  0.3259E+00  0.1075E+01
 -17.660  0.3261E+00  0.1082E+01
 -17.640  0.3263E+00  0.1088E+01
 -17.620  0.3265E+00  0.1095E+01
 -17.600  0.3267E+00  0.1102E+01
 -17.580  0.3269E+00  0.1108E+01
 -17.560  0.3272E+00  0.1115E+01
 -17.540  0.3274E+00  0.1121E+01
 -17.520  0.3276E+00  0.1128E+01
 -17.500  0.3279E+00  0.1134E+01
 -17.480  0.3281E+00  0.1141E+01
 -17.460  0.3283E+00  0.1147E+01
 -17.440  0.3286E+00  0.1154E+01
 -17.420  0.3289E+00  0.1161E+01
 -17.400  0.3291E+00  0.1167E+01
 -17.380  0.3294E+00  0.1174E+01
 -17.360  0.3296E+00  0.1180E+01
 -17.340  0.3299E+00  0.1187E+01
 -17.320  0.3302E+00  0.1194E+01
 -17.300  0.3305E+00  0.1200E+01
 -17.280  0.3307E+00  0.1207E+01
 -17.260  0.3310E+00  0.1213E+01
 -17.240  0.3314E+00  0.1220E+01
 -17.220  0.3317E+00  0.1227E+01
 -17.200  0.3320E+00  0.1233E+01
 -17.180  0.3323E+00  0.1240E+01
 -17.160  0.3326E+00  0.1247E+01
 -17.140  0.3329E+00  0.1253E+01
 -17.120  0.3333E+00  0.1260E+01
 -17.100  0.3336E+00  0.1267E+01
 -17.080  0.3339E+00  0.1273E+01
 -17.060  0.3343E+00  0.1280E+01
 -17.040  0.3347E+00  0.1287E+01
 -17.020  0.3351E+00  0.1293E+01
 -17.000  0.3355E+00  0.1300E+01
 -16.980  0.3358E+00  0.1307E+01
 -16.960  0.3362E+00  0.1313E+01
 -16.940  0.3367E+00  0.1320E+01
 -16.920  0.3371E+00  0.1327E+01
 -16.900  0.3376E+00  0.1334E+01
 -16.880  0.3380E+00  0.1340E+01
 -16.860  0.3385E+00  0.1347E+01
 -16.840  0.3389E+00  0.1354E+01
 -16.820  0.3395E+00  0.1361E+01
 -16.800  0.3400E+00  0.1368E+01
 -16.780  0.3405E+00  0.1374E+01
 -16.760  0.3410E+00  0.1381E+01
 -16.740  0.3416E+00  0.1388E+01
 -16.720  0.3422E+00  0.1395E+01
 -16.700  0.3428E+00  0.1402E+01
 -16.680  0.3434E+00  0.1409E+01
 -16.660  0.3441E+00  0.1416E+01
 -16.640  0.3447E+00  0.1422E+01
 -16.620  0.3454E+00  0.1429E+01
 -16.600  0.3462E+00  0.1436E+01
 -16.580  0.3470E+00  0.1443E+01
 -16.560  0.3477E+00  0.1450E+01
 -16.540  0.3485E+00  0.1457E+01
 -16.520  0.3493E+00  0.1464E+01
 -16.500  0.3503E+00  0.1471E+01
 -16.480  0.3513E+00  0.1478E+01
 -16.460  0.3523E+00  0.1485E+01
 -16.440  0.3532E+00  0.1492E+01
 -16.420  0.3543E+00  0.1499E+01
 -16.400  0.3555E+00  0.1506E+01
 -16.380  0.3567E+00  0.1514E+01
 -16.360  0.3581E+00  0.1521E+01
 -16.340  0.3594E+00  0.1528E+01
 -16.320  0.3608E+00  0.1535E+01
 -16.300  0.3623E+00  0.1542E+01
 -16.280  0.3641E+00  0.1550E+01
 -16.260  0.3659E+00  0.1557E+01
 -16.240  0.3679E+00  0.1564E+01
 -16.220  0.3699E+00  0.1572E+01
 -16.200  0.3721E+00  0.1579E+01
 -16.180  0.3746E+00  0.1587E+01
 -16.160  0.3774E+00  0.1594E+01
 -16.140  0.3805E+00  0.1602E+01
 -16.120  0.3838E+00  0.1609E+01
 -16.100  0.3876E+00  0.1617E+01
 -16.080  0.3920E+00  0.1625E+01
 -16.060  0.3971E+00  0.1633E+01
 -16.040  0.4033E+00  0.1641E+01
 -16.020  0.4107E+00  0.1649E+01
 -16.000  0.4194E+00  0.1658E+01
 -15.980  0.4297E+00  0.1666E+01
 -15.960  0.4415E+00  0.1675E+01
 -15.940  0.4542E+00  0.1684E+01
 -15.920  0.4665E+00  0.1694E+01
 -15.900  0.4768E+00  0.1703E+01
 -15.880  0.4831E+00  0.1713E+01
 -15.860  0.4839E+00  0.1722E+01
 -15.840  0.4784E+00  0.1732E+01
 -15.820  0.4670E+00  0.1741E+01
 -15.800  0.4507E+00  0.1750E+01
 -15.780  0.4312E+00  0.1759E+01
 -15.760  0.4106E+00  0.1767E+01
 -15.740  0.3905E+00  0.1775E+01
 -15.720  0.3720E+00  0.1782E+01
 -15.700  0.3555E+00  0.1790E+01
 -15.680  0.3409E+00  0.1796E+01
 -15.660  0.3279E+00  0.1803E+01
 -15.640  0.3163E+00  0.1809E+01
 -15.620  0.3058E+00  0.1815E+01
 -15.600  0.2963E+00  0.1821E+01
 -15.580  0.2876E+00  0.1827E+01
 -15.560  0.2794E+00  0.1833E+01
 -15.540  0.2715E+00  0.1838E+01
 -15.520  0.2641E+00  0.1843E+01
 -15.500  0.2571E+00  0.1848E+01
 -15.480  0.2505E+00  0.1853E+01
 -15.460  0.2442E+00  0.1858E+01
 -15.440  0.2381E+00  0.1863E+01
 -15.420  0.2321E+00  0.1868E+01
 -15.400  0.2263E+00  0.1872E+01
 -15.380  0.2208E+00  0.1877E+01
 -15.360  0.2156E+00  0.1881E+01
 -15.340  0.2104E+00  0.1885E+01
 -15.320  0.2053E+00  0.1889E+01
 -15.300  0.2003E+00  0.1893E+01
 -15.280  0.1955E+00  0.1897E+01
 -15.260  0.1909E+00  0.1901E+01
 -15.240  0.1865E+00  0.1905E+01
 -15.220  0.1820E+00  0.1908E+01
 -15.200  0.1776E+00  0.1912E+01
 -15.180  0.1733E+00  0.1915E+01
 -15.160  0.1691E+00  0.1919E+01
 -15.140  0.1651E+00  0.1922E+01
 -15.120  0.1611E+00  0.1925E+01
 -15.100  0.1571E+00  0.1929E+01
 -15.080  0.1531E+00  0.1932E+01
 -15.060  0.1493E+00  0.1935E+01
 -15.040  0.1457E+00  0.1937E+01
 -15.020  0.1421E+00  0.1940E+01
 -15.000  0.1388E+00  0.1943E+01
 -14.980  0.1359E+00  0.1946E+01
 -14.960  0.1339E+00  0.1948E+01
 -14.940  0.1336E+00  0.1951E+01
 -14.920  0.1357E+00  0.1954E+01
 -14.900  0.1412E+00  0.1957E+01
 -14.880  0.1511E+00  0.1960E+01
 -14.860  0.1660E+00  0.1963E+01
 -14.840  0.1855E+00  0.1967E+01
 -14.820  0.2085E+00  0.1971E+01
 -14.800  0.2330E+00  0.1976E+01
 -14.780  0.2568E+00  0.1981E+01
 -14.760  0.2778E+00  0.1986E+01
 -14.740  0.2949E+00  0.1992E+01
 -14.720  0.3076E+00  0.1998E+01
 -14.700  0.3163E+00  0.2005E+01
 -14.680  0.3217E+00  0.2011E+01
 -14.660  0.3248E+00  0.2018E+01
 -14.640  0.3265E+00  0.2024E+01
 -14.620  0.3274E+00  0.2031E+01
 -14.600  0.3278E+00  0.2037E+01
 -14.580  0.3281E+00  0.2044E+01
 -14.560  0.3283E+00  0.2050E+01
 -14.540  0.3284E+00  0.2057E+01
 -14.520  0.3286E+00  0.2063E+01
 -14.500  0.3287E+00  0.2070E+01
 -14.480  0.3289E+00  0.2077E+01
 -14.460  0.3290E+00  0.2083E+01
 -14.440  0.3292E+00  0.2090E+01
 -14.420  0.3293E+00  0.2096E+01
 -14.400  0.3295E+00  0.2103E+01
 -14.380  0.3296E+00  0.2110E+01
 -14.360  0.3298E+00  0.2116E+01
 -14.340  0.3300E+00  0.2123E+01
 -14.320  0.3303E+00  0.2129E+01
 -14.300  0.3306E+00  0.2136E+01
 -14.280  0.3312E+00  0.2143E+01
 -14.260  0.3321E+00  0.2149E+01
 -14.240  0.3335E+00  0.2156E+01
 -14.220  0.3357E+00  0.2163E+01
 -14.200  0.3389E+00  0.2169E+01
 -14.180  0.3434E+00  0.2176E+01
 -14.160  0.3494E+00  0.2183E+01
 -14.140  0.3571E+00  0.2190E+01
 -14.120  0.3666E+00  0.2198E+01
 -14.100  0.3781E+00  0.2205E+01
 -14.080  0.3916E+00  0.2213E+01
 -14.060  0.4070E+00  0.2221E+01
 -14.040  0.4238E+00  0.2230E+01
 -14.020  0.4412E+00  0.2239E+01
 -14.000  0.4578E+00  0.2248E+01
 -13.980  0.4719E+00  0.2257E+01
 -13.960  0.4820E+00  0.2267E+01
 -13.940  0.4869E+00  0.2277E+01
 -13.920  0.4863E+00  0.2286E+01
 -13.900  0.4809E+00  0.2296E+01
 -13.880  0.4719E+00  0.2305E+01
 -13.860  0.4609E+00  0.2315E+01
 -13.840  0.4493E+00  0.2324E+01
 -13.820  0.4383E+00  0.2332E+01
 -13.800  0.4284E+00  0.2341E+01
 -13.780  0.4198E+00  0.2349E+01
 -13.760  0.4124E+00  0.2358E+01
 -13.740  0.4061E+00  0.2366E+01
 -13.720  0.4005E+00  0.2374E+01
 -13.700  0.3956E+00  0.2382E+01
 -13.680  0.3911E+00  0.2389E+01
 -13.660  0.3871E+00  0.2397E+01
 -13.640  0.3833E+00  0.2405E+01
 -13.620  0.3798E+00  0.2412E+01
 -13.600  0.3765E+00  0.2420E+01
 -13.580  0.3734E+00  0.2427E+01
 -13.560  0.3704E+00  0.2435E+01
 -13.540  0.3676E+00  0.2442E+01
 -13.520  0.3649E+00  0.2449E+01
 -13.500  0.3623E+00  0.2457E+01
 -13.480  0.3598E+00  0.2464E+01
 -13.460  0.3574E+00  0.2471E+01
 -13.440  0.3551E+00  0.2478E+01
 -13.420  0.3528E+00  0.2485E+01
 -13.400  0.3506E+00  0.2492E+01
 -13.380  0.3485E+00  0.2499E+01
 -13.360  0.3464E+00  0.2506E+01
 -13.340  0.3444E+00  0.2513E+01
 -13.320  0.3424E+00  0.2520E+01
 -13.300  0.3405E+00  0.2527E+01
 -13.280  0.3386E+00  0.2533E+01
 -13.260  0.3368E+00  0.2540E+01
 -13.240  0.3350E+00  0.2547E+01
 -13.220  0.3332E+00  0.2554E+01
 -13.200  0.3315E+00  0.2560E+01
 -13.180  0.3298E+00  0.2567E+01
 -13.160  0.3281E+00  0.2573E+01
 -13.140  0.3265E+00  0.2580E+01
 -13.120  0.3248E+00  0.2586E+01
 -13.100  0.3233E+00  0.2593E+01
 -13.080  0.3217E+00  0.2599E+01
 -13.060  0.3201E+00  0.2606E+01
 -13.040  0.3186E+00  0.2612E+01
 -13.020  0.3171E+00  0.2618E+01
 -13.000  0.3156E+00  0.2625E+01
 -12.980  0.3142E+00  0.2631E+01
 -12.960  0.3127E+00  0.2637E+01
 -12.940  0.3113E+00  0.2643E+01
 -12.920  0.3099E+00  0.2650E+01
 -12.900  0.3085E+00  0.2656E+01
 -12.880  0.3071E+00  0.2662E+01
 -12.860  0.3058E+00  0.2668E+01
 -12.840  0.3044E+00  0.2674E+01
 -12.820  0.3031E+00  0.2680E+01
 -12.800  0.3018E+00  0.2686E+01
 -12.780  0.3005E+00  0.2692E+01
 -12.760  0.2992E+00  0.2698E+01
 -12.740  0.2980E+00  0.2704E+01
 -12.720  0.2967E+00  0.2710E+01
 -12.700  0.2955E+00  0.2716E+01
 -12.680  0.2942E+00  0.2722E+01
 -12.660  0.2930E+00  0.2728E+01
 -12.640  0.2918E+00  0.2734E+01
 -12.620  0.2906E+00  0.2739E+01
 -12.600  0.2894E+00  0.2745E+01
 -12.580  0.2882E+00  0.2751E+01
 -12.560  0.2871E+00  0.2757E+01
 -12.540  0.2859E+00  0.2762E+01
 -12.520  0.2847E+00  0.2768E+01
 -12.500  0.2836E+00  0.2774E+01
 -12.480  0.2825E+00  0.2779E+01
 -12.460  0.2814E+00  0.2785E+01
 -12.440  0.2803E+00  0.2791E+01
 -12.420  0.2792E+00  0.2796E+01
 -12.400  0.2781E+00  0.2802E+01
 -12.380  0.2770E+00  0.2807E+01
 -12.360  0.2759E+00  0.2813E+01
 -12.340  0.2749E+00  0.2818E+01
 -12.320  0.2740E+00  0.2824E+01
 -12.300  0.2732E+00  0.2829E+01
 -12.280  0.2729E+00  0.2835E+01
 -12.260  0.2731E+00  0.2840E+01
 -12.240  0.2743E+00  0.2846E+01
 -12.220  0.2769E+00  0.2851E+01
 -12.200  0.2813E+00  0.2857E+01
 -12.180  0.2877E+00  0.2863E+01
 -12.160  0.2960E+00  0.2869E+01
 -12.140  0.3057E+00  0.2875E+01
 -12.120  0.3160E+00  0.2881E+01
 -12.100  0.3261E+00  0.2888E+01
 -12.080  0.3350E+00  0.2894E+01
 -12.060  0.3423E+00  0.2901E+01
 -12.040  0.3478E+00  0.2908E+01
 -12.020  0.3516E+00  0.2915E+01
 -12.000  0.3541E+00  0.2922E+01
 -11.980  0.3557E+00  0.2929E+01
 -11.960  0.3566E+00  0.2936E+01
 -11.940  0.3573E+00  0.2944E+01
 -11.920  0.3578E+00  0.2951E+01
 -11.900  0.3582E+00  0.2958E+01
 -11.880  0.3585E+00  0.2965E+01
 -11.860  0.3589E+00  0.2972E+01
 -11.840  0.3593E+00  0.2979E+01
 -11.820  0.3596E+00  0.2987E+01
 -11.800  0.3600E+00  0.2994E+01
 -11.780  0.3603E+00  0.3001E+01
 -11.760  0.3607E+00  0.3008E+01
 -11.740  0.3611E+00  0.3015E+01
 -11.720  0.3614E+00  0.3023E+01
 -11.700  0.3618E+00  0.3030E+01
 -11.680  0.3622E+00  0.3037E+01
 -11.660  0.3626E+00  0.3044E+01
 -11.640  0.3630E+00  0.3052E+01
 -11.620  0.3634E+00  0.3059E+01
 -11.600  0.3638E+00  0.3066E+01
 -11.580  0.3641E+00  0.3073E+01
 -11.560  0.3645E+00  0.3081E+01
 -11.540  0.3649E+00  0.3088E+01
 -11.520  0.3653E+00  0.3095E+01
 -11.500  0.3658E+00  0.3103E+01
 -11.480  0.3662E+00  0.3110E+01
 -11.460  0.3666E+00  0.3117E+01
 -11.440  0.3670E+00  0.3125E+01
 -11.420  0.3674E+00  0.3132E+01
 -11.400  0.3679E+00  0.3139E+01
 -11.380  0.3683E+00  0.3147E+01
 -11.360  0.3688E+00  0.3154E+01
 -11.340  0.3692E+00  0.3162E+01
 -11.320  0.3696E+00  0.3169E+01
 -11.300  0.3700E+00  0.3176E+01
 -11.280  0.3705E+00  0.3184E+01
 -11.260  0.3710E+00  0.3191E+01
 -11.240  0.3715E+00  0.3199E+01
 -11.220  0.3719E+00  0.3206E+01
 -11.200  0.3723E+00  0.3213E+01
 -11.180  0.3728E+00  0.3221E+01
 -11.160  0.3733E+00  0.3228E+01
 -11.140  0.3739E+00  0.3236E+01
 -11.120  0.3744E+00  0.3243E+01
 -11.100  0.3748E+00  0.3251E+01
 -11.080  0.3752E+00  0.3258E+01
 -11.060  0.3757E+00  0.3266E+01
 -11.040  0.3763E+00  0.3273E+01
 -11.020  0.3769E+00  0.3281E+01
 -11.000  0.3774E+00  0.3288E+01
 -10.980  0.3778E+00  0.3296E+01
 -10.960  0.3783E+00  0.3304E+01
 -10.940  0.3788E+00  0.3311E+01
 -10.920  0.3795E+00  0.3319E+01
 -10.900  0.3801E+00  0.3326E+01
 -10.880  0.3806E+00  0.3334E+01
 -10.860  0.3811E+00  0.3342E+01
 -10.840  0.3815E+00  0.3349E+01
 -10.820  0.3821E+00  0.3357E+01
 -10.800  0.3828E+00  0.3365E+01
 -10.780  0.3835E+00  0.3372E+01
 -10.760  0.3841E+00  0.3380E+01
 -10.740  0.3845E+00  0.3388E+01
 -10.720  0.3850E+00  0.3395E+01
 -10.700  0.3856E+00  0.3403E+01
 -10.680  0.3864E+00  0.3411E+01
 -10.660  0.3871E+00  0.3418E+01
 -10.640  0.3877E+00  0.3426E+01
 -10.620  0.3882E+00  0.3434E+01
 -10.600  0.3887E+00  0.3442E+01
 -10.580  0.3893E+00  0.3450E+01
 -10.560  0.3901E+00  0.3457E+01
 -10.540  0.3909E+00  0.3465E+01
 -10.520  0.3916E+00  0.3473E+01
 -10.500  0.3921E+00  0.3481E+01
 -10.480  0.3927E+00  0.3489E+01
 -10.460  0.3933E+00  0.3497E+01
 -10.440  0.3942E+00  0.3504E+01
 -10.420  0.3950E+00  0.3512E+01
 -10.400  0.3958E+00  0.3520E+01
 -10.380  0.3963E+00  0.3528E+01
 -10.360  0.3969E+00  0.3536E+01
 -10.340  0.3976E+00  0.3544E+01
 -10.320  0.3985E+00  0.3552E+01
 -10.300  0.3994E+00  0.3560E+01
 -10.280  0.4002E+00  0.3568E+01
 -10.260  0.4009E+00  0.3576E+01
 -10.240  0.4015E+00  0.3584E+01
 -10.220  0.4023E+00  0.3592E+01
 -10.200  0.4032E+00  0.3600E+01
 -10.180  0.4041E+00  0.3608E+01
 -10.160  0.4050E+00  0.3616E+01
 -10.140  0.4057E+00  0.3624E+01
 -10.120  0.4064E+00  0.3633E+01
 -10.100  0.4072E+00  0.3641E+01
 -10.080  0.4082E+00  0.3649E+01
 -10.060  0.4092E+00  0.3657E+01
 -10.040  0.4101E+00  0.3665E+01
 -10.020  0.4110E+00  0.3673E+01
 -10.000  0.4118E+00  0.3682E+01
  -9.980  0.4126E+00  0.3690E+01
  -9.960  0.4136E+00  0.3698E+01
  -9.940  0.4147E+00  0.3707E+01
  -9.920  0.4157E+00  0.3715E+01
  -9.900  0.4166E+00  0.3723E+01
  -9.880  0.4175E+00  0.3732E+01
  -9.860  0.4185E+00  0.3740E+01
  -9.840  0.4196E+00  0.3748E+01
  -9.820  0.4207E+00  0.3757E+01
  -9.800  0.4218E+00  0.3765E+01
  -9.780  0.4228E+00  0.3774E+01
  -9.760  0.4238E+00  0.3782E+01
  -9.740  0.4249E+00  0.3791E+01
  -9.720  0.4260E+00  0.3799E+01
  -9.700  0.4272E+00  0.3808E+01
  -9.680  0.4284E+00  0.3816E+01
  -9.660  0.4295E+00  0.3825E+01
  -9.640  0.4306E+00  0.3833E+01
  -9.620  0.4318E+00  0.3842E+01
  -9.600  0.4331E+00  0.3851E+01
  -9.580  0.4344E+00  0.3859E+01
  -9.560  0.4357E+00  0.3868E+01
  -9.540  0.4369E+00  0.3877E+01
  -9.520  0.4382E+00  0.3886E+01
  -9.500  0.4395E+00  0.3894E+01
  -9.480  0.4409E+00  0.3903E+01
  -9.460  0.4423E+00  0.3912E+01
  -9.440  0.4437E+00  0.3921E+01
  -9.420  0.4451E+00  0.3930E+01
  -9.400  0.4466E+00  0.3939E+01
  -9.380  0.4484E+00  0.3948E+01
  -9.360  0.4506E+00  0.3957E+01
  -9.340  0.4535E+00  0.3966E+01
  -9.320  0.4578E+00  0.3975E+01
  -9.300  0.4643E+00  0.3984E+01
  -9.280  0.4743E+00  0.3994E+01
  -9.260  0.4889E+00  0.4004E+01
  -9.240  0.5089E+00  0.4014E+01
  -9.220  0.5341E+00  0.4024E+01
  -9.200  0.5636E+00  0.4036E+01
  -9.180  0.5955E+00  0.4048E+01
  -9.160  0.6273E+00  0.4060E+01
  -9.140  0.6565E+00  0.4073E+01
  -9.120  0.6812E+00  0.4087E+01
  -9.100  0.7005E+00  0.4101E+01
  -9.080  0.7146E+00  0.4115E+01
  -9.060  0.7244E+00  0.4130E+01
  -9.040  0.7312E+00  0.4144E+01
  -9.020  0.7360E+00  0.4159E+01
  -9.000  0.7395E+00  0.4174E+01
  -8.980  0.7424E+00  0.4189E+01
  -8.960  0.7449E+00  0.4204E+01
  -8.940  0.7475E+00  0.4219E+01
  -8.920  0.7501E+00  0.4234E+01
  -8.900  0.7528E+00  0.4249E+01
  -8.880  0.7555E+00  0.4264E+01
  -8.860  0.7582E+00  0.4279E+01
  -8.840  0.7609E+00  0.4294E+01
  -8.820  0.7638E+00  0.4309E+01
  -8.800  0.7668E+00  0.4325E+01
  -8.780  0.7699E+00  0.4340E+01
  -8.760  0.7731E+00  0.4356E+01
  -8.740  0.7763E+00  0.4371E+01
  -8.720  0.7796E+00  0.4387E+01
  -8.700  0.7830E+00  0.4402E+01
  -8.680  0.7865E+00  0.4418E+01
  -8.660  0.7903E+00  0.4434E+01
  -8.640  0.7941E+00  0.4450E+01
  -8.620  0.7981E+00  0.4466E+01
  -8.600  0.8021E+00  0.4482E+01
  -8.580  0.8063E+00  0.4498E+01
  -8.560  0.8107E+00  0.4514E+01
  -8.540  0.8154E+00  0.4530E+01
  -8.520  0.8202E+00  0.4547E+01
  -8.500  0.8253E+00  0.4563E+01
  -8.480  0.8304E+00  0.4580E+01
  -8.460  0.8358E+00  0.4597E+01
  -8.440  0.8416E+00  0.4613E+01
  -8.420  0.8477E+00  0.4630E+01
  -8.400  0.8542E+00  0.4647E+01
  -8.380  0.8610E+00  0.4665E+01
  -8.360  0.8681E+00  0.4682E+01
  -8.340  0.8757E+00  0.4700E+01
  -8.320  0.8839E+00  0.4717E+01
  -8.300  0.8928E+00  0.4735E+01
  -8.280  0.9024E+00  0.4753E+01
  -8.260  0.9129E+00  0.4771E+01
  -8.240  0.9244E+00  0.4790E+01
  -8.220  0.9373E+00  0.4809E+01
  -8.200  0.9519E+00  0.4828E+01
  -8.180  0.9688E+00  0.4847E+01
  -8.160  0.9885E+00  0.4867E+01
  -8.140  0.1011E+01  0.4887E+01
  -8.120  0.1038E+01  0.4908E+01
  -8.100  0.1067E+01  0.4929E+01
  -8.080  0.1097E+01  0.4951E+01
  -8.060  0.1127E+01  0.4974E+01
  -8.040  0.1151E+01  0.4997E+01
  -8.020  0.1168E+01  0.5020E+01
  -8.000  0.1173E+01  0.5043E+01
  -7.980  0.1167E+01  0.5067E+01
  -7.960  0.1149E+01  0.5090E+01
  -7.940  0.1123E+01  0.5112E+01
  -7.920  0.1093E+01  0.5134E+01
  -7.900  0.1061E+01  0.5155E+01
  -7.880  0.1030E+01  0.5176E+01
  -7.860  0.1003E+01  0.5196E+01
  -7.840  0.9783E+00  0.5216E+01
  -7.820  0.9573E+00  0.5235E+01
  -7.800  0.9392E+00  0.5254E+01
  -7.780  0.9234E+00  0.5272E+01
  -7.760  0.9093E+00  0.5290E+01
  -7.740  0.8966E+00  0.5308E+01
  -7.720  0.8849E+00  0.5326E+01
  -7.700  0.8742E+00  0.5343E+01
  -7.680  0.8644E+00  0.5361E+01
  -7.660  0.8552E+00  0.5378E+01
  -7.640  0.8465E+00  0.5395E+01
  -7.620  0.8383E+00  0.5411E+01
  -7.600  0.8305E+00  0.5428E+01
  -7.580  0.8231E+00  0.5444E+01
  -7.560  0.8161E+00  0.5461E+01
  -7.540  0.8095E+00  0.5477E+01
  -7.520  0.8032E+00  0.5493E+01
  -7.500  0.7971E+00  0.5509E+01
  -7.480  0.7911E+00  0.5525E+01
  -7.460  0.7854E+00  0.5540E+01
  -7.440  0.7799E+00  0.5556E+01
  -7.420  0.7746E+00  0.5572E+01
  -7.400  0.7695E+00  0.5587E+01
  -7.380  0.7646E+00  0.5602E+01
  -7.360  0.7597E+00  0.5617E+01
  -7.340  0.7551E+00  0.5633E+01
  -7.320  0.7506E+00  0.5648E+01
  -7.300  0.7463E+00  0.5662E+01
  -7.280  0.7422E+00  0.5677E+01
  -7.260  0.7382E+00  0.5692E+01
  -7.240  0.7341E+00  0.5707E+01
  -7.220  0.7302E+00  0.5721E+01
  -7.200  0.7264E+00  0.5736E+01
  -7.180  0.7227E+00  0.5750E+01
  -7.160  0.7192E+00  0.5765E+01
  -7.140  0.7157E+00  0.5779E+01
  -7.120  0.7122E+00  0.5793E+01
  -7.100  0.7088E+00  0.5807E+01
  -7.080  0.7055E+00  0.5822E+01
  -7.060  0.7023E+00  0.5836E+01
  -7.040  0.6992E+00  0.5850E+01
  -7.020  0.6961E+00  0.5864E+01
  -7.000  0.6931E+00  0.5877E+01
  -6.980  0.6901E+00  0.5891E+01
  -6.960  0.6872E+00  0.5905E+01
  -6.940  0.6844E+00  0.5919E+01
  -6.920  0.6817E+00  0.5932E+01
  -6.900  0.6790E+00  0.5946E+01
  -6.880  0.6763E+00  0.5959E+01
  -6.860  0.6736E+00  0.5973E+01
  -6.840  0.6710E+00  0.5986E+01
  -6.820  0.6685E+00  0.6000E+01
  -6.800  0.6660E+00  0.6013E+01
  -6.780  0.6636E+00  0.6026E+01
  -6.760  0.6612E+00  0.6039E+01
  -6.740  0.6588E+00  0.6053E+01
  -6.720  0.6564E+00  0.6066E+01
  -6.700  0.6542E+00  0.6079E+01
  -6.680  0.6520E+00  0.6092E+01
  -6.660  0.6498E+00  0.6105E+01
  -6.640  0.6476E+00  0.6118E+01
  -6.620  0.6454E+00  0.6131E+01
  -6.600  0.6433E+00  0.6144E+01
  -6.580  0.6413E+00  0.6156E+01
  -6.560  0.6393E+00  0.6169E+01
  -6.540  0.6373E+00  0.6182E+01
  -6.520  0.6353E+00  0.6195E+01
  -6.500  0.6334E+00  0.6207E+01
  -6.480  0.6315E+00  0.6220E+01
  -6.460  0.6296E+00  0.6233E+01
  -6.440  0.6278E+00  0.6245E+01
  -6.420  0.6260E+00  0.6258E+01
  -6.400  0.6242E+00  0.6270E+01
  -6.380  0.6224E+00  0.6283E+01
  -6.360  0.6207E+00  0.6295E+01
  -6.340  0.6190E+00  0.6307E+01
  -6.320  0.6173E+00  0.6320E+01
  -6.300  0.6156E+00  0.6332E+01
  -6.280  0.6140E+00  0.6344E+01
  -6.260  0.6124E+00  0.6357E+01
  -6.240  0.6108E+00  0.6369E+01
  -6.220  0.6093E+00  0.6381E+01
  -6.200  0.6077E+00  0.6393E+01
  -6.180  0.6062E+00  0.6405E+01
  -6.160  0.6047E+00  0.6417E+01
  -6.140  0.6033E+00  0.6429E+01
  -6.120  0.6018E+00  0.6441E+01
  -6.100  0.6004E+00  0.6453E+01
  -6.080  0.5990E+00  0.6465E+01
  -6.060  0.5976E+00  0.6477E+01
  -6.040  0.5963E+00  0.6489E+01
  -6.020  0.5950E+00  0.6501E+01
  -6.000  0.5937E+00  0.6513E+01
  -5.980  0.5924E+00  0.6525E+01
  -5.960  0.5911E+00  0.6537E+01
  -5.940  0.5899E+00  0.6549E+01
  -5.920  0.5886E+00  0.6560E+01
  -5.900  0.5874E+00  0.6572E+01
  -5.880  0.5862E+00  0.6584E+01
  -5.860  0.5851E+00  0.6595E+01
  -5.840  0.5840E+00  0.6607E+01
  -5.820  0.5828E+00  0.6619E+01
  -5.800  0.5817E+00  0.6630E+01
  -5.780  0.5806E+00  0.6642E+01
  -5.760  0.5796E+00  0.6654E+01
  -5.740  0.5785E+00  0.6665E+01
  -5.720  0.5775E+00  0.6677E+01
  -5.700  0.5765E+00  0.6688E+01
  -5.680  0.5755E+00  0.6700E+01
  -5.660  0.5746E+00  0.6711E+01
  -5.640  0.5736E+00  0.6723E+01
  -5.620  0.5727E+00  0.6734E+01
  -5.600  0.5718E+00  0.6746E+01
  -5.580  0.5709E+00  0.6757E+01
  -5.560  0.5701E+00  0.6768E+01
  -5.540  0.5692E+00  0.6780E+01
  -5.520  0.5684E+00  0.6791E+01
  -5.500  0.5676E+00  0.6803E+01
  -5.480  0.5668E+00  0.6814E+01
  -5.460  0.5661E+00  0.6825E+01
  -5.440  0.5654E+00  0.6837E+01
  -5.420  0.5647E+00  0.6848E+01
  -5.400  0.5640E+00  0.6859E+01
  -5.380  0.5633E+00  0.6870E+01
  -5.360  0.5626E+00  0.6882E+01
  -5.340  0.5620E+00  0.6893E+01
  -5.320  0.5615E+00  0.6904E+01
  -5.300  0.5609E+00  0.6915E+01
  -5.280  0.5603E+00  0.6927E+01
  -5.260  0.5598E+00  0.6938E+01
  -5.240  0.5593E+00  0.6949E+01
  -5.220  0.5588E+00  0.6960E+01
  -5.200  0.5584E+00  0.6971E+01
  -5.180  0.5580E+00  0.6982E+01
  -5.160  0.5575E+00  0.6994E+01
  -5.140  0.5571E+00  0.7005E+01
  -5.120  0.5568E+00  0.7016E+01
  -5.100  0.5565E+00  0.7027E+01
  -5.080  0.5563E+00  0.7038E+01
  -5.060  0.5560E+00  0.7049E+01
  -5.040  0.5557E+00  0.7060E+01
  -5.020  0.5555E+00  0.7071E+01
  -5.000  0.5554E+00  0.7083E+01
  -4.980  0.5553E+00  0.7094E+01
  -4.960  0.5553E+00  0.7105E+01
  -4.940  0.5552E+00  0.7116E+01
  -4.920  0.5551E+00  0.7127E+01
  -4.900  0.5551E+00  0.7138E+01
  -4.880  0.5552E+00  0.7149E+01
  -4.860  0.5554E+00  0.7160E+01
  -4.840  0.5554E+00  0.7171E+01
  -4.820  0.5553E+00  0.7183E+01
  -4.800  0.5549E+00  0.7194E+01
  -4.780  0.5541E+00  0.7205E+01
  -4.760  0.5521E+00  0.7216E+01
  -4.740  0.5482E+00  0.7227E+01
  -4.720  0.5414E+00  0.7238E+01
  -4.700  0.5309E+00  0.7248E+01
  -4.680  0.5163E+00  0.7258E+01
  -4.660  0.4975E+00  0.7268E+01
  -4.640  0.4755E+00  0.7278E+01
  -4.620  0.4519E+00  0.7287E+01
  -4.600  0.4288E+00  0.7296E+01
  -4.580  0.4082E+00  0.7304E+01
  -4.560  0.3918E+00  0.7312E+01
  -4.540  0.3800E+00  0.7319E+01
  -4.520  0.3725E+00  0.7327E+01
  -4.500  0.3686E+00  0.7334E+01
  -4.480  0.3674E+00  0.7341E+01
  -4.460  0.3681E+00  0.7349E+01
  -4.440  0.3699E+00  0.7356E+01
  -4.420  0.3724E+00  0.7364E+01
  -4.400  0.3753E+00  0.7371E+01
  -4.380  0.3784E+00  0.7379E+01
  -4.360  0.3817E+00  0.7386E+01
  -4.340  0.3853E+00  0.7394E+01
  -4.320  0.3892E+00  0.7402E+01
  -4.300  0.3934E+00  0.7410E+01
  -4.280  0.3978E+00  0.7418E+01
  -4.260  0.4025E+00  0.7426E+01
  -4.240  0.4076E+00  0.7434E+01
  -4.220  0.4132E+00  0.7442E+01
  -4.200  0.4195E+00  0.7450E+01
  -4.180  0.4265E+00  0.7459E+01
  -4.160  0.4341E+00  0.7468E+01
  -4.140  0.4427E+00  0.7476E+01
  -4.120  0.4528E+00  0.7486E+01
  -4.100  0.4648E+00  0.7495E+01
  -4.080  0.4789E+00  0.7504E+01
  -4.060  0.4954E+00  0.7514E+01
  -4.040  0.5142E+00  0.7525E+01
  -4.020  0.5346E+00  0.7535E+01
  -4.000  0.5553E+00  0.7546E+01
  -3.980  0.5743E+00  0.7558E+01
  -3.960  0.5887E+00  0.7570E+01
  -3.940  0.5959E+00  0.7582E+01
  -3.920  0.5942E+00  0.7593E+01
  -3.900  0.5837E+00  0.7605E+01
  -3.880  0.5658E+00  0.7616E+01
  -3.860  0.5428E+00  0.7627E+01
  -3.840  0.5174E+00  0.7638E+01
  -3.820  0.4917E+00  0.7647E+01
  -3.800  0.4676E+00  0.7657E+01
  -3.780  0.4460E+00  0.7666E+01
  -3.760  0.4273E+00  0.7674E+01
  -3.740  0.4110E+00  0.7683E+01
  -3.720  0.3966E+00  0.7690E+01
  -3.700  0.3837E+00  0.7698E+01
  -3.680  0.3719E+00  0.7706E+01
  -3.660  0.3613E+00  0.7713E+01
  -3.640  0.3517E+00  0.7720E+01
  -3.620  0.3427E+00  0.7727E+01
  -3.600  0.3341E+00  0.7733E+01
  -3.580  0.3259E+00  0.7740E+01
  -3.560  0.3182E+00  0.7746E+01
  -3.540  0.3109E+00  0.7752E+01
  -3.520  0.3042E+00  0.7759E+01
  -3.500  0.2976E+00  0.7765E+01
  -3.480  0.2911E+00  0.7770E+01
  -3.460  0.2849E+00  0.7776E+01
  -3.440  0.2789E+00  0.7782E+01
  -3.420  0.2733E+00  0.7787E+01
  -3.400  0.2679E+00  0.7792E+01
  -3.380  0.2626E+00  0.7798E+01
  -3.360  0.2573E+00  0.7803E+01
  -3.340  0.2521E+00  0.7808E+01
  -3.320  0.2473E+00  0.7813E+01
  -3.300  0.2426E+00  0.7818E+01
  -3.280  0.2380E+00  0.7822E+01
  -3.260  0.2335E+00  0.7827E+01
  -3.240  0.2290E+00  0.7832E+01
  -3.220  0.2246E+00  0.7836E+01
  -3.200  0.2204E+00  0.7841E+01
  -3.180  0.2164E+00  0.7845E+01
  -3.160  0.2124E+00  0.7849E+01
  -3.140  0.2083E+00  0.7853E+01
  -3.120  0.2044E+00  0.7857E+01
  -3.100  0.2005E+00  0.7861E+01
  -3.080  0.1968E+00  0.7865E+01
  -3.060  0.1932E+00  0.7869E+01
  -3.040  0.1896E+00  0.7873E+01
  -3.020  0.1860E+00  0.7877E+01
  -3.000  0.1825E+00  0.7880E+01
  -2.980  0.1790E+00  0.7884E+01
  -2.960  0.1757E+00  0.7887E+01
  -2.940  0.1724E+00  0.7891E+01
  -2.920  0.1691E+00  0.7894E+01
  -2.900  0.1658E+00  0.7898E+01
  -2.880  0.1626E+00  0.7901E+01
  -2.860  0.1594E+00  0.7904E+01
  -2.840  0.1564E+00  0.7907E+01
  -2.820  0.1533E+00  0.7910E+01
  -2.800  0.1503E+00  0.7913E+01
  -2.780  0.1472E+00  0.7916E+01
  -2.760  0.1443E+00  0.7919E+01
  -2.740  0.1414E+00  0.7922E+01
  -2.720  0.1385E+00  0.7925E+01
  -2.700  0.1356E+00  0.7927E+01
  -2.680  0.1328E+00  0.7930E+01
  -2.660  0.1299E+00  0.7933E+01
  -2.640  0.1272E+00  0.7935E+01
  -2.620  0.1245E+00  0.7938E+01
  -2.600  0.1218E+00  0.7940E+01
  -2.580  0.1190E+00  0.7942E+01
  -2.560  0.1163E+00  0.7945E+01
  -2.540  0.1137E+00  0.7947E+01
  -2.520  0.1111E+00  0.7949E+01
  -2.500  0.1085E+00  0.7951E+01
  -2.480  0.1059E+00  0.7954E+01
  -2.460  0.1033E+00  0.7956E+01
  -2.440  0.1008E+00  0.7958E+01
  -2.420  0.9825E-01  0.7960E+01
  -2.400  0.9576E-01  0.7962E+01
  -2.380  0.9328E-01  0.7963E+01
  -2.360  0.9080E-01  0.7965E+01
  -2.340  0.8832E-01  0.7967E+01
  -2.320  0.8588E-01  0.7969E+01
  -2.300  0.8346E-01  0.7970E+01
  -2.280  0.8106E-01  0.7972E+01
  -2.260  0.7866E-01  0.7974E+01
  -2.240  0.7626E-01  0.7975E+01
  -2.220  0.7388E-01  0.7977E+01
  -2.200  0.7152E-01  0.7978E+01
  -2.180  0.6918E-01  0.7979E+01
  -2.160  0.6684E-01  0.7981E+01
  -2.140  0.6450E-01  0.7982E+01
  -2.120  0.6217E-01  0.7983E+01
  -2.100  0.5986E-01  0.7984E+01
  -2.080  0.5757E-01  0.7986E+01
  -2.060  0.5528E-01  0.7987E+01
  -2.040  0.5299E-01  0.7988E+01
  -2.020  0.5070E-01  0.7989E+01
  -2.000  0.4843E-01  0.7990E+01
  -1.980  0.4616E-01  0.7991E+01
  -1.960  0.4390E-01  0.7992E+01
  -1.940  0.4165E-01  0.7992E+01
  -1.920  0.3939E-01  0.7993E+01
  -1.900  0.3714E-01  0.7994E+01
  -1.880  0.3490E-01  0.7995E+01
  -1.860  0.3266E-01  0.7995E+01
  -1.840  0.3042E-01  0.7996E+01
  -1.820  0.2818E-01  0.7996E+01
  -1.800  0.2595E-01  0.7997E+01
  -1.780  0.2372E-01  0.7997E+01
  -1.760  0.2149E-01  0.7998E+01
  -1.740  0.1927E-01  0.7998E+01
  -1.720  0.1708E-01  0.7999E+01
  -1.700  0.1492E-01  0.7999E+01
  -1.680  0.1285E-01  0.7999E+01
  -1.660  0.1091E-01  0.7999E+01
  -1.640  0.9176E-02  0.8000E+01
  -1.620  0.7744E-02  0.8000E+01
  -1.600  0.6708E-02  0.8000E+01
  -1.580  0.6147E-02  0.8000E+01
  -1.560  0.6108E-02  0.8000E+01
  -1.540  0.6595E-02  0.8000E+01
  -1.520  0.7574E-02  0.8000E+01
  -1.500  0.8971E-02  0.8001E+01
  -1.480  0.1069E-01  0.8001E+01
  -1.460  0.1265E-01  0.8001E+01
  -1.440  0.1477E-01  0.8001E+01
  -1.420  0.1698E-01  0.8002E+01
  -1.400  0.1926E-01  0.8002E+01
  -1.380  0.2156E-01  0.8002E+01
  -1.360  0.2389E-01  0.8003E+01
  -1.340  0.2624E-01  0.8003E+01
  -1.320  0.2861E-01  0.8004E+01
  -1.300  0.3099E-01  0.8005E+01
  -1.280  0.3338E-01  0.8005E+01
  -1.260  0.3579E-01  0.8006E+01
  -1.240  0.3821E-01  0.8007E+01
  -1.220  0.4065E-01  0.8008E+01
  -1.200  0.4312E-01  0.8009E+01
  -1.180  0.4560E-01  0.8009E+01
  -1.160  0.4810E-01  0.8010E+01
  -1.140  0.5062E-01  0.8011E+01
  -1.120  0.5317E-01  0.8012E+01
  -1.100  0.5575E-01  0.8014E+01
  -1.080  0.5835E-01  0.8015E+01
  -1.060  0.6097E-01  0.8016E+01
  -1.040  0.6362E-01  0.8017E+01
  -1.020  0.6630E-01  0.8019E+01
  -1.000  0.6902E-01  0.8020E+01
  -0.980  0.7178E-01  0.8021E+01
  -0.960  0.7456E-01  0.8023E+01
  -0.940  0.7737E-01  0.8024E+01
  -0.920  0.8024E-01  0.8026E+01
  -0.900  0.8315E-01  0.8028E+01
  -0.880  0.8611E-01  0.8029E+01
  -0.860  0.8910E-01  0.8031E+01
  -0.840  0.9213E-01  0.8033E+01
  -0.820  0.9522E-01  0.8035E+01
  -0.800  0.9838E-01  0.8037E+01
  -0.780  0.1016E+00  0.8039E+01
  -0.760  0.1049E+00  0.8041E+01
  -0.740  0.1082E+00  0.8043E+01
  -0.720  0.1116E+00  0.8045E+01
  -0.700  0.1151E+00  0.8048E+01
  -0.680  0.1187E+00  0.8050E+01
  -0.660  0.1223E+00  0.8053E+01
  -0.640  0.1260E+00  0.8055E+01
  -0.620  0.1298E+00  0.8058E+01
  -0.600  0.1338E+00  0.8060E+01
  -0.580  0.1378E+00  0.8063E+01
  -0.560  0.1420E+00  0.8066E+01
  -0.540  0.1463E+00  0.8069E+01
  -0.520  0.1507E+00  0.8072E+01
  -0.500  0.1552E+00  0.8075E+01
  -0.480  0.1600E+00  0.8078E+01
  -0.460  0.1649E+00  0.8081E+01
  -0.440  0.1700E+00  0.8085E+01
  -0.420  0.1753E+00  0.8088E+01
  -0.400  0.1807E+00  0.8092E+01
  -0.380  0.1865E+00  0.8096E+01
  -0.360  0.1926E+00  0.8100E+01
  -0.340  0.1989E+00  0.8104E+01
  -0.320  0.2056E+00  0.8108E+01
  -0.300  0.2126E+00  0.8112E+01
  -0.280  0.2200E+00  0.8116E+01
  -0.260  0.2280E+00  0.8121E+01
  -0.240  0.2365E+00  0.8126E+01
  -0.220  0.2457E+00  0.8131E+01
  -0.200  0.2555E+00  0.8136E+01
  -0.180  0.2661E+00  0.8141E+01
  -0.160  0.2779E+00  0.8147E+01
  -0.140  0.2912E+00  0.8152E+01
  -0.120  0.3060E+00  0.8158E+01
  -0.100  0.3229E+00  0.8165E+01
  -0.080  0.3427E+00  0.8172E+01
  -0.060  0.3661E+00  0.8179E+01
  -0.040  0.3944E+00  0.8187E+01
  -0.020  0.4281E+00  0.8196E+01
  -0.000  0.4675E+00  0.8205E+01
   0.020  0.5115E+00  0.8215E+01
   0.040  0.5578E+00  0.8226E+01
   0.060  0.6026E+00  0.8238E+01
   0.080  0.6409E+00  0.8251E+01
   0.100  0.6680E+00  0.8265E+01
   0.120  0.6804E+00  0.8278E+01
   0.140  0.6774E+00  0.8292E+01
   0.160  0.6611E+00  0.8305E+01
   0.180  0.6354E+00  0.8318E+01
   0.200  0.6049E+00  0.8330E+01
   0.220  0.5735E+00  0.8341E+01
   0.240  0.5441E+00  0.8352E+01
   0.260  0.5180E+00  0.8362E+01
   0.280  0.4957E+00  0.8372E+01
   0.300  0.4771E+00  0.8382E+01
   0.320  0.4614E+00  0.8391E+01
   0.340  0.4481E+00  0.8400E+01
   0.360  0.4364E+00  0.8409E+01
   0.380  0.4259E+00  0.8417E+01
   0.400  0.4165E+00  0.8426E+01
   0.420  0.4082E+00  0.8434E+01
   0.440  0.4006E+00  0.8442E+01
   0.460  0.3938E+00  0.8450E+01
   0.480  0.3873E+00  0.8457E+01
   0.500  0.3813E+00  0.8465E+01
   0.520  0.3759E+00  0.8473E+01
   0.540  0.3716E+00  0.8480E+01
   0.560  0.3687E+00  0.8487E+01
   0.580  0.3679E+00  0.8495E+01
   0.600  0.3699E+00  0.8502E+01
   0.620  0.3757E+00  0.8510E+01
   0.640  0.3861E+00  0.8517E+01
   0.660  0.4014E+00  0.8525E+01
   0.680  0.4210E+00  0.8534E+01
   0.700  0.4433E+00  0.8543E+01
   0.720  0.4661E+00  0.8552E+01
   0.740  0.4869E+00  0.8562E+01
   0.760  0.5042E+00  0.8572E+01
   0.780  0.5172E+00  0.8582E+01
   0.800  0.5259E+00  0.8593E+01
   0.820  0.5308E+00  0.8603E+01
   0.840  0.5327E+00  0.8614E+01
   0.860  0.5326E+00  0.8625E+01
   0.880  0.5311E+00  0.8635E+01
   0.900  0.5292E+00  0.8646E+01
   0.920  0.5271E+00  0.8656E+01
   0.940  0.5251E+00  0.8667E+01
   0.960  0.5231E+00  0.8677E+01
   0.980  0.5209E+00  0.8688E+01
   1.000  0.5187E+00  0.8698E+01
   1.020  0.5165E+00  0.8708E+01
   1.040  0.5145E+00  0.8719E+01
   1.060  0.5127E+00  0.8729E+01
   1.080  0.5110E+00  0.8739E+01
   1.100  0.5092E+00  0.8749E+01
   1.120  0.5073E+00  0.8760E+01
   1.140  0.5054E+00  0.8770E+01
   1.160  0.5035E+00  0.8780E+01
   1.180  0.5019E+00  0.8790E+01
   1.200  0.5005E+00  0.8800E+01
   1.220  0.4991E+00  0.8810E+01
   1.240  0.4975E+00  0.8820E+01
   1.260  0.4958E+00  0.8830E+01
   1.280  0.4941E+00  0.8839E+01
   1.300  0.4925E+00  0.8849E+01
   1.320  0.4913E+00  0.8859E+01
   1.340  0.4901E+00  0.8869E+01
   1.360  0.4888E+00  0.8879E+01
   1.380  0.4873E+00  0.8888E+01
   1.400  0.4857E+00  0.8898E+01
   1.420  0.4842E+00  0.8908E+01
   1.440  0.4830E+00  0.8918E+01
   1.460  0.4819E+00  0.8927E+01
   1.480  0.4809E+00  0.8937E+01
   1.500  0.4797E+00  0.8946E+01
   1.520  0.4783E+00  0.8956E+01
   1.540  0.4768E+00  0.8966E+01
   1.560  0.4756E+00  0.8975E+01
   1.580  0.4747E+00  0.8985E+01
   1.600  0.4740E+00  0.8994E+01
   1.620  0.4736E+00  0.9003E+01
   1.640  0.4736E+00  0.9013E+01
   1.660  0.4746E+00  0.9022E+01
   1.680  0.4777E+00  0.9032E+01
   1.700  0.4839E+00  0.9042E+01
   1.720  0.4943E+00  0.9052E+01
   1.740  0.5094E+00  0.9062E+01
   1.760  0.5290E+00  0.9072E+01
   1.780  0.5521E+00  0.9083E+01
   1.800  0.5772E+00  0.9095E+01
   1.820  0.6022E+00  0.9107E+01
   1.840  0.6251E+00  0.9119E+01
   1.860  0.6443E+00  0.9132E+01
   1.880  0.6588E+00  0.9146E+01
   1.900  0.6686E+00  0.9159E+01
   1.920  0.6744E+00  0.9172E+01
   1.940  0.6772E+00  0.9186E+01
   1.960  0.6782E+00  0.9199E+01
   1.980  0.6785E+00  0.9213E+01
   2.000  0.6784E+00  0.9227E+01
   2.020  0.6780E+00  0.9240E+01
   2.040  0.6772E+00  0.9254E+01
   2.060  0.6762E+00  0.9267E+01
   2.080  0.6750E+00  0.9281E+01
   2.100  0.6740E+00  0.9294E+01
   2.120  0.6733E+00  0.9308E+01
   2.140  0.6728E+00  0.9321E+01
   2.160  0.6723E+00  0.9335E+01
   2.180  0.6715E+00  0.9348E+01
   2.200  0.6704E+00  0.9361E+01
   2.220  0.6693E+00  0.9375E+01
   2.240  0.6684E+00  0.9388E+01
   2.260  0.6678E+00  0.9402E+01
   2.280  0.6674E+00  0.9415E+01
   2.300  0.6669E+00  0.9428E+01
   2.320  0.6661E+00  0.9442E+01
   2.340  0.6651E+00  0.9455E+01
   2.360  0.6640E+00  0.9468E+01
   2.380  0.6632E+00  0.9481E+01
   2.400  0.6626E+00  0.9495E+01
   2.420  0.6623E+00  0.9508E+01
   2.440  0.6618E+00  0.9521E+01
   2.460  0.6611E+00  0.9534E+01
   2.480  0.6601E+00  0.9548E+01
   2.500  0.6591E+00  0.9561E+01
   2.520  0.6583E+00  0.9574E+01
   2.540  0.6578E+00  0.9587E+01
   2.560  0.6575E+00  0.9600E+01
   2.580  0.6571E+00  0.9613E+01
   2.600  0.6565E+00  0.9626E+01
   2.620  0.6555E+00  0.9640E+01
   2.640  0.6545E+00  0.9653E+01
   2.660  0.6537E+00  0.9666E+01
   2.680  0.6533E+00  0.9679E+01
   2.700  0.6530E+00  0.9692E+01
   2.720  0.6527E+00  0.9705E+01
   2.740  0.6521E+00  0.9718E+01
   2.760  0.6512E+00  0.9731E+01
   2.780  0.6502E+00  0.9744E+01
   2.800  0.6495E+00  0.9757E+01
   2.820  0.6491E+00  0.9770E+01
   2.840  0.6491E+00  0.9783E+01
   2.860  0.6493E+00  0.9796E+01
   2.880  0.6499E+00  0.9809E+01
   2.900  0.6512E+00  0.9822E+01
   2.920  0.6542E+00  0.9835E+01
   2.940  0.6603E+00  0.9848E+01
   2.960  0.6704E+00  0.9862E+01
   2.980  0.6855E+00  0.9875E+01
   3.000  0.7053E+00  0.9889E+01
   3.020  0.7289E+00  0.9904E+01
   3.040  0.7545E+00  0.9919E+01
   3.060  0.7801E+00  0.9935E+01
   3.080  0.8038E+00  0.9951E+01
   3.100  0.8240E+00  0.9967E+01
   3.120  0.8399E+00  0.9984E+01
   3.140  0.8513E+00  0.1000E+02
   3.160  0.8584E+00  0.1002E+02
   3.180  0.8622E+00  0.1004E+02
   3.200  0.8638E+00  0.1005E+02
   3.220  0.8642E+00  0.1007E+02
   3.240  0.8642E+00  0.1009E+02
   3.260  0.8643E+00  0.1010E+02
   3.280  0.8644E+00  0.1012E+02
   3.300  0.8644E+00  0.1014E+02
   3.320  0.8640E+00  0.1016E+02
   3.340  0.8632E+00  0.1017E+02
   3.360  0.8624E+00  0.1019E+02
   3.380  0.8619E+00  0.1021E+02
   3.400  0.8619E+00  0.1023E+02
   3.420  0.8621E+00  0.1024E+02
   3.440  0.8623E+00  0.1026E+02
   3.460  0.8621E+00  0.1028E+02
   3.480  0.8616E+00  0.1029E+02
   3.500  0.8610E+00  0.1031E+02
   3.520  0.8608E+00  0.1033E+02
   3.540  0.8611E+00  0.1035E+02
   3.560  0.8617E+00  0.1036E+02
   3.580  0.8624E+00  0.1038E+02
   3.600  0.8632E+00  0.1040E+02
   3.620  0.8639E+00  0.1042E+02
   3.640  0.8649E+00  0.1043E+02
   3.660  0.8665E+00  0.1045E+02
   3.680  0.8690E+00  0.1047E+02
   3.700  0.8725E+00  0.1048E+02
   3.720  0.8763E+00  0.1050E+02
   3.740  0.8793E+00  0.1052E+02
   3.760  0.8801E+00  0.1054E+02
   3.780  0.8771E+00  0.1055E+02
   3.800  0.8691E+00  0.1057E+02
   3.820  0.8555E+00  0.1059E+02
   3.840  0.8370E+00  0.1061E+02
   3.860  0.8151E+00  0.1062E+02
   3.880  0.7926E+00  0.1064E+02
   3.900  0.7728E+00  0.1065E+02
   3.920  0.7596E+00  0.1067E+02
   3.940  0.7557E+00  0.1068E+02
   3.960  0.7624E+00  0.1070E+02
   3.980  0.7785E+00  0.1071E+02
   4.000  0.8006E+00  0.1073E+02
   4.020  0.8243E+00  0.1075E+02
   4.040  0.8455E+00  0.1076E+02
   4.060  0.8613E+00  0.1078E+02
   4.080  0.8708E+00  0.1080E+02
   4.100  0.8747E+00  0.1082E+02
   4.120  0.8748E+00  0.1083E+02
   4.140  0.8725E+00  0.1085E+02
   4.160  0.8693E+00  0.1087E+02
   4.180  0.8659E+00  0.1089E+02
   4.200  0.8629E+00  0.1090E+02
   4.220  0.8605E+00  0.1092E+02
   4.240  0.8590E+00  0.1094E+02
   4.260  0.8586E+00  0.1095E+02
   4.280  0.8593E+00  0.1097E+02
   4.300  0.8610E+00  0.1099E+02
   4.320  0.8636E+00  0.1101E+02
   4.340  0.8663E+00  0.1102E+02
   4.360  0.8682E+00  0.1104E+02
   4.380  0.8681E+00  0.1106E+02
   4.400  0.8647E+00  0.1108E+02
   4.420  0.8568E+00  0.1109E+02
   4.440  0.8437E+00  0.1111E+02
   4.460  0.8259E+00  0.1113E+02
   4.480  0.8049E+00  0.1114E+02
   4.500  0.7838E+00  0.1116E+02
   4.520  0.7666E+00  0.1117E+02
   4.540  0.7574E+00  0.1119E+02
   4.560  0.7587E+00  0.1120E+02
   4.580  0.7707E+00  0.1122E+02
   4.600  0.7909E+00  0.1124E+02
   4.620  0.8151E+00  0.1125E+02
   4.640  0.8392E+00  0.1127E+02
   4.660  0.8608E+00  0.1129E+02
   4.680  0.8797E+00  0.1130E+02
   4.700  0.8975E+00  0.1132E+02
   4.720  0.9163E+00  0.1134E+02
   4.740  0.9374E+00  0.1136E+02
   4.760  0.9606E+00  0.1138E+02
   4.780  0.9844E+00  0.1140E+02
   4.800  0.1007E+01  0.1142E+02
   4.820  0.1027E+01  0.1144E+02
   4.840  0.1043E+01  0.1146E+02
   4.860  0.1055E+01  0.1148E+02
   4.880  0.1065E+01  0.1150E+02
   4.900  0.1072E+01  0.1152E+02
   4.920  0.1076E+01  0.1154E+02
   4.940  0.1080E+01  0.1157E+02
   4.960  0.1083E+01  0.1159E+02
   4.980  0.1087E+01  0.1161E+02
   5.000  0.1092E+01  0.1163E+02
   5.020  0.1099E+01  0.1165E+02
   5.040  0.1107E+01  0.1167E+02
   5.060  0.1114E+01  0.1170E+02
   5.080  0.1117E+01  0.1172E+02
   5.100  0.1115E+01  0.1174E+02
   5.120  0.1106E+01  0.1176E+02
   5.140  0.1089E+01  0.1179E+02
   5.160  0.1062E+01  0.1181E+02
   5.180  0.1029E+01  0.1183E+02
   5.200  0.9894E+00  0.1185E+02
   5.220  0.9484E+00  0.1187E+02
   5.240  0.9101E+00  0.1188E+02
   5.260  0.8788E+00  0.1190E+02
   5.280  0.8589E+00  0.1192E+02
   5.300  0.8535E+00  0.1194E+02
   5.320  0.8643E+00  0.1195E+02
   5.340  0.8910E+00  0.1197E+02
   5.360  0.9305E+00  0.1199E+02
   5.380  0.9774E+00  0.1201E+02
   5.400  0.1025E+01  0.1203E+02
   5.420  0.1066E+01  0.1205E+02
   5.440  0.1097E+01  0.1207E+02
   5.460  0.1114E+01  0.1210E+02
   5.480  0.1120E+01  0.1212E+02
   5.500  0.1118E+01  0.1214E+02
   5.520  0.1111E+01  0.1216E+02
   5.540  0.1102E+01  0.1218E+02
   5.560  0.1093E+01  0.1221E+02
   5.580  0.1086E+01  0.1223E+02
   5.600  0.1081E+01  0.1225E+02
   5.620  0.1078E+01  0.1227E+02
   5.640  0.1077E+01  0.1229E+02
   5.660  0.1080E+01  0.1231E+02
   5.680  0.1087E+01  0.1234E+02
   5.700  0.1102E+01  0.1236E+02
   5.720  0.1127E+01  0.1238E+02
   5.740  0.1163E+01  0.1240E+02
   5.760  0.1210E+01  0.1243E+02
   5.780  0.1268E+01  0.1245E+02
   5.800  0.1332E+01  0.1248E+02
   5.820  0.1396E+01  0.1251E+02
   5.840  0.1456E+01  0.1254E+02
   5.860  0.1507E+01  0.1257E+02
   5.880  0.1546E+01  0.1260E+02
   5.900  0.1573E+01  0.1263E+02
   5.920  0.1588E+01  0.1266E+02
   5.940  0.1592E+01  0.1269E+02
   5.960  0.1588E+01  0.1273E+02
   5.980  0.1580E+01  0.1276E+02
   6.000  0.1570E+01  0.1279E+02
   6.020  0.1562E+01  0.1282E+02
   6.040  0.1559E+01  0.1285E+02
   6.060  0.1562E+01  0.1288E+02
   6.080  0.1570E+01  0.1291E+02
   6.100  0.1581E+01  0.1294E+02
   6.120  0.1591E+01  0.1298E+02
   6.140  0.1597E+01  0.1301E+02
   6.160  0.1596E+01  0.1304E+02
   6.180  0.1585E+01  0.1307E+02
   6.200  0.1564E+01  0.1310E+02
   6.220  0.1532E+01  0.1313E+02
   6.240  0.1490E+01  0.1316E+02
   6.260  0.1438E+01  0.1319E+02
   6.280  0.1378E+01  0.1322E+02
   6.300  0.1314E+01  0.1325E+02
   6.320  0.1249E+01  0.1327E+02
   6.340  0.1185E+01  0.1330E+02
   6.360  0.1125E+01  0.1332E+02
   6.380  0.1071E+01  0.1334E+02
   6.400  0.1025E+01  0.1336E+02
   6.420  0.9877E+00  0.1338E+02
   6.440  0.9591E+00  0.1340E+02
   6.460  0.9379E+00  0.1342E+02
   6.480  0.9217E+00  0.1344E+02
   6.500  0.9085E+00  0.1345E+02
   6.520  0.8969E+00  0.1347E+02
   6.540  0.8867E+00  0.1349E+02
   6.560  0.8779E+00  0.1351E+02
   6.580  0.8705E+00  0.1352E+02
   6.600  0.8643E+00  0.1354E+02
   6.620  0.8588E+00  0.1356E+02
   6.640  0.8534E+00  0.1358E+02
   6.660  0.8479E+00  0.1359E+02
   6.680  0.8422E+00  0.1361E+02
   6.700  0.8364E+00  0.1363E+02
   6.720  0.8306E+00  0.1364E+02
   6.740  0.8253E+00  0.1366E+02
   6.760  0.8206E+00  0.1368E+02
   6.780  0.8166E+00  0.1369E+02
   6.800  0.8130E+00  0.1371E+02
   6.820  0.8093E+00  0.1372E+02
   6.840  0.8051E+00  0.1374E+02
   6.860  0.8004E+00  0.1376E+02
   6.880  0.7956E+00  0.1377E+02
   6.900  0.7912E+00  0.1379E+02
   6.920  0.7877E+00  0.1380E+02
   6.940  0.7848E+00  0.1382E+02
   6.960  0.7822E+00  0.1384E+02
   6.980  0.7793E+00  0.1385E+02
   7.000  0.7758E+00  0.1387E+02
   7.020  0.7719E+00  0.1388E+02
   7.040  0.7680E+00  0.1390E+02
   7.060  0.7645E+00  0.1391E+02
   7.080  0.7617E+00  0.1393E+02
   7.100  0.7593E+00  0.1394E+02
   7.120  0.7570E+00  0.1396E+02
   7.140  0.7545E+00  0.1397E+02
   7.160  0.7517E+00  0.1399E+02
   7.180  0.7488E+00  0.1400E+02
   7.200  0.7459E+00  0.1402E+02
   7.220  0.7432E+00  0.1403E+02
   7.240  0.7406E+00  0.1405E+02
   7.260  0.7379E+00  0.1406E+02
   7.280  0.7353E+00  0.1408E+02
   7.300  0.7331E+00  0.1409E+02
   7.320  0.7314E+00  0.1411E+02
   7.340  0.7300E+00  0.1412E+02
   7.360  0.7284E+00  0.1414E+02
   7.380  0.7259E+00  0.1415E+02
   7.400  0.7224E+00  0.1417E+02
   7.420  0.7187E+00  0.1418E+02
   7.440  0.7159E+00  0.1419E+02
   7.460  0.7147E+00  0.1421E+02
   7.480  0.7148E+00  0.1422E+02
   7.500  0.7150E+00  0.1424E+02
   7.520  0.7139E+00  0.1425E+02
   7.540  0.7107E+00  0.1427E+02
   7.560  0.7062E+00  0.1428E+02
   7.580  0.7019E+00  0.1429E+02
   7.600  0.6995E+00  0.1431E+02
   7.620  0.6994E+00  0.1432E+02
   7.640  0.7009E+00  0.1434E+02
   7.660  0.7019E+00  0.1435E+02
   7.680  0.7010E+00  0.1436E+02
   7.700  0.6976E+00  0.1438E+02
   7.720  0.6926E+00  0.1439E+02
   7.740  0.6880E+00  0.1440E+02
   7.760  0.6856E+00  0.1442E+02
   7.780  0.6859E+00  0.1443E+02
   7.800  0.6881E+00  0.1445E+02
   7.820  0.6902E+00  0.1446E+02
   7.840  0.6900E+00  0.1447E+02
   7.860  0.6868E+00  0.1449E+02
   7.880  0.6815E+00  0.1450E+02
   7.900  0.6763E+00  0.1451E+02
   7.920  0.6735E+00  0.1453E+02
   7.940  0.6741E+00  0.1454E+02
   7.960  0.6771E+00  0.1456E+02
   7.980  0.6800E+00  0.1457E+02
   8.000  0.6804E+00  0.1458E+02
   8.020  0.6774E+00  0.1460E+02
   8.040  0.6720E+00  0.1461E+02
   8.060  0.6667E+00  0.1462E+02
   8.080  0.6641E+00  0.1464E+02
   8.100  0.6649E+00  0.1465E+02
   8.120  0.6678E+00  0.1466E+02
   8.140  0.6706E+00  0.1468E+02
   8.160  0.6711E+00  0.1469E+02
   8.180  0.6686E+00  0.1470E+02
   8.200  0.6644E+00  0.1472E+02
   8.220  0.6603E+00  0.1473E+02
   8.240  0.6582E+00  0.1474E+02
   8.260  0.6585E+00  0.1476E+02
   8.280  0.6602E+00  0.1477E+02
   8.300  0.6619E+00  0.1478E+02
   8.320  0.6624E+00  0.1480E+02
   8.340  0.6612E+00  0.1481E+02
   8.360  0.6590E+00  0.1482E+02
   8.380  0.6568E+00  0.1483E+02
   8.400  0.6554E+00  0.1485E+02
   8.420  0.6550E+00  0.1486E+02
   8.440  0.6553E+00  0.1487E+02
   8.460  0.6557E+00  0.1489E+02
   8.480  0.6558E+00  0.1490E+02
   8.500  0.6558E+00  0.1491E+02
   8.520  0.6557E+00  0.1493E+02
   8.540  0.6557E+00  0.1494E+02
   8.560  0.6558E+00  0.1495E+02
   8.580  0.6558E+00  0.1497E+02
   8.600  0.6553E+00  0.1498E+02
   8.620  0.6544E+00  0.1499E+02
   8.640  0.6537E+00  0.1501E+02
   8.660  0.6539E+00  0.1502E+02
   8.680  0.6557E+00  0.1503E+02
   8.700  0.6587E+00  0.1504E+02
   8.720  0.6620E+00  0.1506E+02
   8.740  0.6640E+00  0.1507E+02
   8.760  0.6640E+00  0.1508E+02
   8.780  0.6625E+00  0.1510E+02
   8.800  0.6614E+00  0.1511E+02
   8.820  0.6629E+00  0.1512E+02
   8.840  0.6687E+00  0.1514E+02
   8.860  0.6790E+00  0.1515E+02
   8.880  0.6930E+00  0.1516E+02
   8.900  0.7103E+00  0.1518E+02
   8.920  0.7315E+00  0.1519E+02
   8.940  0.7585E+00  0.1521E+02
   8.960  0.7932E+00  0.1522E+02
   8.980  0.8354E+00  0.1524E+02
   9.000  0.8819E+00  0.1526E+02
   9.020  0.9259E+00  0.1528E+02
   9.040  0.9598E+00  0.1530E+02
   9.060  0.9770E+00  0.1532E+02
   9.080  0.9751E+00  0.1534E+02
   9.100  0.9560E+00  0.1536E+02
   9.120  0.9256E+00  0.1537E+02
   9.140  0.8911E+00  0.1539E+02
   9.160  0.8586E+00  0.1541E+02
   9.180  0.8317E+00  0.1543E+02
   9.200  0.8109E+00  0.1544E+02
   9.220  0.7949E+00  0.1546E+02
   9.240  0.7814E+00  0.1547E+02
   9.260  0.7683E+00  0.1549E+02
   9.280  0.7546E+00  0.1550E+02
   9.300  0.7400E+00  0.1552E+02
   9.320  0.7253E+00  0.1553E+02
   9.340  0.7111E+00  0.1555E+02
   9.360  0.6978E+00  0.1556E+02
   9.380  0.6847E+00  0.1557E+02
   9.400  0.6705E+00  0.1559E+02
   9.420  0.6537E+00  0.1560E+02
   9.440  0.6339E+00  0.1561E+02
   9.460  0.6117E+00  0.1563E+02
   9.480  0.5888E+00  0.1564E+02
   9.500  0.5675E+00  0.1565E+02
   9.520  0.5495E+00  0.1566E+02
   9.540  0.5351E+00  0.1567E+02
   9.560  0.5233E+00  0.1568E+02
   9.580  0.5122E+00  0.1569E+02
   9.600  0.5007E+00  0.1570E+02
   9.620  0.4881E+00  0.1571E+02
   9.640  0.4752E+00  0.1572E+02
   9.660  0.4634E+00  0.1573E+02
   9.680  0.4538E+00  0.1574E+02
   9.700  0.4469E+00  0.1575E+02
   9.720  0.4421E+00  0.1576E+02
   9.740  0.4375E+00  0.1577E+02
   9.760  0.4309E+00  0.1577E+02
   9.780  0.4200E+00  0.1578E+02
   9.800  0.4036E+00  0.1579E+02
   9.820  0.3813E+00  0.1580E+02
   9.840  0.3547E+00  0.1581E+02
   9.860  0.3258E+00  0.1581E+02
   9.880  0.2974E+00  0.1582E+02
   9.900  0.2715E+00  0.1582E+02
   9.920  0.2493E+00  0.1583E+02
   9.940  0.2311E+00  0.1583E+02
   9.960  0.2166E+00  0.1584E+02
   9.980  0.2054E+00  0.1584E+02
  10.000  0.1967E+00  0.1585E+02
  10.020  0.1900E+00  0.1585E+02
  10.040  0.1847E+00  0.1585E+02
  10.060  0.1802E+00  0.1586E+02
  10.080  0.1760E+00  0.1586E+02
  10.100  0.1723E+00  0.1586E+02
  10.120  0.1691E+00  0.1587E+02
  10.140  0.1666E+00  0.1587E+02
  10.160  0.1645E+00  0.1587E+02
  10.180  0.1624E+00  0.1588E+02
  10.200  0.1597E+00  0.1588E+02
  10.220  0.1561E+00  0.1588E+02
  10.240  0.1522E+00  0.1589E+02
  10.260  0.1486E+00  0.1589E+02
  10.280  0.1461E+00  0.1589E+02
  10.300  0.1449E+00  0.1589E+02
  10.320  0.1445E+00  0.1590E+02
  10.340  0.1441E+00  0.1590E+02
  10.360  0.1427E+00  0.1590E+02
  10.380  0.1399E+00  0.1591E+02
  10.400  0.1362E+00  0.1591E+02
  10.420  0.1325E+00  0.1591E+02
  10.440  0.1298E+00  0.1591E+02
  10.460  0.1287E+00  0.1592E+02
  10.480  0.1289E+00  0.1592E+02
  10.500  0.1295E+00  0.1592E+02
  10.520  0.1293E+00  0.1592E+02
  10.540  0.1277E+00  0.1593E+02
  10.560  0.1248E+00  0.1593E+02
  10.580  0.1213E+00  0.1593E+02
  10.600  0.1184E+00  0.1593E+02
  10.620  0.1167E+00  0.1594E+02
  10.640  0.1165E+00  0.1594E+02
  10.660  0.1170E+00  0.1594E+02
  10.680  0.1174E+00  0.1594E+02
  10.700  0.1166E+00  0.1595E+02
  10.720  0.1144E+00  0.1595E+02
  10.740  0.1111E+00  0.1595E+02
  10.760  0.1077E+00  0.1595E+02
  10.780  0.1052E+00  0.1595E+02
  10.800  0.1041E+00  0.1596E+02
  10.820  0.1042E+00  0.1596E+02
  10.840  0.1047E+00  0.1596E+02
  10.860  0.1047E+00  0.1596E+02
  10.880  0.1033E+00  0.1597E+02
  10.900  0.1006E+00  0.1597E+02
  10.920  0.9713E-01  0.1597E+02
  10.940  0.9384E-01  0.1597E+02
  10.960  0.9150E-01  0.1597E+02
  10.980  0.9029E-01  0.1597E+02
  11.000  0.8973E-01  0.1598E+02
  11.020  0.8905E-01  0.1598E+02
  11.040  0.8772E-01  0.1598E+02
  11.060  0.8580E-01  0.1598E+02
  11.080  0.8390E-01  0.1598E+02
  11.100  0.8269E-01  0.1599E+02
  11.120  0.8243E-01  0.1599E+02
  11.140  0.8268E-01  0.1599E+02
  11.160  0.8248E-01  0.1599E+02
  11.180  0.8078E-01  0.1599E+02
  11.200  0.7689E-01  0.1599E+02
  11.220  0.7069E-01  0.1599E+02
  11.240  0.6259E-01  0.1600E+02
  11.260  0.5332E-01  0.1600E+02
  11.280  0.4367E-01  0.1600E+02
  11.300  0.3433E-01  0.1600E+02
  11.320  0.2582E-01  0.1600E+02
  11.340  0.1850E-01  0.1600E+02
  11.360  0.1258E-01  0.1600E+02
  11.380  0.8068E-02  0.1600E+02
  11.400  0.4861E-02  0.1600E+02
  11.420  0.2739E-02  0.1600E+02
  11.440  0.1438E-02  0.1600E+02
  11.460  0.7019E-03  0.1600E+02
  11.480  0.3175E-03  0.1600E+02
  11.500  0.1329E-03  0.1600E+02
  11.520  0.5141E-04  0.1600E+02
  11.540  0.1835E-04  0.1600E+02
  11.560  0.6036E-05  0.1600E+02
  11.580  0.1829E-05  0.1600E+02
  11.600  0.5103E-06  0.1600E+02
  11.620  0.1310E-06  0.1600E+02
  11.640  0.3090E-07  0.1600E+02
  11.660  0.6703E-08  0.1600E+02
  11.680  0.1336E-08  0.1600E+02
  11.700  0.2445E-09  0.1600E+02
  11.720  0.4109E-10  0.1600E+02
  11.740  0.6339E-11  0.1600E+02
  11.760  0.8975E-12  0.1600E+02
  11.780  0.1166E-12  0.1600E+02
  11.800  0.1389E-13  0.1600E+02
  11.820  0.1519E-14  0.1600E+02
  11.840  0.1522E-15  0.1600E+02
  11.860  0.1399E-16  0.1600E+02
  11.880  0.1178E-17  0.1600E+02
  11.900  0.9100E-19  0.1600E+02
  11.920  0.6441E-20  0.1600E+02
  11.940  0.4178E-21  0.1600E+02
  11.960  0.2483E-22  0.1600E+02
  11.980  0.1352E-23  0.1600E+02
  12.000  0.6748E-25  0.1600E+02
  12.020  0.3085E-26  0.1600E+02
  12.040  0.1292E-27  0.1600E+02
  12.060  0.4955E-29  0.1600E+02
  12.080  0.1741E-30  0.1600E+02
  12.100  0.5603E-32  0.1600E+02
  12.120  0.1652E-33  0.1600E+02
  12.140  0.4459E-35  0.1600E+02
  12.160  0.1103E-36  0.1600E+02
  12.180  0.2497E-38  0.1600E+02
  12.200  0.5177E-40  0.1600E+02
  12.220  0.9832E-42  0.1600E+02
  12.240  0.1710E-43  0.1600E+02
  12.260  0.2723E-45  0.1600E+02
  12.280  0.3971E-47  0.1600E+02
  12.300  0.5302E-49  0.1600E+02
  12.320  0.6484E-51  0.1600E+02
  12.340  0.7260E-53  0.1600E+02
  12.360  0.7443E-55  0.1600E+02
  12.380  0.6988E-57  0.1600E+02
  12.400  0.6006E-59  0.1600E+02
  12.420  0.4728E-61  0.1600E+02
  12.440  0.3407E-63  0.1600E+02
  12.460  0.2248E-65  0.1600E+02
  12.480  0.1359E-67  0.1600E+02
  12.500  0.7516E-70  0.1600E+02
  12.520  0.3807E-72  0.1600E+02
  12.540  0.1766E-74  0.1600E+02
  12.560  0.7499E-77  0.1600E+02
  12.580  0.2916E-79  0.1600E+02
  12.600  0.1039E-81  0.1600E+02
  12.620  0.4695E-84  0.1600E+02
  12.640  0.1322E-84  0.1600E+02
  12.660  0.1312E-84  0.1600E+02
  12.680  0.1312E-84  0.1600E+02
  12.700  0.1312E-84  0.1600E+02
  12.720  0.1312E-84  0.1600E+02
  12.740  0.1312E-84  0.1600E+02
  12.760  0.1312E-84  0.1600E+02
  12.780  0.1312E-84  0.1600E+02
  12.800  0.1312E-84  0.1600E+02
  12.820  0.1312E-84  0.1600E+02
  12.840  0.1312E-84  0.1600E+02
  12.860  0.1312E-84  0.1600E+02
  12.880  0.1312E-84  0.1600E+02
  12.900  0.1312E-84  0.1600E+02
  12.920  0.1312E-84  0.1600E+02
  12.940  0.1312E-84  0.1600E+02
  12.960  0.1312E-84  0.1600E+02
  12.980  0.1312E-84  0.1600E+02
  13.000  0.1312E-84  0.1600E+02
  13.020  0.1312E-84  0.1600E+02
  13.040  0.1312E-84  0.1600E+02
  13.060  0.1312E-84  0.1600E+02
  13.080  0.1312E-84  0.1600E+02
  13.100  0.1312E-84  0.1600E+02
  13.120  0.1312E-84  0.1600E+02
  13.140  0.1312E-84  0.1600E+02
  13.160  0.1312E-84  0.1600E+02
  13.180  0.1312E-84  0.1600E+02
  13.200  0.1312E-84  0.1600E+02
  13.220  0.1312E-84  0.1600E+02
  13.240  0.1312E-84  0.1600E+02
  13.260  0.1312E-84  0.1600E+02
  13.280  0.1312E-84  0.1600E+02
  13.300  0.1312E-84  0.1600E+02
  13.320  0.1312E-84  0.1600E+02
  13.340  0.1312E-84  0.1600E+02
  13.360  0.1312E-84  0.1600E+02
  13.380  0.1312E-84  0.1600E+02
  13.400  0.1312E-84  0.1600E+02
  13.420  0.1312E-84  0.1600E+02
  13.440  0.1312E-84  0.1600E+02
  13.460  0.1312E-84  0.1600E+02
  13.480  0.1312E-84  0.1600E+02
  13.500  0.1312E-84  0.1600E+02
  13.520  0.1312E-84  0.1600E+02
  13.540  0.1312E-84  0.1600E+02
  13.560  0.1312E-84  0.1600E+02
  13.580  0.1312E-84  0.1600E+02
  13.600  0.1312E-84  0.1600E+02
  13.620  0.1312E-84  0.1600E+02
  13.640  0.1312E-84  0.1600E+02
  13.660  0.1312E-84  0.1600E+02
  13.680  0.1312E-84  0.1600E+02
  13.700  0.1312E-84  0.1600E+02
  13.720  0.1312E-84  0.1600E+02
  13.740  0.1312E-84  0.1600E+02
  13.760  0.1312E-84  0.1600E+02
  13.780  0.1312E-84  0.1600E+02
  13.800  0.1312E-84  0.1600E+02
  13.820  0.1312E-84  0.1600E+02
  13.840  0.1312E-84  0.1600E+02
  13.860  0.1312E-84  0.1600E+02
  13.880  0.1312E-84  0.1600E+02
  13.900  0.1312E-84  0.1600E+02
  13.920  0.1312E-84  0.1600E+02
  13.940  0.1312E-84  0.1600E+02
  13.960  0.1312E-84  0.1600E+02
  13.980  0.1312E-84  0.1600E+02
  14.000  0.1312E-84  0.1600E+02
  14.020  0.1312E-84  0.1600E+02
  14.040  0.1312E-84  0.1600E+02
  14.060  0.1312E-84  0.1600E+02
  14.080  0.1312E-84  0.1600E+02
  14.100  0.1312E-84  0.1600E+02
  14.120  0.1312E-84  0.1600E+02
  14.140  0.1312E-84  0.1600E+02
  14.160  0.1312E-84  0.1600E+02
  14.180  0.1312E-84  0.1600E+02
  14.200  0.1312E-84  0.1600E+02
  14.220  0.1312E-84  0.1600E+02
  14.240  0.1312E-84  0.1600E+02
  14.260  0.1312E-84  0.1600E+02
  14.280  0.1312E-84  0.1600E+02
  14.300  0.1312E-84  0.1600E+02
  14.320  0.1312E-84  0.1600E+02
  14.340  0.1312E-84  0.1600E+02
  14.360  0.1312E-84  0.1600E+02
  14.380  0.1312E-84  0.1600E+02
  14.400  0.1312E-84  0.1600E+02
  14.420  0.1312E-84  0.1600E+02
  14.440  0.1312E-84  0.1600E+02
  14.460  0.1312E-84  0.1600E+02
  14.480  0.1312E-84  0.1600E+02
  14.500  0.1312E-84  0.1600E+02
  14.520  0.1312E-84  0.1600E+02
  14.540  0.1312E-84  0.1600E+02
  14.560  0.1312E-84  0.1600E+02
  14.580  0.1312E-84  0.1600E+02
  14.600  0.1312E-84  0.1600E+02
  14.620  0.1312E-84  0.1600E+02
  14.640  0.1312E-84  0.1600E+02
  14.660  0.1312E-84  0.1600E+02
  14.680  0.1312E-84  0.1600E+02
  14.700  0.1312E-84  0.1600E+02
  14.720  0.1312E-84  0.1600E+02
  14.740  0.1312E-84  0.1600E+02
  14.760  0.1312E-84  0.1600E+02
  14.780  0.1312E-84  0.1600E+02
  14.800  0.1312E-84  0.1600E+02
  14.820  0.1312E-84  0.1600E+02
  14.840  0.1312E-84  0.1600E+02
  14.860  0.1312E-84  0.1600E+02
  14.880  0.1312E-84  0.1600E+02
  14.900  0.1312E-84  0.1600E+02
  14.920  0.1312E-84  0.1600E+02
  14.940  0.1312E-84  0.1600E+02
  14.960  0.1312E-84  0.1600E+02
  14.980  0.1312E-84  0.1600E+02
  15.000  0.1312E-84  0.1600E+02
