#  E (eV)   dos(E)     Int dos(E) EFermi =   -1.583 eV
 -24.000  0.1312E-84  0.2623E-86
 -23.980  0.1312E-84  0.5247E-86
 -23.960  0.1312E-84  0.7870E-86
 -23.940  0.1312E-84  0.1049E-85
 -23.920  0.1312E-84  0.1312E-85
 -23.900  0.1312E-84  0.1574E-85
 -23.880  0.1312E-84  0.1836E-85
 -23.860  0.1312E-84  0.2099E-85
 -23.840  0.1312E-84  0.2361E-85
 -23.820  0.1312E-84  0.2623E-85
 -23.800  0.1312E-84  0.2886E-85
 -23.780  0.1312E-84  0.3148E-85
 -23.760  0.1312E-84  0.3410E-85
 -23.740  0.1312E-84  0.3673E-85
 -23.720  0.1312E-84  0.3935E-85
 -23.700  0.1312E-84  0.4197E-85
 -23.680  0.1312E-84  0.4460E-85
 -23.660  0.1312E-84  0.4722E-85
 -23.640  0.1312E-84  0.4984E-85
 -23.620  0.1312E-84  0.5247E-85
 -23.600  0.1312E-84  0.5509E-85
 -23.580  0.1312E-84  0.5771E-85
 -23.560  0.1312E-84  0.6034E-85
 -23.540  0.1312E-84  0.6296E-85
 -23.520  0.1312E-84  0.6558E-85
 -23.500  0.1312E-84  0.6821E-85
 -23.480  0.1312E-84  0.7083E-85
 -23.460  0.1312E-84  0.7345E-85
 -23.440  0.1312E-84  0.7608E-85
 -23.420  0.1312E-84  0.7870E-85
 -23.400  0.1312E-84  0.8132E-85
 -23.380  0.1312E-84  0.8395E-85
 -23.360  0.1312E-84  0.8657E-85
 -23.340  0.1312E-84  0.8919E-85
 -23.320  0.1312E-84  0.9182E-85
 -23.300  0.1312E-84  0.9444E-85
 -23.280  0.1312E-84  0.9706E-85
 -23.260  0.1312E-84  0.9969E-85
 -23.240  0.1312E-84  0.1023E-84
 -23.220  0.1312E-84  0.1049E-84
 -23.200  0.1312E-84  0.1076E-84
 -23.180  0.1312E-84  0.1102E-84
 -23.160  0.1312E-84  0.1128E-84
 -23.140  0.1312E-84  0.1154E-84
 -23.120  0.1312E-84  0.1181E-84
 -23.100  0.1312E-84  0.1207E-84
 -23.080  0.1312E-84  0.1233E-84
 -23.060  0.1312E-84  0.1259E-84
 -23.040  0.1312E-84  0.1285E-84
 -23.020  0.1312E-84  0.1312E-84
 -23.000  0.1312E-84  0.1338E-84
 -22.980  0.1312E-84  0.1364E-84
 -22.960  0.1312E-84  0.1390E-84
 -22.940  0.1312E-84  0.1417E-84
 -22.920  0.1312E-84  0.1443E-84
 -22.900  0.1312E-84  0.1469E-84
 -22.880  0.1312E-84  0.1495E-84
 -22.860  0.1312E-84  0.1522E-84
 -22.840  0.1312E-84  0.1548E-84
 -22.820  0.1312E-84  0.1574E-84
 -22.800  0.1312E-84  0.1600E-84
 -22.780  0.1312E-84  0.1626E-84
 -22.760  0.1312E-84  0.1653E-84
 -22.740  0.1312E-84  0.1679E-84
 -22.720  0.1312E-84  0.1705E-84
 -22.700  0.1312E-84  0.1731E-84
 -22.680  0.1312E-84  0.1758E-84
 -22.660  0.1312E-84  0.1784E-84
 -22.640  0.1312E-84  0.1810E-84
 -22.620  0.1312E-84  0.1836E-84
 -22.600  0.1312E-84  0.1863E-84
 -22.580  0.1312E-84  0.1889E-84
 -22.560  0.1312E-84  0.1915E-84
 -22.540  0.1312E-84  0.1941E-84
 -22.520  0.1312E-84  0.1968E-84
 -22.500  0.1312E-84  0.1994E-84
 -22.480  0.1312E-84  0.2020E-84
 -22.460  0.1312E-84  0.2046E-84
 -22.440  0.1312E-84  0.2072E-84
 -22.420  0.1538E-84  0.2103E-84
 -22.400  0.7562E-83  0.3616E-84
 -22.380  0.2231E-80  0.4499E-82
 -22.360  0.6136E-78  0.1232E-79
 -22.340  0.1545E-75  0.3102E-77
 -22.320  0.3563E-73  0.7158E-75
 -22.300  0.7526E-71  0.1512E-72
 -22.280  0.1456E-68  0.2927E-70
 -22.260  0.2579E-66  0.5187E-68
 -22.240  0.4184E-64  0.8421E-66
 -22.220  0.6218E-62  0.1252E-63
 -22.200  0.8462E-60  0.1705E-61
 -22.180  0.1055E-57  0.2127E-59
 -22.160  0.1204E-55  0.2429E-57
 -22.140  0.1259E-53  0.2542E-55
 -22.120  0.1206E-51  0.2437E-53
 -22.100  0.1058E-49  0.2139E-51
 -22.080  0.8497E-48  0.1721E-49
 -22.060  0.6253E-46  0.1268E-47
 -22.040  0.4214E-44  0.8556E-46
 -22.020  0.2602E-42  0.5290E-44
 -22.000  0.1472E-40  0.2996E-42
 -21.980  0.7624E-39  0.1555E-40
 -21.960  0.3618E-37  0.7392E-39
 -21.940  0.1573E-35  0.3220E-37
 -21.920  0.6264E-34  0.1285E-35
 -21.900  0.2285E-32  0.4699E-34
 -21.880  0.7638E-31  0.1575E-32
 -21.860  0.2339E-29  0.4835E-31
 -21.840  0.6562E-28  0.1361E-29
 -21.820  0.1687E-26  0.3509E-28
 -21.800  0.3972E-25  0.8295E-27
 -21.780  0.8572E-24  0.1797E-25
 -21.760  0.1695E-22  0.3570E-24
 -21.740  0.3072E-21  0.6500E-23
 -21.720  0.5101E-20  0.1085E-21
 -21.700  0.7763E-19  0.1661E-20
 -21.680  0.1083E-17  0.2332E-19
 -21.660  0.1385E-16  0.3002E-18
 -21.640  0.1623E-15  0.3545E-17
 -21.620  0.1743E-14  0.3841E-16
 -21.600  0.1717E-13  0.3819E-15
 -21.580  0.1551E-12  0.3484E-14
 -21.560  0.1285E-11  0.2917E-13
 -21.540  0.9757E-11  0.2243E-12
 -21.520  0.6798E-10  0.1584E-11
 -21.500  0.4345E-09  0.1027E-10
 -21.480  0.2548E-08  0.6124E-10
 -21.460  0.1372E-07  0.3356E-09
 -21.440  0.6777E-07  0.1691E-08
 -21.420  0.3074E-06  0.7839E-08
 -21.400  0.1281E-05  0.3346E-07
 -21.380  0.4903E-05  0.1315E-06
 -21.360  0.1725E-04  0.4766E-06
 -21.340  0.5582E-04  0.1593E-05
 -21.320  0.1662E-03  0.4917E-05
 -21.300  0.4555E-03  0.1403E-04
 -21.280  0.1150E-02  0.3703E-04
 -21.260  0.2679E-02  0.9061E-04
 -21.240  0.5760E-02  0.2058E-03
 -21.220  0.1145E-01  0.4348E-03
 -21.200  0.2108E-01  0.8564E-03
 -21.180  0.3600E-01  0.1577E-02
 -21.160  0.5720E-01  0.2721E-02
 -21.140  0.8478E-01  0.4416E-02
 -21.120  0.1177E+00  0.6769E-02
 -21.100  0.1536E+00  0.9841E-02
 -21.080  0.1895E+00  0.1363E-01
 -21.060  0.2225E+00  0.1808E-01
 -21.040  0.2501E+00  0.2308E-01
 -21.020  0.2715E+00  0.2851E-01
 -21.000  0.2865E+00  0.3424E-01
 -20.980  0.2963E+00  0.4017E-01
 -20.960  0.3020E+00  0.4621E-01
 -20.940  0.3052E+00  0.5231E-01
 -20.920  0.3068E+00  0.5845E-01
 -20.900  0.3076E+00  0.6460E-01
 -20.880  0.3080E+00  0.7076E-01
 -20.860  0.3081E+00  0.7692E-01
 -20.840  0.3082E+00  0.8309E-01
 -20.820  0.3083E+00  0.8925E-01
 -20.800  0.3084E+00  0.9542E-01
 -20.780  0.3085E+00  0.1016E+00
 -20.760  0.3085E+00  0.1078E+00
 -20.740  0.3086E+00  0.1139E+00
 -20.720  0.3087E+00  0.1201E+00
 -20.700  0.3087E+00  0.1263E+00
 -20.680  0.3088E+00  0.1325E+00
 -20.660  0.3089E+00  0.1386E+00
 -20.640  0.3090E+00  0.1448E+00
 -20.620  0.3090E+00  0.1510E+00
 -20.600  0.3091E+00  0.1572E+00
 -20.580  0.3092E+00  0.1634E+00
 -20.560  0.3092E+00  0.1695E+00
 -20.540  0.3093E+00  0.1757E+00
 -20.520  0.3094E+00  0.1819E+00
 -20.500  0.3095E+00  0.1881E+00
 -20.480  0.3095E+00  0.1943E+00
 -20.460  0.3096E+00  0.2005E+00
 -20.440  0.3097E+00  0.2067E+00
 -20.420  0.3098E+00  0.2129E+00
 -20.400  0.3098E+00  0.2191E+00
 -20.380  0.3099E+00  0.2253E+00
 -20.360  0.3100E+00  0.2315E+00
 -20.340  0.3101E+00  0.2377E+00
 -20.320  0.3101E+00  0.2439E+00
 -20.300  0.3102E+00  0.2501E+00
 -20.280  0.3103E+00  0.2563E+00
 -20.260  0.3104E+00  0.2625E+00
 -20.240  0.3104E+00  0.2687E+00
 -20.220  0.3105E+00  0.2749E+00
 -20.200  0.3106E+00  0.2811E+00
 -20.180  0.3107E+00  0.2873E+00
 -20.160  0.3108E+00  0.2936E+00
 -20.140  0.3108E+00  0.2998E+00
 -20.120  0.3109E+00  0.3060E+00
 -20.100  0.3110E+00  0.3122E+00
 -20.080  0.3111E+00  0.3184E+00
 -20.060  0.3112E+00  0.3247E+00
 -20.040  0.3112E+00  0.3309E+00
 -20.020  0.3113E+00  0.3371E+00
 -20.000  0.3114E+00  0.3433E+00
 -19.980  0.3115E+00  0.3496E+00
 -19.960  0.3116E+00  0.3558E+00
 -19.940  0.3117E+00  0.3620E+00
 -19.920  0.3117E+00  0.3683E+00
 -19.900  0.3118E+00  0.3745E+00
 -19.880  0.3119E+00  0.3807E+00
 -19.860  0.3120E+00  0.3870E+00
 -19.840  0.3121E+00  0.3932E+00
 -19.820  0.3122E+00  0.3995E+00
 -19.800  0.3123E+00  0.4057E+00
 -19.780  0.3123E+00  0.4120E+00
 -19.760  0.3124E+00  0.4182E+00
 -19.740  0.3125E+00  0.4245E+00
 -19.720  0.3126E+00  0.4307E+00
 -19.700  0.3127E+00  0.4370E+00
 -19.680  0.3128E+00  0.4432E+00
 -19.660  0.3129E+00  0.4495E+00
 -19.640  0.3130E+00  0.4557E+00
 -19.620  0.3131E+00  0.4620E+00
 -19.600  0.3131E+00  0.4683E+00
 -19.580  0.3132E+00  0.4745E+00
 -19.560  0.3133E+00  0.4808E+00
 -19.540  0.3134E+00  0.4871E+00
 -19.520  0.3135E+00  0.4933E+00
 -19.500  0.3136E+00  0.4996E+00
 -19.480  0.3137E+00  0.5059E+00
 -19.460  0.3138E+00  0.5122E+00
 -19.440  0.3139E+00  0.5184E+00
 -19.420  0.3140E+00  0.5247E+00
 -19.400  0.3141E+00  0.5310E+00
 -19.380  0.3142E+00  0.5373E+00
 -19.360  0.3143E+00  0.5436E+00
 -19.340  0.3144E+00  0.5499E+00
 -19.320  0.3145E+00  0.5561E+00
 -19.300  0.3146E+00  0.5624E+00
 -19.280  0.3147E+00  0.5687E+00
 -19.260  0.3148E+00  0.5750E+00
 -19.240  0.3149E+00  0.5813E+00
 -19.220  0.3150E+00  0.5876E+00
 -19.200  0.3151E+00  0.5939E+00
 -19.180  0.3152E+00  0.6002E+00
 -19.160  0.3153E+00  0.6065E+00
 -19.140  0.3154E+00  0.6128E+00
 -19.120  0.3155E+00  0.6191E+00
 -19.100  0.3156E+00  0.6255E+00
 -19.080  0.3157E+00  0.6318E+00
 -19.060  0.3158E+00  0.6381E+00
 -19.040  0.3159E+00  0.6444E+00
 -19.020  0.3160E+00  0.6507E+00
 -19.000  0.3162E+00  0.6571E+00
 -18.980  0.3163E+00  0.6634E+00
 -18.960  0.3164E+00  0.6697E+00
 -18.940  0.3165E+00  0.6760E+00
 -18.920  0.3166E+00  0.6824E+00
 -18.900  0.3167E+00  0.6887E+00
 -18.880  0.3168E+00  0.6950E+00
 -18.860  0.3170E+00  0.7014E+00
 -18.840  0.3171E+00  0.7077E+00
 -18.820  0.3172E+00  0.7141E+00
 -18.800  0.3173E+00  0.7204E+00
 -18.780  0.3174E+00  0.7268E+00
 -18.760  0.3175E+00  0.7331E+00
 -18.740  0.3177E+00  0.7395E+00
 -18.720  0.3178E+00  0.7458E+00
 -18.700  0.3179E+00  0.7522E+00
 -18.680  0.3180E+00  0.7585E+00
 -18.660  0.3182E+00  0.7649E+00
 -18.640  0.3183E+00  0.7713E+00
 -18.620  0.3184E+00  0.7776E+00
 -18.600  0.3185E+00  0.7840E+00
 -18.580  0.3187E+00  0.7904E+00
 -18.560  0.3188E+00  0.7968E+00
 -18.540  0.3189E+00  0.8031E+00
 -18.520  0.3191E+00  0.8095E+00
 -18.500  0.3192E+00  0.8159E+00
 -18.480  0.3193E+00  0.8223E+00
 -18.460  0.3195E+00  0.8287E+00
 -18.440  0.3196E+00  0.8351E+00
 -18.420  0.3197E+00  0.8415E+00
 -18.400  0.3199E+00  0.8479E+00
 -18.380  0.3200E+00  0.8543E+00
 -18.360  0.3202E+00  0.8607E+00
 -18.340  0.3203E+00  0.8671E+00
 -18.320  0.3205E+00  0.8735E+00
 -18.300  0.3206E+00  0.8799E+00
 -18.280  0.3207E+00  0.8863E+00
 -18.260  0.3209E+00  0.8927E+00
 -18.240  0.3210E+00  0.8991E+00
 -18.220  0.3212E+00  0.9056E+00
 -18.200  0.3213E+00  0.9120E+00
 -18.180  0.3215E+00  0.9184E+00
 -18.160  0.3217E+00  0.9249E+00
 -18.140  0.3218E+00  0.9313E+00
 -18.120  0.3220E+00  0.9377E+00
 -18.100  0.3221E+00  0.9442E+00
 -18.080  0.3223E+00  0.9506E+00
 -18.060  0.3225E+00  0.9571E+00
 -18.040  0.3226E+00  0.9635E+00
 -18.020  0.3228E+00  0.9700E+00
 -18.000  0.3230E+00  0.9764E+00
 -17.980  0.3231E+00  0.9829E+00
 -17.960  0.3233E+00  0.9894E+00
 -17.940  0.3235E+00  0.9958E+00
 -17.920  0.3237E+00  0.1002E+01
 -17.900  0.3239E+00  0.1009E+01
 -17.880  0.3240E+00  0.1015E+01
 -17.860  0.3242E+00  0.1022E+01
 -17.840  0.3244E+00  0.1028E+01
 -17.820  0.3246E+00  0.1035E+01
 -17.800  0.3248E+00  0.1041E+01
 -17.780  0.3250E+00  0.1048E+01
 -17.760  0.3252E+00  0.1054E+01
 -17.740  0.3254E+00  0.1061E+01
 -17.720  0.3256E+00  0.1067E+01
 -17.700  0.3258E+00  0.1074E+01
 -17.680  0.3260E+00  0.1080E+01
 -17.660  0.3262E+00  0.1087E+01
 -17.640  0.3265E+00  0.1093E+01
 -17.620  0.3267E+00  0.1100E+01
 -17.600  0.3269E+00  0.1106E+01
 -17.580  0.3271E+00  0.1113E+01
 -17.560  0.3273E+00  0.1120E+01
 -17.540  0.3276E+00  0.1126E+01
 -17.520  0.3278E+00  0.1133E+01
 -17.500  0.3280E+00  0.1139E+01
 -17.480  0.3283E+00  0.1146E+01
 -17.460  0.3285E+00  0.1152E+01
 -17.440  0.3288E+00  0.1159E+01
 -17.420  0.3290E+00  0.1165E+01
 -17.400  0.3293E+00  0.1172E+01
 -17.380  0.3296E+00  0.1179E+01
 -17.360  0.3298E+00  0.1185E+01
 -17.340  0.3301E+00  0.1192E+01
 -17.320  0.3304E+00  0.1198E+01
 -17.300  0.3307E+00  0.1205E+01
 -17.280  0.3310E+00  0.1212E+01
 -17.260  0.3313E+00  0.1218E+01
 -17.240  0.3316E+00  0.1225E+01
 -17.220  0.3319E+00  0.1232E+01
 -17.200  0.3322E+00  0.1238E+01
 -17.180  0.3325E+00  0.1245E+01
 -17.160  0.3328E+00  0.1252E+01
 -17.140  0.3332E+00  0.1258E+01
 -17.120  0.3335E+00  0.1265E+01
 -17.100  0.3339E+00  0.1272E+01
 -17.080  0.3342E+00  0.1278E+01
 -17.060  0.3346E+00  0.1285E+01
 -17.040  0.3350E+00  0.1292E+01
 -17.020  0.3354E+00  0.1298E+01
 -17.000  0.3358E+00  0.1305E+01
 -16.980  0.3361E+00  0.1312E+01
 -16.960  0.3366E+00  0.1318E+01
 -16.940  0.3370E+00  0.1325E+01
 -16.920  0.3375E+00  0.1332E+01
 -16.900  0.3379E+00  0.1339E+01
 -16.880  0.3383E+00  0.1346E+01
 -16.860  0.3388E+00  0.1352E+01
 -16.840  0.3393E+00  0.1359E+01
 -16.820  0.3399E+00  0.1366E+01
 -16.800  0.3404E+00  0.1373E+01
 -16.780  0.3409E+00  0.1379E+01
 -16.760  0.3414E+00  0.1386E+01
 -16.740  0.3420E+00  0.1393E+01
 -16.720  0.3427E+00  0.1400E+01
 -16.700  0.3433E+00  0.1407E+01
 -16.680  0.3439E+00  0.1414E+01
 -16.660  0.3445E+00  0.1421E+01
 -16.640  0.3452E+00  0.1428E+01
 -16.620  0.3460E+00  0.1434E+01
 -16.600  0.3468E+00  0.1441E+01
 -16.580  0.3475E+00  0.1448E+01
 -16.560  0.3483E+00  0.1455E+01
 -16.540  0.3491E+00  0.1462E+01
 -16.520  0.3500E+00  0.1469E+01
 -16.500  0.3510E+00  0.1476E+01
 -16.480  0.3520E+00  0.1483E+01
 -16.460  0.3530E+00  0.1490E+01
 -16.440  0.3540E+00  0.1498E+01
 -16.420  0.3552E+00  0.1505E+01
 -16.400  0.3564E+00  0.1512E+01
 -16.380  0.3577E+00  0.1519E+01
 -16.360  0.3591E+00  0.1526E+01
 -16.340  0.3604E+00  0.1533E+01
 -16.320  0.3619E+00  0.1541E+01
 -16.300  0.3636E+00  0.1548E+01
 -16.280  0.3654E+00  0.1555E+01
 -16.260  0.3674E+00  0.1562E+01
 -16.240  0.3694E+00  0.1570E+01
 -16.220  0.3715E+00  0.1577E+01
 -16.200  0.3739E+00  0.1585E+01
 -16.180  0.3766E+00  0.1592E+01
 -16.160  0.3797E+00  0.1600E+01
 -16.140  0.3830E+00  0.1608E+01
 -16.120  0.3866E+00  0.1615E+01
 -16.100  0.3908E+00  0.1623E+01
 -16.080  0.3957E+00  0.1631E+01
 -16.060  0.4016E+00  0.1639E+01
 -16.040  0.4087E+00  0.1647E+01
 -16.020  0.4170E+00  0.1656E+01
 -16.000  0.4269E+00  0.1664E+01
 -15.980  0.4384E+00  0.1673E+01
 -15.960  0.4509E+00  0.1682E+01
 -15.940  0.4635E+00  0.1691E+01
 -15.920  0.4745E+00  0.1701E+01
 -15.900  0.4820E+00  0.1710E+01
 -15.880  0.4843E+00  0.1720E+01
 -15.860  0.4804E+00  0.1730E+01
 -15.840  0.4704E+00  0.1739E+01
 -15.820  0.4552E+00  0.1748E+01
 -15.800  0.4363E+00  0.1757E+01
 -15.780  0.4159E+00  0.1765E+01
 -15.760  0.3955E+00  0.1773E+01
 -15.740  0.3765E+00  0.1781E+01
 -15.720  0.3595E+00  0.1788E+01
 -15.700  0.3444E+00  0.1795E+01
 -15.680  0.3311E+00  0.1801E+01
 -15.660  0.3191E+00  0.1808E+01
 -15.640  0.3084E+00  0.1814E+01
 -15.620  0.2987E+00  0.1820E+01
 -15.600  0.2898E+00  0.1826E+01
 -15.580  0.2814E+00  0.1831E+01
 -15.560  0.2735E+00  0.1837E+01
 -15.540  0.2660E+00  0.1842E+01
 -15.520  0.2588E+00  0.1847E+01
 -15.500  0.2522E+00  0.1852E+01
 -15.480  0.2458E+00  0.1857E+01
 -15.460  0.2396E+00  0.1862E+01
 -15.440  0.2336E+00  0.1867E+01
 -15.420  0.2277E+00  0.1871E+01
 -15.400  0.2222E+00  0.1876E+01
 -15.380  0.2169E+00  0.1880E+01
 -15.360  0.2117E+00  0.1884E+01
 -15.340  0.2066E+00  0.1888E+01
 -15.320  0.2016E+00  0.1892E+01
 -15.300  0.1967E+00  0.1896E+01
 -15.280  0.1921E+00  0.1900E+01
 -15.260  0.1876E+00  0.1904E+01
 -15.240  0.1831E+00  0.1908E+01
 -15.220  0.1787E+00  0.1911E+01
 -15.200  0.1743E+00  0.1915E+01
 -15.180  0.1701E+00  0.1918E+01
 -15.160  0.1661E+00  0.1921E+01
 -15.140  0.1621E+00  0.1925E+01
 -15.120  0.1581E+00  0.1928E+01
 -15.100  0.1541E+00  0.1931E+01
 -15.080  0.1503E+00  0.1934E+01
 -15.060  0.1466E+00  0.1937E+01
 -15.040  0.1430E+00  0.1940E+01
 -15.020  0.1396E+00  0.1942E+01
 -15.000  0.1366E+00  0.1945E+01
 -14.980  0.1343E+00  0.1948E+01
 -14.960  0.1335E+00  0.1950E+01
 -14.940  0.1348E+00  0.1953E+01
 -14.920  0.1394E+00  0.1956E+01
 -14.900  0.1482E+00  0.1959E+01
 -14.880  0.1617E+00  0.1962E+01
 -14.860  0.1801E+00  0.1966E+01
 -14.840  0.2024E+00  0.1970E+01
 -14.820  0.2268E+00  0.1974E+01
 -14.800  0.2509E+00  0.1979E+01
 -14.780  0.2728E+00  0.1985E+01
 -14.760  0.2910E+00  0.1991E+01
 -14.740  0.3048E+00  0.1997E+01
 -14.720  0.3144E+00  0.2003E+01
 -14.700  0.3206E+00  0.2009E+01
 -14.680  0.3242E+00  0.2016E+01
 -14.660  0.3261E+00  0.2022E+01
 -14.640  0.3272E+00  0.2029E+01
 -14.620  0.3277E+00  0.2036E+01
 -14.600  0.3281E+00  0.2042E+01
 -14.580  0.3282E+00  0.2049E+01
 -14.560  0.3284E+00  0.2055E+01
 -14.540  0.3286E+00  0.2062E+01
 -14.520  0.3287E+00  0.2068E+01
 -14.500  0.3289E+00  0.2075E+01
 -14.480  0.3290E+00  0.2082E+01
 -14.460  0.3292E+00  0.2088E+01
 -14.440  0.3293E+00  0.2095E+01
 -14.420  0.3295E+00  0.2101E+01
 -14.400  0.3296E+00  0.2108E+01
 -14.380  0.3298E+00  0.2114E+01
 -14.360  0.3300E+00  0.2121E+01
 -14.340  0.3302E+00  0.2128E+01
 -14.320  0.3305E+00  0.2134E+01
 -14.300  0.3310E+00  0.2141E+01
 -14.280  0.3318E+00  0.2148E+01
 -14.260  0.3331E+00  0.2154E+01
 -14.240  0.3351E+00  0.2161E+01
 -14.220  0.3380E+00  0.2168E+01
 -14.200  0.3421E+00  0.2175E+01
 -14.180  0.3477E+00  0.2181E+01
 -14.160  0.3549E+00  0.2189E+01
 -14.140  0.3640E+00  0.2196E+01
 -14.120  0.3750E+00  0.2203E+01
 -14.100  0.3880E+00  0.2211E+01
 -14.080  0.4029E+00  0.2219E+01
 -14.060  0.4195E+00  0.2228E+01
 -14.040  0.4368E+00  0.2236E+01
 -14.020  0.4537E+00  0.2245E+01
 -14.000  0.4686E+00  0.2255E+01
 -13.980  0.4799E+00  0.2264E+01
 -13.960  0.4862E+00  0.2274E+01
 -13.940  0.4870E+00  0.2284E+01
 -13.920  0.4827E+00  0.2293E+01
 -13.900  0.4744E+00  0.2303E+01
 -13.880  0.4638E+00  0.2312E+01
 -13.860  0.4522E+00  0.2321E+01
 -13.840  0.4410E+00  0.2330E+01
 -13.820  0.4308E+00  0.2339E+01
 -13.800  0.4219E+00  0.2347E+01
 -13.780  0.4142E+00  0.2355E+01
 -13.760  0.4076E+00  0.2364E+01
 -13.740  0.4019E+00  0.2372E+01
 -13.720  0.3968E+00  0.2380E+01
 -13.700  0.3922E+00  0.2387E+01
 -13.680  0.3881E+00  0.2395E+01
 -13.660  0.3842E+00  0.2403E+01
 -13.640  0.3807E+00  0.2410E+01
 -13.620  0.3773E+00  0.2418E+01
 -13.600  0.3742E+00  0.2425E+01
 -13.580  0.3712E+00  0.2433E+01
 -13.560  0.3683E+00  0.2440E+01
 -13.540  0.3656E+00  0.2448E+01
 -13.520  0.3630E+00  0.2455E+01
 -13.500  0.3604E+00  0.2462E+01
 -13.480  0.3580E+00  0.2469E+01
 -13.460  0.3557E+00  0.2476E+01
 -13.440  0.3534E+00  0.2483E+01
 -13.420  0.3512E+00  0.2490E+01
 -13.400  0.3490E+00  0.2497E+01
 -13.380  0.3470E+00  0.2504E+01
 -13.360  0.3449E+00  0.2511E+01
 -13.340  0.3429E+00  0.2518E+01
 -13.320  0.3410E+00  0.2525E+01
 -13.300  0.3391E+00  0.2532E+01
 -13.280  0.3373E+00  0.2538E+01
 -13.260  0.3354E+00  0.2545E+01
 -13.240  0.3337E+00  0.2552E+01
 -13.220  0.3319E+00  0.2558E+01
 -13.200  0.3302E+00  0.2565E+01
 -13.180  0.3285E+00  0.2572E+01
 -13.160  0.3269E+00  0.2578E+01
 -13.140  0.3253E+00  0.2585E+01
 -13.120  0.3237E+00  0.2591E+01
 -13.100  0.3221E+00  0.2598E+01
 -13.080  0.3205E+00  0.2604E+01
 -13.060  0.3190E+00  0.2610E+01
 -13.040  0.3175E+00  0.2617E+01
 -13.020  0.3160E+00  0.2623E+01
 -13.000  0.3145E+00  0.2629E+01
 -12.980  0.3131E+00  0.2636E+01
 -12.960  0.3117E+00  0.2642E+01
 -12.940  0.3103E+00  0.2648E+01
 -12.920  0.3089E+00  0.2654E+01
 -12.900  0.3075E+00  0.2660E+01
 -12.880  0.3061E+00  0.2666E+01
 -12.860  0.3048E+00  0.2673E+01
 -12.840  0.3035E+00  0.2679E+01
 -12.820  0.3021E+00  0.2685E+01
 -12.800  0.3008E+00  0.2691E+01
 -12.780  0.2996E+00  0.2697E+01
 -12.760  0.2983E+00  0.2703E+01
 -12.740  0.2970E+00  0.2709E+01
 -12.720  0.2958E+00  0.2715E+01
 -12.700  0.2945E+00  0.2720E+01
 -12.680  0.2933E+00  0.2726E+01
 -12.660  0.2921E+00  0.2732E+01
 -12.640  0.2909E+00  0.2738E+01
 -12.620  0.2897E+00  0.2744E+01
 -12.600  0.2885E+00  0.2750E+01
 -12.580  0.2873E+00  0.2755E+01
 -12.560  0.2862E+00  0.2761E+01
 -12.540  0.2850E+00  0.2767E+01
 -12.520  0.2839E+00  0.2772E+01
 -12.500  0.2828E+00  0.2778E+01
 -12.480  0.2816E+00  0.2784E+01
 -12.460  0.2805E+00  0.2789E+01
 -12.440  0.2794E+00  0.2795E+01
 -12.420  0.2783E+00  0.2800E+01
 -12.400  0.2773E+00  0.2806E+01
 -12.380  0.2762E+00  0.2811E+01
 -12.360  0.2752E+00  0.2817E+01
 -12.340  0.2742E+00  0.2822E+01
 -12.320  0.2734E+00  0.2828E+01
 -12.300  0.2729E+00  0.2833E+01
 -12.280  0.2729E+00  0.2839E+01
 -12.260  0.2739E+00  0.2844E+01
 -12.240  0.2761E+00  0.2850E+01
 -12.220  0.2800E+00  0.2855E+01
 -12.200  0.2859E+00  0.2861E+01
 -12.180  0.2938E+00  0.2867E+01
 -12.160  0.3032E+00  0.2873E+01
 -12.140  0.3134E+00  0.2879E+01
 -12.120  0.3236E+00  0.2886E+01
 -12.100  0.3329E+00  0.2893E+01
 -12.080  0.3406E+00  0.2899E+01
 -12.060  0.3465E+00  0.2906E+01
 -12.040  0.3508E+00  0.2913E+01
 -12.020  0.3536E+00  0.2920E+01
 -12.000  0.3553E+00  0.2927E+01
 -11.980  0.3564E+00  0.2935E+01
 -11.960  0.3571E+00  0.2942E+01
 -11.940  0.3577E+00  0.2949E+01
 -11.920  0.3581E+00  0.2956E+01
 -11.900  0.3584E+00  0.2963E+01
 -11.880  0.3588E+00  0.2970E+01
 -11.860  0.3592E+00  0.2978E+01
 -11.840  0.3595E+00  0.2985E+01
 -11.820  0.3599E+00  0.2992E+01
 -11.800  0.3602E+00  0.2999E+01
 -11.780  0.3606E+00  0.3006E+01
 -11.760  0.3610E+00  0.3014E+01
 -11.740  0.3614E+00  0.3021E+01
 -11.720  0.3617E+00  0.3028E+01
 -11.700  0.3621E+00  0.3035E+01
 -11.680  0.3625E+00  0.3043E+01
 -11.660  0.3629E+00  0.3050E+01
 -11.640  0.3633E+00  0.3057E+01
 -11.620  0.3637E+00  0.3064E+01
 -11.600  0.3640E+00  0.3072E+01
 -11.580  0.3644E+00  0.3079E+01
 -11.560  0.3648E+00  0.3086E+01
 -11.540  0.3652E+00  0.3094E+01
 -11.520  0.3657E+00  0.3101E+01
 -11.500  0.3661E+00  0.3108E+01
 -11.480  0.3665E+00  0.3115E+01
 -11.460  0.3669E+00  0.3123E+01
 -11.440  0.3673E+00  0.3130E+01
 -11.420  0.3678E+00  0.3138E+01
 -11.400  0.3682E+00  0.3145E+01
 -11.380  0.3687E+00  0.3152E+01
 -11.360  0.3691E+00  0.3160E+01
 -11.340  0.3695E+00  0.3167E+01
 -11.320  0.3699E+00  0.3174E+01
 -11.300  0.3704E+00  0.3182E+01
 -11.280  0.3709E+00  0.3189E+01
 -11.260  0.3714E+00  0.3197E+01
 -11.240  0.3718E+00  0.3204E+01
 -11.220  0.3722E+00  0.3212E+01
 -11.200  0.3727E+00  0.3219E+01
 -11.180  0.3732E+00  0.3226E+01
 -11.160  0.3737E+00  0.3234E+01
 -11.140  0.3742E+00  0.3241E+01
 -11.120  0.3747E+00  0.3249E+01
 -11.100  0.3751E+00  0.3256E+01
 -11.080  0.3756E+00  0.3264E+01
 -11.060  0.3762E+00  0.3271E+01
 -11.040  0.3767E+00  0.3279E+01
 -11.020  0.3773E+00  0.3287E+01
 -11.000  0.3777E+00  0.3294E+01
 -10.980  0.3781E+00  0.3302E+01
 -10.960  0.3787E+00  0.3309E+01
 -10.940  0.3793E+00  0.3317E+01
 -10.920  0.3799E+00  0.3324E+01
 -10.900  0.3805E+00  0.3332E+01
 -10.880  0.3810E+00  0.3340E+01
 -10.860  0.3814E+00  0.3347E+01
 -10.840  0.3819E+00  0.3355E+01
 -10.820  0.3826E+00  0.3363E+01
 -10.800  0.3833E+00  0.3370E+01
 -10.780  0.3839E+00  0.3378E+01
 -10.760  0.3844E+00  0.3386E+01
 -10.740  0.3849E+00  0.3393E+01
 -10.720  0.3854E+00  0.3401E+01
 -10.700  0.3862E+00  0.3409E+01
 -10.680  0.3869E+00  0.3416E+01
 -10.660  0.3876E+00  0.3424E+01
 -10.640  0.3881E+00  0.3432E+01
 -10.620  0.3886E+00  0.3440E+01
 -10.600  0.3892E+00  0.3448E+01
 -10.580  0.3899E+00  0.3455E+01
 -10.560  0.3907E+00  0.3463E+01
 -10.540  0.3915E+00  0.3471E+01
 -10.520  0.3920E+00  0.3479E+01
 -10.500  0.3925E+00  0.3487E+01
 -10.480  0.3931E+00  0.3495E+01
 -10.460  0.3939E+00  0.3502E+01
 -10.440  0.3948E+00  0.3510E+01
 -10.420  0.3956E+00  0.3518E+01
 -10.400  0.3962E+00  0.3526E+01
 -10.380  0.3968E+00  0.3534E+01
 -10.360  0.3974E+00  0.3542E+01
 -10.340  0.3983E+00  0.3550E+01
 -10.320  0.3992E+00  0.3558E+01
 -10.300  0.4000E+00  0.3566E+01
 -10.280  0.4007E+00  0.3574E+01
 -10.260  0.4013E+00  0.3582E+01
 -10.240  0.4020E+00  0.3590E+01
 -10.220  0.4029E+00  0.3598E+01
 -10.200  0.4039E+00  0.3606E+01
 -10.180  0.4048E+00  0.3614E+01
 -10.160  0.4056E+00  0.3622E+01
 -10.140  0.4063E+00  0.3631E+01
 -10.120  0.4070E+00  0.3639E+01
 -10.100  0.4079E+00  0.3647E+01
 -10.080  0.4089E+00  0.3655E+01
 -10.060  0.4099E+00  0.3663E+01
 -10.040  0.4108E+00  0.3671E+01
 -10.020  0.4116E+00  0.3680E+01
 -10.000  0.4124E+00  0.3688E+01
  -9.980  0.4134E+00  0.3696E+01
  -9.960  0.4144E+00  0.3704E+01
  -9.940  0.4155E+00  0.3713E+01
  -9.920  0.4164E+00  0.3721E+01
  -9.900  0.4173E+00  0.3729E+01
  -9.880  0.4182E+00  0.3738E+01
  -9.860  0.4193E+00  0.3746E+01
  -9.840  0.4204E+00  0.3755E+01
  -9.820  0.4215E+00  0.3763E+01
  -9.800  0.4225E+00  0.3771E+01
  -9.780  0.4235E+00  0.3780E+01
  -9.760  0.4246E+00  0.3788E+01
  -9.740  0.4257E+00  0.3797E+01
  -9.720  0.4269E+00  0.3805E+01
  -9.700  0.4281E+00  0.3814E+01
  -9.680  0.4292E+00  0.3823E+01
  -9.660  0.4304E+00  0.3831E+01
  -9.640  0.4315E+00  0.3840E+01
  -9.620  0.4328E+00  0.3849E+01
  -9.600  0.4341E+00  0.3857E+01
  -9.580  0.4354E+00  0.3866E+01
  -9.560  0.4366E+00  0.3875E+01
  -9.540  0.4378E+00  0.3883E+01
  -9.520  0.4392E+00  0.3892E+01
  -9.500  0.4406E+00  0.3901E+01
  -9.480  0.4420E+00  0.3910E+01
  -9.460  0.4434E+00  0.3919E+01
  -9.440  0.4448E+00  0.3928E+01
  -9.420  0.4462E+00  0.3937E+01
  -9.400  0.4479E+00  0.3945E+01
  -9.380  0.4500E+00  0.3954E+01
  -9.360  0.4527E+00  0.3964E+01
  -9.340  0.4565E+00  0.3973E+01
  -9.320  0.4623E+00  0.3982E+01
  -9.300  0.4713E+00  0.3991E+01
  -9.280  0.4847E+00  0.4001E+01
  -9.260  0.5032E+00  0.4011E+01
  -9.240  0.5271E+00  0.4022E+01
  -9.220  0.5557E+00  0.4033E+01
  -9.200  0.5871E+00  0.4044E+01
  -9.180  0.6192E+00  0.4057E+01
  -9.160  0.6493E+00  0.4070E+01
  -9.140  0.6753E+00  0.4083E+01
  -9.120  0.6960E+00  0.4097E+01
  -9.100  0.7114E+00  0.4112E+01
  -9.080  0.7222E+00  0.4126E+01
  -9.060  0.7297E+00  0.4141E+01
  -9.040  0.7349E+00  0.4155E+01
  -9.020  0.7387E+00  0.4170E+01
  -9.000  0.7417E+00  0.4185E+01
  -8.980  0.7443E+00  0.4200E+01
  -8.960  0.7468E+00  0.4215E+01
  -8.940  0.7494E+00  0.4230E+01
  -8.920  0.7521E+00  0.4245E+01
  -8.900  0.7548E+00  0.4260E+01
  -8.880  0.7575E+00  0.4275E+01
  -8.860  0.7602E+00  0.4290E+01
  -8.840  0.7630E+00  0.4305E+01
  -8.820  0.7660E+00  0.4321E+01
  -8.800  0.7691E+00  0.4336E+01
  -8.780  0.7722E+00  0.4352E+01
  -8.760  0.7755E+00  0.4367E+01
  -8.740  0.7787E+00  0.4383E+01
  -8.720  0.7821E+00  0.4398E+01
  -8.700  0.7856E+00  0.4414E+01
  -8.680  0.7893E+00  0.4430E+01
  -8.660  0.7931E+00  0.4446E+01
  -8.640  0.7971E+00  0.4462E+01
  -8.620  0.8011E+00  0.4478E+01
  -8.600  0.8052E+00  0.4494E+01
  -8.580  0.8096E+00  0.4510E+01
  -8.560  0.8142E+00  0.4526E+01
  -8.540  0.8190E+00  0.4543E+01
  -8.520  0.8240E+00  0.4559E+01
  -8.500  0.8291E+00  0.4576E+01
  -8.480  0.8344E+00  0.4592E+01
  -8.460  0.8401E+00  0.4609E+01
  -8.440  0.8461E+00  0.4626E+01
  -8.420  0.8525E+00  0.4643E+01
  -8.400  0.8592E+00  0.4660E+01
  -8.380  0.8663E+00  0.4678E+01
  -8.360  0.8737E+00  0.4695E+01
  -8.340  0.8817E+00  0.4713E+01
  -8.320  0.8904E+00  0.4731E+01
  -8.300  0.8999E+00  0.4749E+01
  -8.280  0.9102E+00  0.4767E+01
  -8.260  0.9214E+00  0.4785E+01
  -8.240  0.9339E+00  0.4804E+01
  -8.220  0.9480E+00  0.4823E+01
  -8.200  0.9642E+00  0.4842E+01
  -8.180  0.9832E+00  0.4862E+01
  -8.160  0.1005E+01  0.4882E+01
  -8.140  0.1031E+01  0.4902E+01
  -8.120  0.1059E+01  0.4924E+01
  -8.100  0.1089E+01  0.4945E+01
  -8.080  0.1119E+01  0.4968E+01
  -8.060  0.1146E+01  0.4991E+01
  -8.040  0.1165E+01  0.5014E+01
  -8.020  0.1173E+01  0.5037E+01
  -8.000  0.1170E+01  0.5061E+01
  -7.980  0.1155E+01  0.5084E+01
  -7.960  0.1131E+01  0.5107E+01
  -7.940  0.1101E+01  0.5129E+01
  -7.920  0.1069E+01  0.5150E+01
  -7.900  0.1038E+01  0.5171E+01
  -7.880  0.1009E+01  0.5191E+01
  -7.860  0.9842E+00  0.5211E+01
  -7.840  0.9624E+00  0.5230E+01
  -7.820  0.9436E+00  0.5249E+01
  -7.800  0.9272E+00  0.5267E+01
  -7.780  0.9128E+00  0.5286E+01
  -7.760  0.8997E+00  0.5304E+01
  -7.740  0.8878E+00  0.5321E+01
  -7.720  0.8768E+00  0.5339E+01
  -7.700  0.8668E+00  0.5356E+01
  -7.680  0.8575E+00  0.5373E+01
  -7.660  0.8487E+00  0.5390E+01
  -7.640  0.8404E+00  0.5407E+01
  -7.620  0.8325E+00  0.5424E+01
  -7.600  0.8250E+00  0.5440E+01
  -7.580  0.8179E+00  0.5457E+01
  -7.560  0.8112E+00  0.5473E+01
  -7.540  0.8048E+00  0.5489E+01
  -7.520  0.7986E+00  0.5505E+01
  -7.500  0.7926E+00  0.5521E+01
  -7.480  0.7868E+00  0.5536E+01
  -7.460  0.7812E+00  0.5552E+01
  -7.440  0.7759E+00  0.5568E+01
  -7.420  0.7708E+00  0.5583E+01
  -7.400  0.7659E+00  0.5598E+01
  -7.380  0.7610E+00  0.5614E+01
  -7.360  0.7563E+00  0.5629E+01
  -7.340  0.7517E+00  0.5644E+01
  -7.320  0.7474E+00  0.5659E+01
  -7.300  0.7433E+00  0.5674E+01
  -7.280  0.7392E+00  0.5688E+01
  -7.260  0.7352E+00  0.5703E+01
  -7.240  0.7312E+00  0.5718E+01
  -7.220  0.7273E+00  0.5732E+01
  -7.200  0.7237E+00  0.5747E+01
  -7.180  0.7201E+00  0.5761E+01
  -7.160  0.7166E+00  0.5775E+01
  -7.140  0.7131E+00  0.5790E+01
  -7.120  0.7096E+00  0.5804E+01
  -7.100  0.7063E+00  0.5818E+01
  -7.080  0.7031E+00  0.5832E+01
  -7.060  0.7000E+00  0.5846E+01
  -7.040  0.6969E+00  0.5860E+01
  -7.020  0.6939E+00  0.5874E+01
  -7.000  0.6908E+00  0.5888E+01
  -6.980  0.6879E+00  0.5901E+01
  -6.960  0.6851E+00  0.5915E+01
  -6.940  0.6824E+00  0.5929E+01
  -6.920  0.6796E+00  0.5942E+01
  -6.900  0.6769E+00  0.5956E+01
  -6.880  0.6742E+00  0.5969E+01
  -6.860  0.6716E+00  0.5983E+01
  -6.840  0.6691E+00  0.5996E+01
  -6.820  0.6667E+00  0.6010E+01
  -6.800  0.6642E+00  0.6023E+01
  -6.780  0.6618E+00  0.6036E+01
  -6.760  0.6594E+00  0.6049E+01
  -6.740  0.6570E+00  0.6062E+01
  -6.720  0.6548E+00  0.6076E+01
  -6.700  0.6526E+00  0.6089E+01
  -6.680  0.6504E+00  0.6102E+01
  -6.660  0.6482E+00  0.6115E+01
  -6.640  0.6460E+00  0.6127E+01
  -6.620  0.6439E+00  0.6140E+01
  -6.600  0.6418E+00  0.6153E+01
  -6.580  0.6398E+00  0.6166E+01
  -6.560  0.6378E+00  0.6179E+01
  -6.540  0.6358E+00  0.6191E+01
  -6.520  0.6339E+00  0.6204E+01
  -6.500  0.6319E+00  0.6217E+01
  -6.480  0.6301E+00  0.6229E+01
  -6.460  0.6283E+00  0.6242E+01
  -6.440  0.6264E+00  0.6254E+01
  -6.420  0.6246E+00  0.6267E+01
  -6.400  0.6228E+00  0.6279E+01
  -6.380  0.6211E+00  0.6292E+01
  -6.360  0.6194E+00  0.6304E+01
  -6.340  0.6177E+00  0.6317E+01
  -6.320  0.6161E+00  0.6329E+01
  -6.300  0.6144E+00  0.6341E+01
  -6.280  0.6128E+00  0.6353E+01
  -6.260  0.6112E+00  0.6366E+01
  -6.240  0.6097E+00  0.6378E+01
  -6.220  0.6081E+00  0.6390E+01
  -6.200  0.6066E+00  0.6402E+01
  -6.180  0.6051E+00  0.6414E+01
  -6.160  0.6036E+00  0.6426E+01
  -6.140  0.6022E+00  0.6438E+01
  -6.120  0.6008E+00  0.6450E+01
  -6.100  0.5994E+00  0.6462E+01
  -6.080  0.5980E+00  0.6474E+01
  -6.060  0.5966E+00  0.6486E+01
  -6.040  0.5953E+00  0.6498E+01
  -6.020  0.5940E+00  0.6510E+01
  -6.000  0.5927E+00  0.6522E+01
  -5.980  0.5914E+00  0.6534E+01
  -5.960  0.5902E+00  0.6546E+01
  -5.940  0.5890E+00  0.6557E+01
  -5.920  0.5877E+00  0.6569E+01
  -5.900  0.5865E+00  0.6581E+01
  -5.880  0.5854E+00  0.6592E+01
  -5.860  0.5842E+00  0.6604E+01
  -5.840  0.5831E+00  0.6616E+01
  -5.820  0.5820E+00  0.6627E+01
  -5.800  0.5809E+00  0.6639E+01
  -5.780  0.5798E+00  0.6651E+01
  -5.760  0.5788E+00  0.6662E+01
  -5.740  0.5778E+00  0.6674E+01
  -5.720  0.5768E+00  0.6685E+01
  -5.700  0.5758E+00  0.6697E+01
  -5.680  0.5748E+00  0.6708E+01
  -5.660  0.5739E+00  0.6720E+01
  -5.640  0.5730E+00  0.6731E+01
  -5.620  0.5721E+00  0.6743E+01
  -5.600  0.5711E+00  0.6754E+01
  -5.580  0.5703E+00  0.6766E+01
  -5.560  0.5694E+00  0.6777E+01
  -5.540  0.5687E+00  0.6788E+01
  -5.520  0.5679E+00  0.6800E+01
  -5.500  0.5670E+00  0.6811E+01
  -5.480  0.5663E+00  0.6822E+01
  -5.460  0.5655E+00  0.6834E+01
  -5.440  0.5649E+00  0.6845E+01
  -5.420  0.5642E+00  0.6856E+01
  -5.400  0.5635E+00  0.6868E+01
  -5.380  0.5628E+00  0.6879E+01
  -5.360  0.5622E+00  0.6890E+01
  -5.340  0.5616E+00  0.6901E+01
  -5.320  0.5611E+00  0.6912E+01
  -5.300  0.5605E+00  0.6924E+01
  -5.280  0.5599E+00  0.6935E+01
  -5.260  0.5594E+00  0.6946E+01
  -5.240  0.5589E+00  0.6957E+01
  -5.220  0.5585E+00  0.6968E+01
  -5.200  0.5581E+00  0.6980E+01
  -5.180  0.5577E+00  0.6991E+01
  -5.160  0.5572E+00  0.7002E+01
  -5.140  0.5569E+00  0.7013E+01
  -5.120  0.5566E+00  0.7024E+01
  -5.100  0.5564E+00  0.7035E+01
  -5.080  0.5561E+00  0.7046E+01
  -5.060  0.5558E+00  0.7058E+01
  -5.040  0.5556E+00  0.7069E+01
  -5.020  0.5554E+00  0.7080E+01
  -5.000  0.5554E+00  0.7091E+01
  -4.980  0.5553E+00  0.7102E+01
  -4.960  0.5552E+00  0.7113E+01
  -4.940  0.5551E+00  0.7124E+01
  -4.920  0.5551E+00  0.7135E+01
  -4.900  0.5552E+00  0.7146E+01
  -4.880  0.5553E+00  0.7157E+01
  -4.860  0.5554E+00  0.7169E+01
  -4.840  0.5553E+00  0.7180E+01
  -4.820  0.5551E+00  0.7191E+01
  -4.800  0.5544E+00  0.7202E+01
  -4.780  0.5527E+00  0.7213E+01
  -4.760  0.5494E+00  0.7224E+01
  -4.740  0.5435E+00  0.7235E+01
  -4.720  0.5340E+00  0.7245E+01
  -4.700  0.5204E+00  0.7256E+01
  -4.680  0.5027E+00  0.7266E+01
  -4.660  0.4814E+00  0.7276E+01
  -4.640  0.4580E+00  0.7285E+01
  -4.620  0.4345E+00  0.7293E+01
  -4.600  0.4131E+00  0.7302E+01
  -4.580  0.3956E+00  0.7310E+01
  -4.560  0.3826E+00  0.7317E+01
  -4.540  0.3741E+00  0.7325E+01
  -4.520  0.3694E+00  0.7332E+01
  -4.500  0.3675E+00  0.7339E+01
  -4.480  0.3678E+00  0.7347E+01
  -4.460  0.3694E+00  0.7354E+01
  -4.440  0.3718E+00  0.7362E+01
  -4.420  0.3746E+00  0.7369E+01
  -4.400  0.3776E+00  0.7377E+01
  -4.380  0.3808E+00  0.7384E+01
  -4.360  0.3844E+00  0.7392E+01
  -4.340  0.3882E+00  0.7400E+01
  -4.320  0.3924E+00  0.7408E+01
  -4.300  0.3967E+00  0.7416E+01
  -4.280  0.4013E+00  0.7424E+01
  -4.260  0.4062E+00  0.7432E+01
  -4.240  0.4118E+00  0.7440E+01
  -4.220  0.4179E+00  0.7448E+01
  -4.200  0.4246E+00  0.7457E+01
  -4.180  0.4321E+00  0.7465E+01
  -4.160  0.4404E+00  0.7474E+01
  -4.140  0.4501E+00  0.7483E+01
  -4.120  0.4616E+00  0.7492E+01
  -4.100  0.4751E+00  0.7502E+01
  -4.080  0.4910E+00  0.7512E+01
  -4.060  0.5092E+00  0.7522E+01
  -4.040  0.5293E+00  0.7533E+01
  -4.020  0.5502E+00  0.7544E+01
  -4.000  0.5698E+00  0.7555E+01
  -3.980  0.5857E+00  0.7567E+01
  -3.960  0.5948E+00  0.7579E+01
  -3.940  0.5955E+00  0.7590E+01
  -3.920  0.5872E+00  0.7602E+01
  -3.900  0.5709E+00  0.7614E+01
  -3.880  0.5490E+00  0.7625E+01
  -3.860  0.5239E+00  0.7635E+01
  -3.840  0.4981E+00  0.7645E+01
  -3.820  0.4735E+00  0.7655E+01
  -3.800  0.4512E+00  0.7664E+01
  -3.780  0.4318E+00  0.7672E+01
  -3.760  0.4149E+00  0.7680E+01
  -3.740  0.4001E+00  0.7688E+01
  -3.720  0.3868E+00  0.7696E+01
  -3.700  0.3748E+00  0.7704E+01
  -3.680  0.3639E+00  0.7711E+01
  -3.660  0.3541E+00  0.7718E+01
  -3.640  0.3449E+00  0.7725E+01
  -3.620  0.3363E+00  0.7732E+01
  -3.600  0.3280E+00  0.7738E+01
  -3.580  0.3201E+00  0.7745E+01
  -3.560  0.3127E+00  0.7751E+01
  -3.540  0.3059E+00  0.7757E+01
  -3.520  0.2993E+00  0.7763E+01
  -3.500  0.2928E+00  0.7769E+01
  -3.480  0.2864E+00  0.7775E+01
  -3.460  0.2804E+00  0.7780E+01
  -3.440  0.2747E+00  0.7786E+01
  -3.420  0.2693E+00  0.7791E+01
  -3.400  0.2639E+00  0.7796E+01
  -3.380  0.2586E+00  0.7802E+01
  -3.360  0.2534E+00  0.7807E+01
  -3.340  0.2485E+00  0.7812E+01
  -3.320  0.2438E+00  0.7816E+01
  -3.300  0.2392E+00  0.7821E+01
  -3.280  0.2346E+00  0.7826E+01
  -3.260  0.2301E+00  0.7831E+01
  -3.240  0.2257E+00  0.7835E+01
  -3.220  0.2214E+00  0.7839E+01
  -3.200  0.2174E+00  0.7844E+01
  -3.180  0.2134E+00  0.7848E+01
  -3.160  0.2094E+00  0.7852E+01
  -3.140  0.2054E+00  0.7856E+01
  -3.120  0.2015E+00  0.7860E+01
  -3.100  0.1978E+00  0.7864E+01
  -3.080  0.1941E+00  0.7868E+01
  -3.060  0.1905E+00  0.7872E+01
  -3.040  0.1869E+00  0.7876E+01
  -3.020  0.1834E+00  0.7879E+01
  -3.000  0.1799E+00  0.7883E+01
  -2.980  0.1765E+00  0.7887E+01
  -2.960  0.1732E+00  0.7890E+01
  -2.940  0.1699E+00  0.7893E+01
  -2.920  0.1666E+00  0.7897E+01
  -2.900  0.1634E+00  0.7900E+01
  -2.880  0.1602E+00  0.7903E+01
  -2.860  0.1572E+00  0.7906E+01
  -2.840  0.1541E+00  0.7909E+01
  -2.820  0.1511E+00  0.7912E+01
  -2.800  0.1480E+00  0.7915E+01
  -2.780  0.1450E+00  0.7918E+01
  -2.760  0.1421E+00  0.7921E+01
  -2.740  0.1392E+00  0.7924E+01
  -2.720  0.1364E+00  0.7927E+01
  -2.700  0.1335E+00  0.7929E+01
  -2.680  0.1307E+00  0.7932E+01
  -2.660  0.1279E+00  0.7935E+01
  -2.640  0.1251E+00  0.7937E+01
  -2.620  0.1224E+00  0.7940E+01
  -2.600  0.1197E+00  0.7942E+01
  -2.580  0.1170E+00  0.7944E+01
  -2.560  0.1144E+00  0.7947E+01
  -2.540  0.1117E+00  0.7949E+01
  -2.520  0.1092E+00  0.7951E+01
  -2.500  0.1066E+00  0.7953E+01
  -2.480  0.1040E+00  0.7955E+01
  -2.460  0.1014E+00  0.7957E+01
  -2.440  0.9888E-01  0.7959E+01
  -2.420  0.9639E-01  0.7961E+01
  -2.400  0.9391E-01  0.7963E+01
  -2.380  0.9143E-01  0.7965E+01
  -2.360  0.8895E-01  0.7967E+01
  -2.340  0.8650E-01  0.7968E+01
  -2.320  0.8407E-01  0.7970E+01
  -2.300  0.8167E-01  0.7972E+01
  -2.280  0.7927E-01  0.7973E+01
  -2.260  0.7687E-01  0.7975E+01
  -2.240  0.7448E-01  0.7976E+01
  -2.220  0.7212E-01  0.7978E+01
  -2.200  0.6977E-01  0.7979E+01
  -2.180  0.6744E-01  0.7980E+01
  -2.160  0.6510E-01  0.7982E+01
  -2.140  0.6276E-01  0.7983E+01
  -2.120  0.6045E-01  0.7984E+01
  -2.100  0.5815E-01  0.7985E+01
  -2.080  0.5586E-01  0.7986E+01
  -2.060  0.5357E-01  0.7988E+01
  -2.040  0.5128E-01  0.7989E+01
  -2.020  0.4900E-01  0.7990E+01
  -2.000  0.4674E-01  0.7990E+01
  -1.980  0.4448E-01  0.7991E+01
  -1.960  0.4222E-01  0.7992E+01
  -1.940  0.3996E-01  0.7993E+01
  -1.920  0.3771E-01  0.7994E+01
  -1.900  0.3547E-01  0.7994E+01
  -1.880  0.3323E-01  0.7995E+01
  -1.860  0.3099E-01  0.7996E+01
  -1.840  0.2875E-01  0.7996E+01
  -1.820  0.2651E-01  0.7997E+01
  -1.800  0.2428E-01  0.7997E+01
  -1.780  0.2206E-01  0.7998E+01
  -1.760  0.1984E-01  0.7998E+01
  -1.740  0.1763E-01  0.7999E+01
  -1.720  0.1546E-01  0.7999E+01
  -1.700  0.1336E-01  0.7999E+01
  -1.680  0.1138E-01  0.7999E+01
  -1.660  0.9591E-02  0.8000E+01
  -1.640  0.8074E-02  0.8000E+01
  -1.620  0.6929E-02  0.8000E+01
  -1.600  0.6241E-02  0.8000E+01
  -1.580  0.6067E-02  0.8000E+01
  -1.560  0.6423E-02  0.8000E+01
  -1.540  0.7282E-02  0.8000E+01
  -1.520  0.8581E-02  0.8001E+01
  -1.500  0.1023E-01  0.8001E+01
  -1.480  0.1214E-01  0.8001E+01
  -1.460  0.1422E-01  0.8001E+01
  -1.440  0.1641E-01  0.8002E+01
  -1.420  0.1867E-01  0.8002E+01
  -1.400  0.2098E-01  0.8002E+01
  -1.380  0.2330E-01  0.8003E+01
  -1.360  0.2564E-01  0.8003E+01
  -1.340  0.2800E-01  0.8004E+01
  -1.320  0.3038E-01  0.8005E+01
  -1.300  0.3277E-01  0.8005E+01
  -1.280  0.3517E-01  0.8006E+01
  -1.260  0.3759E-01  0.8007E+01
  -1.240  0.4003E-01  0.8007E+01
  -1.220  0.4249E-01  0.8008E+01
  -1.200  0.4497E-01  0.8009E+01
  -1.180  0.4746E-01  0.8010E+01
  -1.160  0.4998E-01  0.8011E+01
  -1.140  0.5252E-01  0.8012E+01
  -1.120  0.5509E-01  0.8013E+01
  -1.100  0.5768E-01  0.8014E+01
  -1.080  0.6030E-01  0.8016E+01
  -1.060  0.6294E-01  0.8017E+01
  -1.040  0.6561E-01  0.8018E+01
  -1.020  0.6833E-01  0.8020E+01
  -1.000  0.7108E-01  0.8021E+01
  -0.980  0.7385E-01  0.8022E+01
  -0.960  0.7665E-01  0.8024E+01
  -0.940  0.7950E-01  0.8026E+01
  -0.920  0.8240E-01  0.8027E+01
  -0.900  0.8535E-01  0.8029E+01
  -0.880  0.8833E-01  0.8031E+01
  -0.860  0.9135E-01  0.8033E+01
  -0.840  0.9443E-01  0.8034E+01
  -0.820  0.9757E-01  0.8036E+01
  -0.800  0.1008E+00  0.8038E+01
  -0.780  0.1040E+00  0.8040E+01
  -0.760  0.1073E+00  0.8043E+01
  -0.740  0.1107E+00  0.8045E+01
  -0.720  0.1142E+00  0.8047E+01
  -0.700  0.1177E+00  0.8049E+01
  -0.680  0.1214E+00  0.8052E+01
  -0.660  0.1251E+00  0.8054E+01
  -0.640  0.1289E+00  0.8057E+01
  -0.620  0.1327E+00  0.8060E+01
  -0.600  0.1368E+00  0.8062E+01
  -0.580  0.1409E+00  0.8065E+01
  -0.560  0.1452E+00  0.8068E+01
  -0.540  0.1495E+00  0.8071E+01
  -0.520  0.1540E+00  0.8074E+01
  -0.500  0.1587E+00  0.8077E+01
  -0.480  0.1636E+00  0.8081E+01
  -0.460  0.1687E+00  0.8084E+01
  -0.440  0.1739E+00  0.8087E+01
  -0.420  0.1793E+00  0.8091E+01
  -0.400  0.1850E+00  0.8095E+01
  -0.380  0.1910E+00  0.8099E+01
  -0.360  0.1973E+00  0.8103E+01
  -0.340  0.2038E+00  0.8107E+01
  -0.320  0.2107E+00  0.8111E+01
  -0.300  0.2180E+00  0.8115E+01
  -0.280  0.2259E+00  0.8120E+01
  -0.260  0.2343E+00  0.8124E+01
  -0.240  0.2433E+00  0.8129E+01
  -0.220  0.2529E+00  0.8134E+01
  -0.200  0.2633E+00  0.8140E+01
  -0.180  0.2748E+00  0.8145E+01
  -0.160  0.2876E+00  0.8151E+01
  -0.140  0.3020E+00  0.8157E+01
  -0.120  0.3183E+00  0.8163E+01
  -0.100  0.3372E+00  0.8170E+01
  -0.080  0.3596E+00  0.8177E+01
  -0.060  0.3865E+00  0.8185E+01
  -0.040  0.4188E+00  0.8193E+01
  -0.020  0.4567E+00  0.8202E+01
  -0.000  0.4997E+00  0.8212E+01
   0.020  0.5457E+00  0.8223E+01
   0.040  0.5913E+00  0.8235E+01
   0.060  0.6318E+00  0.8248E+01
   0.080  0.6622E+00  0.8261E+01
   0.100  0.6786E+00  0.8275E+01
   0.120  0.6796E+00  0.8288E+01
   0.140  0.6664E+00  0.8302E+01
   0.160  0.6428E+00  0.8314E+01
   0.180  0.6131E+00  0.8327E+01
   0.200  0.5816E+00  0.8338E+01
   0.220  0.5515E+00  0.8349E+01
   0.240  0.5244E+00  0.8360E+01
   0.260  0.5011E+00  0.8370E+01
   0.280  0.4816E+00  0.8379E+01
   0.300  0.4653E+00  0.8389E+01
   0.320  0.4514E+00  0.8398E+01
   0.340  0.4393E+00  0.8407E+01
   0.360  0.4285E+00  0.8415E+01
   0.380  0.4189E+00  0.8423E+01
   0.400  0.4103E+00  0.8432E+01
   0.420  0.4025E+00  0.8440E+01
   0.440  0.3955E+00  0.8448E+01
   0.460  0.3889E+00  0.8455E+01
   0.480  0.3826E+00  0.8463E+01
   0.500  0.3767E+00  0.8471E+01
   0.520  0.3712E+00  0.8478E+01
   0.540  0.3663E+00  0.8485E+01
   0.560  0.3616E+00  0.8493E+01
   0.580  0.3572E+00  0.8500E+01
   0.600  0.3528E+00  0.8507E+01
   0.620  0.3486E+00  0.8514E+01
   0.640  0.3448E+00  0.8521E+01
   0.660  0.3415E+00  0.8528E+01
   0.680  0.3389E+00  0.8534E+01
   0.700  0.3372E+00  0.8541E+01
   0.720  0.3369E+00  0.8548E+01
   0.740  0.3391E+00  0.8555E+01
   0.760  0.3448E+00  0.8561E+01
   0.780  0.3550E+00  0.8569E+01
   0.800  0.3701E+00  0.8576E+01
   0.820  0.3895E+00  0.8584E+01
   0.840  0.4120E+00  0.8592E+01
   0.860  0.4355E+00  0.8601E+01
   0.880  0.4580E+00  0.8610E+01
   0.900  0.4776E+00  0.8619E+01
   0.920  0.4930E+00  0.8629E+01
   0.940  0.5039E+00  0.8639E+01
   0.960  0.5106E+00  0.8650E+01
   0.980  0.5137E+00  0.8660E+01
   1.000  0.5145E+00  0.8670E+01
   1.020  0.5140E+00  0.8680E+01
   1.040  0.5129E+00  0.8691E+01
   1.060  0.5116E+00  0.8701E+01
   1.080  0.5100E+00  0.8711E+01
   1.100  0.5082E+00  0.8721E+01
   1.120  0.5062E+00  0.8731E+01
   1.140  0.5043E+00  0.8741E+01
   1.160  0.5027E+00  0.8752E+01
   1.180  0.5012E+00  0.8762E+01
   1.200  0.4998E+00  0.8772E+01
   1.220  0.4983E+00  0.8781E+01
   1.240  0.4966E+00  0.8791E+01
   1.260  0.4948E+00  0.8801E+01
   1.280  0.4933E+00  0.8811E+01
   1.300  0.4919E+00  0.8821E+01
   1.320  0.4907E+00  0.8831E+01
   1.340  0.4895E+00  0.8841E+01
   1.360  0.4880E+00  0.8850E+01
   1.380  0.4865E+00  0.8860E+01
   1.400  0.4849E+00  0.8870E+01
   1.420  0.4836E+00  0.8879E+01
   1.440  0.4825E+00  0.8889E+01
   1.460  0.4815E+00  0.8899E+01
   1.480  0.4803E+00  0.8908E+01
   1.500  0.4790E+00  0.8918E+01
   1.520  0.4775E+00  0.8928E+01
   1.540  0.4762E+00  0.8937E+01
   1.560  0.4751E+00  0.8947E+01
   1.580  0.4742E+00  0.8956E+01
   1.600  0.4733E+00  0.8965E+01
   1.620  0.4722E+00  0.8975E+01
   1.640  0.4709E+00  0.8984E+01
   1.660  0.4696E+00  0.8994E+01
   1.680  0.4685E+00  0.9003E+01
   1.700  0.4678E+00  0.9012E+01
   1.720  0.4676E+00  0.9022E+01
   1.740  0.4679E+00  0.9031E+01
   1.760  0.4691E+00  0.9041E+01
   1.780  0.4720E+00  0.9050E+01
   1.800  0.4779E+00  0.9060E+01
   1.820  0.4879E+00  0.9069E+01
   1.840  0.5027E+00  0.9079E+01
   1.860  0.5223E+00  0.9090E+01
   1.880  0.5456E+00  0.9101E+01
   1.900  0.5708E+00  0.9112E+01
   1.920  0.5958E+00  0.9124E+01
   1.940  0.6188E+00  0.9136E+01
   1.960  0.6380E+00  0.9149E+01
   1.980  0.6529E+00  0.9162E+01
   2.000  0.6632E+00  0.9176E+01
   2.020  0.6695E+00  0.9189E+01
   2.040  0.6726E+00  0.9202E+01
   2.060  0.6737E+00  0.9216E+01
   2.080  0.6737E+00  0.9229E+01
   2.100  0.6735E+00  0.9243E+01
   2.120  0.6732E+00  0.9256E+01
   2.140  0.6727E+00  0.9270E+01
   2.160  0.6720E+00  0.9283E+01
   2.180  0.6710E+00  0.9297E+01
   2.200  0.6699E+00  0.9310E+01
   2.220  0.6689E+00  0.9323E+01
   2.240  0.6682E+00  0.9337E+01
   2.260  0.6678E+00  0.9350E+01
   2.280  0.6673E+00  0.9363E+01
   2.300  0.6666E+00  0.9377E+01
   2.320  0.6657E+00  0.9390E+01
   2.340  0.6646E+00  0.9403E+01
   2.360  0.6636E+00  0.9417E+01
   2.380  0.6630E+00  0.9430E+01
   2.400  0.6626E+00  0.9443E+01
   2.420  0.6622E+00  0.9456E+01
   2.440  0.6616E+00  0.9470E+01
   2.460  0.6607E+00  0.9483E+01
   2.480  0.6596E+00  0.9496E+01
   2.500  0.6587E+00  0.9509E+01
   2.520  0.6582E+00  0.9522E+01
   2.540  0.6578E+00  0.9535E+01
   2.560  0.6575E+00  0.9549E+01
   2.580  0.6569E+00  0.9562E+01
   2.600  0.6560E+00  0.9575E+01
   2.620  0.6550E+00  0.9588E+01
   2.640  0.6541E+00  0.9601E+01
   2.660  0.6536E+00  0.9614E+01
   2.680  0.6533E+00  0.9627E+01
   2.700  0.6530E+00  0.9640E+01
   2.720  0.6525E+00  0.9653E+01
   2.740  0.6517E+00  0.9666E+01
   2.760  0.6507E+00  0.9679E+01
   2.780  0.6500E+00  0.9692E+01
   2.800  0.6498E+00  0.9705E+01
   2.820  0.6503E+00  0.9718E+01
   2.840  0.6518E+00  0.9731E+01
   2.860  0.6545E+00  0.9745E+01
   2.880  0.6594E+00  0.9758E+01
   2.900  0.6675E+00  0.9771E+01
   2.920  0.6800E+00  0.9785E+01
   2.940  0.6976E+00  0.9799E+01
   2.960  0.7199E+00  0.9813E+01
   2.980  0.7453E+00  0.9828E+01
   3.000  0.7717E+00  0.9843E+01
   3.020  0.7965E+00  0.9859E+01
   3.040  0.8179E+00  0.9876E+01
   3.060  0.8349E+00  0.9892E+01
   3.080  0.8475E+00  0.9909E+01
   3.100  0.8561E+00  0.9926E+01
   3.120  0.8614E+00  0.9944E+01
   3.140  0.8643E+00  0.9961E+01
   3.160  0.8653E+00  0.9978E+01
   3.180  0.8653E+00  0.9996E+01
   3.200  0.8647E+00  0.1001E+02
   3.220  0.8642E+00  0.1003E+02
   3.240  0.8641E+00  0.1005E+02
   3.260  0.8641E+00  0.1006E+02
   3.280  0.8640E+00  0.1008E+02
   3.300  0.8636E+00  0.1010E+02
   3.320  0.8629E+00  0.1012E+02
   3.340  0.8620E+00  0.1013E+02
   3.360  0.8614E+00  0.1015E+02
   3.380  0.8612E+00  0.1017E+02
   3.400  0.8612E+00  0.1019E+02
   3.420  0.8613E+00  0.1020E+02
   3.440  0.8612E+00  0.1022E+02
   3.460  0.8606E+00  0.1024E+02
   3.480  0.8599E+00  0.1025E+02
   3.500  0.8594E+00  0.1027E+02
   3.520  0.8592E+00  0.1029E+02
   3.540  0.8594E+00  0.1031E+02
   3.560  0.8598E+00  0.1032E+02
   3.580  0.8600E+00  0.1034E+02
   3.600  0.8599E+00  0.1036E+02
   3.620  0.8596E+00  0.1037E+02
   3.640  0.8595E+00  0.1039E+02
   3.660  0.8600E+00  0.1041E+02
   3.680  0.8611E+00  0.1043E+02
   3.700  0.8627E+00  0.1044E+02
   3.720  0.8647E+00  0.1046E+02
   3.740  0.8669E+00  0.1048E+02
   3.760  0.8695E+00  0.1050E+02
   3.780  0.8726E+00  0.1051E+02
   3.800  0.8758E+00  0.1053E+02
   3.820  0.8783E+00  0.1055E+02
   3.840  0.8787E+00  0.1057E+02
   3.860  0.8749E+00  0.1058E+02
   3.880  0.8654E+00  0.1060E+02
   3.900  0.8495E+00  0.1062E+02
   3.920  0.8280E+00  0.1063E+02
   3.940  0.8036E+00  0.1065E+02
   3.960  0.7799E+00  0.1067E+02
   3.980  0.7611E+00  0.1068E+02
   4.000  0.7506E+00  0.1070E+02
   4.020  0.7503E+00  0.1071E+02
   4.040  0.7602E+00  0.1073E+02
   4.060  0.7785E+00  0.1074E+02
   4.080  0.8018E+00  0.1076E+02
   4.100  0.8261E+00  0.1077E+02
   4.120  0.8476E+00  0.1079E+02
   4.140  0.8637E+00  0.1081E+02
   4.160  0.8729E+00  0.1083E+02
   4.180  0.8760E+00  0.1084E+02
   4.200  0.8744E+00  0.1086E+02
   4.220  0.8706E+00  0.1088E+02
   4.240  0.8663E+00  0.1090E+02
   4.260  0.8628E+00  0.1091E+02
   4.280  0.8602E+00  0.1093E+02
   4.300  0.8584E+00  0.1095E+02
   4.320  0.8573E+00  0.1096E+02
   4.340  0.8567E+00  0.1098E+02
   4.360  0.8568E+00  0.1100E+02
   4.380  0.8577E+00  0.1102E+02
   4.400  0.8591E+00  0.1103E+02
   4.420  0.8604E+00  0.1105E+02
   4.440  0.8608E+00  0.1107E+02
   4.460  0.8586E+00  0.1108E+02
   4.480  0.8527E+00  0.1110E+02
   4.500  0.8423E+00  0.1112E+02
   4.520  0.8280E+00  0.1114E+02
   4.540  0.8120E+00  0.1115E+02
   4.560  0.7974E+00  0.1117E+02
   4.580  0.7876E+00  0.1118E+02
   4.600  0.7847E+00  0.1120E+02
   4.620  0.7894E+00  0.1121E+02
   4.640  0.8004E+00  0.1123E+02
   4.660  0.8155E+00  0.1125E+02
   4.680  0.8320E+00  0.1126E+02
   4.700  0.8482E+00  0.1128E+02
   4.720  0.8636E+00  0.1130E+02
   4.740  0.8787E+00  0.1132E+02
   4.760  0.8948E+00  0.1133E+02
   4.780  0.9128E+00  0.1135E+02
   4.800  0.9337E+00  0.1137E+02
   4.820  0.9573E+00  0.1139E+02
   4.840  0.9827E+00  0.1141E+02
   4.860  0.1008E+01  0.1143E+02
   4.880  0.1032E+01  0.1145E+02
   4.900  0.1052E+01  0.1147E+02
   4.920  0.1068E+01  0.1149E+02
   4.940  0.1080E+01  0.1151E+02
   4.960  0.1091E+01  0.1154E+02
   4.980  0.1100E+01  0.1156E+02
   5.000  0.1109E+01  0.1158E+02
   5.020  0.1117E+01  0.1160E+02
   5.040  0.1122E+01  0.1162E+02
   5.060  0.1120E+01  0.1165E+02
   5.080  0.1110E+01  0.1167E+02
   5.100  0.1091E+01  0.1169E+02
   5.120  0.1063E+01  0.1171E+02
   5.140  0.1028E+01  0.1173E+02
   5.160  0.9884E+00  0.1175E+02
   5.180  0.9475E+00  0.1177E+02
   5.200  0.9085E+00  0.1179E+02
   5.220  0.8752E+00  0.1181E+02
   5.240  0.8517E+00  0.1182E+02
   5.260  0.8415E+00  0.1184E+02
   5.280  0.8473E+00  0.1186E+02
   5.300  0.8695E+00  0.1188E+02
   5.320  0.9062E+00  0.1189E+02
   5.340  0.9529E+00  0.1191E+02
   5.360  0.1003E+01  0.1193E+02
   5.380  0.1049E+01  0.1195E+02
   5.400  0.1086E+01  0.1198E+02
   5.420  0.1111E+01  0.1200E+02
   5.440  0.1123E+01  0.1202E+02
   5.460  0.1125E+01  0.1204E+02
   5.480  0.1119E+01  0.1206E+02
   5.500  0.1111E+01  0.1209E+02
   5.520  0.1101E+01  0.1211E+02
   5.540  0.1092E+01  0.1213E+02
   5.560  0.1084E+01  0.1215E+02
   5.580  0.1079E+01  0.1217E+02
   5.600  0.1077E+01  0.1220E+02
   5.620  0.1076E+01  0.1222E+02
   5.640  0.1078E+01  0.1224E+02
   5.660  0.1084E+01  0.1226E+02
   5.680  0.1097E+01  0.1228E+02
   5.700  0.1119E+01  0.1230E+02
   5.720  0.1152E+01  0.1233E+02
   5.740  0.1197E+01  0.1235E+02
   5.760  0.1252E+01  0.1238E+02
   5.780  0.1315E+01  0.1240E+02
   5.800  0.1380E+01  0.1243E+02
   5.820  0.1441E+01  0.1246E+02
   5.840  0.1494E+01  0.1249E+02
   5.860  0.1537E+01  0.1252E+02
   5.880  0.1566E+01  0.1255E+02
   5.900  0.1584E+01  0.1258E+02
   5.920  0.1591E+01  0.1261E+02
   5.940  0.1590E+01  0.1265E+02
   5.960  0.1583E+01  0.1268E+02
   5.980  0.1573E+01  0.1271E+02
   6.000  0.1562E+01  0.1274E+02
   6.020  0.1554E+01  0.1277E+02
   6.040  0.1549E+01  0.1280E+02
   6.060  0.1548E+01  0.1283E+02
   6.080  0.1552E+01  0.1287E+02
   6.100  0.1557E+01  0.1290E+02
   6.120  0.1562E+01  0.1293E+02
   6.140  0.1563E+01  0.1296E+02
   6.160  0.1559E+01  0.1299E+02
   6.180  0.1547E+01  0.1302E+02
   6.200  0.1530E+01  0.1305E+02
   6.220  0.1508E+01  0.1308E+02
   6.240  0.1481E+01  0.1311E+02
   6.260  0.1449E+01  0.1314E+02
   6.280  0.1411E+01  0.1317E+02
   6.300  0.1366E+01  0.1320E+02
   6.320  0.1314E+01  0.1322E+02
   6.340  0.1255E+01  0.1325E+02
   6.360  0.1194E+01  0.1327E+02
   6.380  0.1133E+01  0.1329E+02
   6.400  0.1077E+01  0.1332E+02
   6.420  0.1028E+01  0.1334E+02
   6.440  0.9871E+00  0.1336E+02
   6.460  0.9542E+00  0.1337E+02
   6.480  0.9283E+00  0.1339E+02
   6.500  0.9082E+00  0.1341E+02
   6.520  0.8928E+00  0.1343E+02
   6.540  0.8812E+00  0.1345E+02
   6.560  0.8723E+00  0.1346E+02
   6.580  0.8651E+00  0.1348E+02
   6.600  0.8588E+00  0.1350E+02
   6.620  0.8529E+00  0.1352E+02
   6.640  0.8473E+00  0.1353E+02
   6.660  0.8418E+00  0.1355E+02
   6.680  0.8362E+00  0.1357E+02
   6.700  0.8305E+00  0.1358E+02
   6.720  0.8251E+00  0.1360E+02
   6.740  0.8202E+00  0.1362E+02
   6.760  0.8162E+00  0.1363E+02
   6.780  0.8127E+00  0.1365E+02
   6.800  0.8091E+00  0.1366E+02
   6.820  0.8048E+00  0.1368E+02
   6.840  0.7999E+00  0.1370E+02
   6.860  0.7949E+00  0.1371E+02
   6.880  0.7906E+00  0.1373E+02
   6.900  0.7874E+00  0.1374E+02
   6.920  0.7848E+00  0.1376E+02
   6.940  0.7822E+00  0.1378E+02
   6.960  0.7791E+00  0.1379E+02
   6.980  0.7753E+00  0.1381E+02
   7.000  0.7712E+00  0.1382E+02
   7.020  0.7672E+00  0.1384E+02
   7.040  0.7639E+00  0.1385E+02
   7.060  0.7613E+00  0.1387E+02
   7.080  0.7592E+00  0.1388E+02
   7.100  0.7572E+00  0.1390E+02
   7.120  0.7548E+00  0.1391E+02
   7.140  0.7517E+00  0.1393E+02
   7.160  0.7481E+00  0.1394E+02
   7.180  0.7446E+00  0.1396E+02
   7.200  0.7417E+00  0.1397E+02
   7.220  0.7396E+00  0.1399E+02
   7.240  0.7382E+00  0.1400E+02
   7.260  0.7366E+00  0.1402E+02
   7.280  0.7344E+00  0.1403E+02
   7.300  0.7316E+00  0.1405E+02
   7.320  0.7285E+00  0.1406E+02
   7.340  0.7256E+00  0.1408E+02
   7.360  0.7235E+00  0.1409E+02
   7.380  0.7219E+00  0.1410E+02
   7.400  0.7204E+00  0.1412E+02
   7.420  0.7186E+00  0.1413E+02
   7.440  0.7165E+00  0.1415E+02
   7.460  0.7142E+00  0.1416E+02
   7.480  0.7121E+00  0.1418E+02
   7.500  0.7102E+00  0.1419E+02
   7.520  0.7085E+00  0.1420E+02
   7.540  0.7067E+00  0.1422E+02
   7.560  0.7046E+00  0.1423E+02
   7.580  0.7025E+00  0.1425E+02
   7.600  0.7007E+00  0.1426E+02
   7.620  0.6995E+00  0.1427E+02
   7.640  0.6986E+00  0.1429E+02
   7.660  0.6976E+00  0.1430E+02
   7.680  0.6958E+00  0.1432E+02
   7.700  0.6933E+00  0.1433E+02
   7.720  0.6904E+00  0.1434E+02
   7.740  0.6882E+00  0.1436E+02
   7.760  0.6872E+00  0.1437E+02
   7.780  0.6872E+00  0.1439E+02
   7.800  0.6874E+00  0.1440E+02
   7.820  0.6867E+00  0.1441E+02
   7.840  0.6845E+00  0.1443E+02
   7.860  0.6812E+00  0.1444E+02
   7.880  0.6781E+00  0.1445E+02
   7.900  0.6764E+00  0.1447E+02
   7.920  0.6763E+00  0.1448E+02
   7.940  0.6770E+00  0.1449E+02
   7.960  0.6773E+00  0.1451E+02
   7.980  0.6763E+00  0.1452E+02
   8.000  0.6739E+00  0.1454E+02
   8.020  0.6711E+00  0.1455E+02
   8.040  0.6689E+00  0.1456E+02
   8.060  0.6679E+00  0.1458E+02
   8.080  0.6678E+00  0.1459E+02
   8.100  0.6678E+00  0.1460E+02
   8.120  0.6674E+00  0.1462E+02
   8.140  0.6663E+00  0.1463E+02
   8.160  0.6649E+00  0.1464E+02
   8.180  0.6637E+00  0.1466E+02
   8.200  0.6629E+00  0.1467E+02
   8.220  0.6621E+00  0.1468E+02
   8.240  0.6611E+00  0.1469E+02
   8.260  0.6597E+00  0.1471E+02
   8.280  0.6584E+00  0.1472E+02
   8.300  0.6577E+00  0.1473E+02
   8.320  0.6579E+00  0.1475E+02
   8.340  0.6586E+00  0.1476E+02
   8.360  0.6590E+00  0.1477E+02
   8.380  0.6585E+00  0.1479E+02
   8.400  0.6568E+00  0.1480E+02
   8.420  0.6544E+00  0.1481E+02
   8.440  0.6523E+00  0.1483E+02
   8.460  0.6516E+00  0.1484E+02
   8.480  0.6526E+00  0.1485E+02
   8.500  0.6548E+00  0.1487E+02
   8.520  0.6570E+00  0.1488E+02
   8.540  0.6579E+00  0.1489E+02
   8.560  0.6568E+00  0.1491E+02
   8.580  0.6539E+00  0.1492E+02
   8.600  0.6508E+00  0.1493E+02
   8.620  0.6493E+00  0.1494E+02
   8.640  0.6506E+00  0.1496E+02
   8.660  0.6544E+00  0.1497E+02
   8.680  0.6590E+00  0.1498E+02
   8.700  0.6623E+00  0.1500E+02
   8.720  0.6626E+00  0.1501E+02
   8.740  0.6605E+00  0.1502E+02
   8.760  0.6577E+00  0.1504E+02
   8.780  0.6568E+00  0.1505E+02
   8.800  0.6595E+00  0.1506E+02
   8.820  0.6659E+00  0.1508E+02
   8.840  0.6750E+00  0.1509E+02
   8.860  0.6856E+00  0.1510E+02
   8.880  0.6974E+00  0.1512E+02
   8.900  0.7121E+00  0.1513E+02
   8.920  0.7328E+00  0.1515E+02
   8.940  0.7623E+00  0.1516E+02
   8.960  0.8018E+00  0.1518E+02
   8.980  0.8493E+00  0.1519E+02
   9.000  0.8992E+00  0.1521E+02
   9.020  0.9438E+00  0.1523E+02
   9.040  0.9757E+00  0.1525E+02
   9.060  0.9897E+00  0.1527E+02
   9.080  0.9850E+00  0.1529E+02
   9.100  0.9647E+00  0.1531E+02
   9.120  0.9346E+00  0.1533E+02
   9.140  0.9013E+00  0.1535E+02
   9.160  0.8698E+00  0.1536E+02
   9.180  0.8430E+00  0.1538E+02
   9.200  0.8216E+00  0.1540E+02
   9.220  0.8048E+00  0.1541E+02
   9.240  0.7911E+00  0.1543E+02
   9.260  0.7796E+00  0.1544E+02
   9.280  0.7701E+00  0.1546E+02
   9.300  0.7628E+00  0.1547E+02
   9.320  0.7584E+00  0.1549E+02
   9.340  0.7565E+00  0.1551E+02
   9.360  0.7561E+00  0.1552E+02
   9.380  0.7546E+00  0.1554E+02
   9.400  0.7491E+00  0.1555E+02
   9.420  0.7375E+00  0.1557E+02
   9.440  0.7190E+00  0.1558E+02
   9.460  0.6947E+00  0.1559E+02
   9.480  0.6668E+00  0.1561E+02
   9.500  0.6379E+00  0.1562E+02
   9.520  0.6097E+00  0.1563E+02
   9.540  0.5831E+00  0.1564E+02
   9.560  0.5581E+00  0.1565E+02
   9.580  0.5344E+00  0.1567E+02
   9.600  0.5119E+00  0.1568E+02
   9.620  0.4909E+00  0.1569E+02
   9.640  0.4718E+00  0.1569E+02
   9.660  0.4553E+00  0.1570E+02
   9.680  0.4420E+00  0.1571E+02
   9.700  0.4321E+00  0.1572E+02
   9.720  0.4260E+00  0.1573E+02
   9.740  0.4231E+00  0.1574E+02
   9.760  0.4225E+00  0.1575E+02
   9.780  0.4226E+00  0.1576E+02
   9.800  0.4217E+00  0.1576E+02
   9.820  0.4181E+00  0.1577E+02
   9.840  0.4107E+00  0.1578E+02
   9.860  0.3988E+00  0.1579E+02
   9.880  0.3824E+00  0.1580E+02
   9.900  0.3619E+00  0.1580E+02
   9.920  0.3380E+00  0.1581E+02
   9.940  0.3117E+00  0.1582E+02
   9.960  0.2842E+00  0.1582E+02
   9.980  0.2573E+00  0.1583E+02
  10.000  0.2331E+00  0.1583E+02
  10.020  0.2136E+00  0.1584E+02
  10.040  0.2000E+00  0.1584E+02
  10.060  0.1924E+00  0.1584E+02
  10.080  0.1892E+00  0.1585E+02
  10.100  0.1877E+00  0.1585E+02
  10.120  0.1855E+00  0.1585E+02
  10.140  0.1809E+00  0.1586E+02
  10.160  0.1742E+00  0.1586E+02
  10.180  0.1670E+00  0.1587E+02
  10.200  0.1617E+00  0.1587E+02
  10.220  0.1595E+00  0.1587E+02
  10.240  0.1601E+00  0.1588E+02
  10.260  0.1616E+00  0.1588E+02
  10.280  0.1618E+00  0.1588E+02
  10.300  0.1591E+00  0.1588E+02
  10.320  0.1538E+00  0.1589E+02
  10.340  0.1477E+00  0.1589E+02
  10.360  0.1429E+00  0.1589E+02
  10.380  0.1409E+00  0.1590E+02
  10.400  0.1413E+00  0.1590E+02
  10.420  0.1428E+00  0.1590E+02
  10.440  0.1433E+00  0.1590E+02
  10.460  0.1416E+00  0.1591E+02
  10.480  0.1379E+00  0.1591E+02
  10.500  0.1332E+00  0.1591E+02
  10.520  0.1293E+00  0.1592E+02
  10.540  0.1271E+00  0.1592E+02
  10.560  0.1266E+00  0.1592E+02
  10.580  0.1272E+00  0.1592E+02
  10.600  0.1276E+00  0.1593E+02
  10.620  0.1269E+00  0.1593E+02
  10.640  0.1249E+00  0.1593E+02
  10.660  0.1221E+00  0.1593E+02
  10.680  0.1191E+00  0.1594E+02
  10.700  0.1165E+00  0.1594E+02
  10.720  0.1149E+00  0.1594E+02
  10.740  0.1143E+00  0.1594E+02
  10.760  0.1144E+00  0.1595E+02
  10.780  0.1145E+00  0.1595E+02
  10.800  0.1140E+00  0.1595E+02
  10.820  0.1125E+00  0.1595E+02
  10.840  0.1099E+00  0.1595E+02
  10.860  0.1068E+00  0.1596E+02
  10.880  0.1042E+00  0.1596E+02
  10.900  0.1027E+00  0.1596E+02
  10.920  0.1024E+00  0.1596E+02
  10.940  0.1028E+00  0.1596E+02
  10.960  0.1028E+00  0.1597E+02
  10.980  0.1016E+00  0.1597E+02
  11.000  0.9921E-01  0.1597E+02
  11.020  0.9615E-01  0.1597E+02
  11.040  0.9349E-01  0.1597E+02
  11.060  0.9213E-01  0.1598E+02
  11.080  0.9235E-01  0.1598E+02
  11.100  0.9381E-01  0.1598E+02
  11.120  0.9571E-01  0.1598E+02
  11.140  0.9718E-01  0.1598E+02
  11.160  0.9759E-01  0.1599E+02
  11.180  0.9664E-01  0.1599E+02
  11.200  0.9425E-01  0.1599E+02
  11.220  0.9036E-01  0.1599E+02
  11.240  0.8487E-01  0.1599E+02
  11.260  0.7761E-01  0.1599E+02
  11.280  0.6856E-01  0.1600E+02
  11.300  0.5801E-01  0.1600E+02
  11.320  0.4665E-01  0.1600E+02
  11.340  0.3539E-01  0.1600E+02
  11.360  0.2520E-01  0.1600E+02
  11.380  0.1676E-01  0.1600E+02
  11.400  0.1038E-01  0.1600E+02
  11.420  0.5970E-02  0.1600E+02
  11.440  0.3182E-02  0.1600E+02
  11.460  0.1569E-02  0.1600E+02
  11.480  0.7149E-03  0.1600E+02
  11.500  0.3007E-03  0.1600E+02
  11.520  0.1166E-03  0.1600E+02
  11.540  0.4170E-04  0.1600E+02
  11.560  0.1374E-04  0.1600E+02
  11.580  0.4166E-05  0.1600E+02
  11.600  0.1163E-05  0.1600E+02
  11.620  0.2985E-06  0.1600E+02
  11.640  0.7051E-07  0.1600E+02
  11.660  0.1531E-07  0.1600E+02
  11.680  0.3056E-08  0.1600E+02
  11.700  0.5607E-09  0.1600E+02
  11.720  0.9451E-10  0.1600E+02
  11.740  0.1463E-10  0.1600E+02
  11.760  0.2081E-11  0.1600E+02
  11.780  0.2718E-12  0.1600E+02
  11.800  0.3259E-13  0.1600E+02
  11.820  0.3587E-14  0.1600E+02
  11.840  0.3624E-15  0.1600E+02
  11.860  0.3359E-16  0.1600E+02
  11.880  0.2857E-17  0.1600E+02
  11.900  0.2229E-18  0.1600E+02
  11.920  0.1596E-19  0.1600E+02
  11.940  0.1047E-20  0.1600E+02
  11.960  0.6305E-22  0.1600E+02
  11.980  0.3480E-23  0.1600E+02
  12.000  0.1761E-24  0.1600E+02
  12.020  0.8169E-26  0.1600E+02
  12.040  0.3474E-27  0.1600E+02
  12.060  0.1354E-28  0.1600E+02
  12.080  0.4836E-30  0.1600E+02
  12.100  0.1583E-31  0.1600E+02
  12.120  0.4749E-33  0.1600E+02
  12.140  0.1305E-34  0.1600E+02
  12.160  0.3287E-36  0.1600E+02
  12.180  0.7584E-38  0.1600E+02
  12.200  0.1603E-39  0.1600E+02
  12.220  0.3104E-41  0.1600E+02
  12.240  0.5505E-43  0.1600E+02
  12.260  0.8945E-45  0.1600E+02
  12.280  0.1331E-46  0.1600E+02
  12.300  0.1815E-48  0.1600E+02
  12.320  0.2265E-50  0.1600E+02
  12.340  0.2591E-52  0.1600E+02
  12.360  0.2713E-54  0.1600E+02
  12.380  0.2602E-56  0.1600E+02
  12.400  0.2286E-58  0.1600E+02
  12.420  0.1839E-60  0.1600E+02
  12.440  0.1355E-62  0.1600E+02
  12.460  0.9138E-65  0.1600E+02
  12.480  0.5646E-67  0.1600E+02
  12.500  0.3194E-69  0.1600E+02
  12.520  0.1655E-71  0.1600E+02
  12.540  0.7850E-74  0.1600E+02
  12.560  0.3410E-76  0.1600E+02
  12.580  0.1356E-78  0.1600E+02
  12.600  0.4942E-81  0.1600E+02
  12.620  0.1779E-83  0.1600E+02
  12.640  0.1362E-84  0.1600E+02
  12.660  0.1312E-84  0.1600E+02
  12.680  0.1312E-84  0.1600E+02
  12.700  0.1312E-84  0.1600E+02
  12.720  0.1312E-84  0.1600E+02
  12.740  0.1312E-84  0.1600E+02
  12.760  0.1312E-84  0.1600E+02
  12.780  0.1312E-84  0.1600E+02
  12.800  0.1312E-84  0.1600E+02
  12.820  0.1312E-84  0.1600E+02
  12.840  0.1312E-84  0.1600E+02
  12.860  0.1312E-84  0.1600E+02
  12.880  0.1312E-84  0.1600E+02
  12.900  0.1312E-84  0.1600E+02
  12.920  0.1312E-84  0.1600E+02
  12.940  0.1312E-84  0.1600E+02
  12.960  0.1312E-84  0.1600E+02
  12.980  0.1312E-84  0.1600E+02
  13.000  0.1312E-84  0.1600E+02
  13.020  0.1312E-84  0.1600E+02
  13.040  0.1312E-84  0.1600E+02
  13.060  0.1312E-84  0.1600E+02
  13.080  0.1312E-84  0.1600E+02
  13.100  0.1312E-84  0.1600E+02
  13.120  0.1312E-84  0.1600E+02
  13.140  0.1312E-84  0.1600E+02
  13.160  0.1312E-84  0.1600E+02
  13.180  0.1312E-84  0.1600E+02
  13.200  0.1312E-84  0.1600E+02
  13.220  0.1312E-84  0.1600E+02
  13.240  0.1312E-84  0.1600E+02
  13.260  0.1312E-84  0.1600E+02
  13.280  0.1312E-84  0.1600E+02
  13.300  0.1312E-84  0.1600E+02
  13.320  0.1312E-84  0.1600E+02
  13.340  0.1312E-84  0.1600E+02
  13.360  0.1312E-84  0.1600E+02
  13.380  0.1312E-84  0.1600E+02
  13.400  0.1312E-84  0.1600E+02
  13.420  0.1312E-84  0.1600E+02
  13.440  0.1312E-84  0.1600E+02
  13.460  0.1312E-84  0.1600E+02
  13.480  0.1312E-84  0.1600E+02
  13.500  0.1312E-84  0.1600E+02
  13.520  0.1312E-84  0.1600E+02
  13.540  0.1312E-84  0.1600E+02
  13.560  0.1312E-84  0.1600E+02
  13.580  0.1312E-84  0.1600E+02
  13.600  0.1312E-84  0.1600E+02
  13.620  0.1312E-84  0.1600E+02
  13.640  0.1312E-84  0.1600E+02
  13.660  0.1312E-84  0.1600E+02
  13.680  0.1312E-84  0.1600E+02
  13.700  0.1312E-84  0.1600E+02
  13.720  0.1312E-84  0.1600E+02
  13.740  0.1312E-84  0.1600E+02
  13.760  0.1312E-84  0.1600E+02
  13.780  0.1312E-84  0.1600E+02
  13.800  0.1312E-84  0.1600E+02
  13.820  0.1312E-84  0.1600E+02
  13.840  0.1312E-84  0.1600E+02
  13.860  0.1312E-84  0.1600E+02
  13.880  0.1312E-84  0.1600E+02
  13.900  0.1312E-84  0.1600E+02
  13.920  0.1312E-84  0.1600E+02
  13.940  0.1312E-84  0.1600E+02
  13.960  0.1312E-84  0.1600E+02
  13.980  0.1312E-84  0.1600E+02
  14.000  0.1312E-84  0.1600E+02
  14.020  0.1312E-84  0.1600E+02
  14.040  0.1312E-84  0.1600E+02
  14.060  0.1312E-84  0.1600E+02
  14.080  0.1312E-84  0.1600E+02
  14.100  0.1312E-84  0.1600E+02
  14.120  0.1312E-84  0.1600E+02
  14.140  0.1312E-84  0.1600E+02
  14.160  0.1312E-84  0.1600E+02
  14.180  0.1312E-84  0.1600E+02
  14.200  0.1312E-84  0.1600E+02
  14.220  0.1312E-84  0.1600E+02
  14.240  0.1312E-84  0.1600E+02
  14.260  0.1312E-84  0.1600E+02
  14.280  0.1312E-84  0.1600E+02
  14.300  0.1312E-84  0.1600E+02
  14.320  0.1312E-84  0.1600E+02
  14.340  0.1312E-84  0.1600E+02
  14.360  0.1312E-84  0.1600E+02
  14.380  0.1312E-84  0.1600E+02
  14.400  0.1312E-84  0.1600E+02
  14.420  0.1312E-84  0.1600E+02
  14.440  0.1312E-84  0.1600E+02
  14.460  0.1312E-84  0.1600E+02
  14.480  0.1312E-84  0.1600E+02
  14.500  0.1312E-84  0.1600E+02
  14.520  0.1312E-84  0.1600E+02
  14.540  0.1312E-84  0.1600E+02
  14.560  0.1312E-84  0.1600E+02
  14.580  0.1312E-84  0.1600E+02
  14.600  0.1312E-84  0.1600E+02
  14.620  0.1312E-84  0.1600E+02
  14.640  0.1312E-84  0.1600E+02
  14.660  0.1312E-84  0.1600E+02
  14.680  0.1312E-84  0.1600E+02
  14.700  0.1312E-84  0.1600E+02
  14.720  0.1312E-84  0.1600E+02
  14.740  0.1312E-84  0.1600E+02
  14.760  0.1312E-84  0.1600E+02
  14.780  0.1312E-84  0.1600E+02
  14.800  0.1312E-84  0.1600E+02
  14.820  0.1312E-84  0.1600E+02
  14.840  0.1312E-84  0.1600E+02
  14.860  0.1312E-84  0.1600E+02
  14.880  0.1312E-84  0.1600E+02
  14.900  0.1312E-84  0.1600E+02
  14.920  0.1312E-84  0.1600E+02
  14.940  0.1312E-84  0.1600E+02
  14.960  0.1312E-84  0.1600E+02
  14.980  0.1312E-84  0.1600E+02
  15.000  0.1312E-84  0.1600E+02
