 &plot nbnd=  14, nks=   401 /
            0.000000  0.000000 -0.500000
  -19.390  -19.314  -14.271  -14.213   -9.879   -9.828   -9.433   -9.367   -7.305   -7.248
   -0.495   -0.436    1.236    1.242
            0.000000  0.000000 -0.497500
  -19.392  -19.311  -14.274  -14.210   -9.882   -9.825   -9.437   -9.362   -7.309   -7.245
   -0.500   -0.431    1.228    1.249
            0.000000  0.000000 -0.495000
  -19.398  -19.305  -14.282  -14.203   -9.889   -9.817   -9.449   -9.351   -7.318   -7.236
   -0.511   -0.419    1.217    1.256
            0.000000  0.000000 -0.492500
  -19.407  -19.296  -14.292  -14.192   -9.900   -9.807   -9.463   -9.337   -7.329   -7.224
   -0.526   -0.405    1.205    1.262
            0.000000  0.000000 -0.490000
  -19.417  -19.286  -14.303  -14.181   -9.911   -9.795   -9.480   -9.322   -7.341   -7.211
   -0.541   -0.389    1.192    1.266
            0.000000  0.000000 -0.487500
  -19.428  -19.275  -14.315  -14.168   -9.922   -9.783   -9.497   -9.306   -7.355   -7.198
   -0.558   -0.372    1.178    1.267
            0.000000  0.000000 -0.485000
  -19.439  -19.263  -14.327  -14.156   -9.934   -9.771   -9.515   -9.290   -7.368   -7.184
   -0.574   -0.355    1.164    1.267
            0.000000  0.000000 -0.482500
  -19.451  -19.250  -14.339  -14.142   -9.947   -9.758   -9.533   -9.273   -7.382   -7.169
   -0.591   -0.338    1.150    1.264
            0.000000  0.000000 -0.480000
  -19.463  -19.237  -14.352  -14.129   -9.959   -9.746   -9.551   -9.257   -7.395   -7.155
   -0.608   -0.321    1.135    1.259
            0.000000  0.000000 -0.477500
  -19.475  -19.224  -14.365  -14.116   -9.971   -9.733   -9.569   -9.241   -7.409   -7.140
   -0.625   -0.303    1.120    1.252
            0.000000  0.000000 -0.475000
  -19.487  -19.211  -14.377  -14.102   -9.984   -9.720   -9.588   -9.225   -7.423   -7.125
   -0.642   -0.286    1.105    1.243
            0.000000  0.000000 -0.472500
  -19.499  -19.198  -14.390  -14.088   -9.996   -9.707   -9.607   -9.209   -7.436   -7.110
   -0.659   -0.268    1.090    1.233
            0.000000  0.000000 -0.470000
  -19.511  -19.184  -14.402  -14.075  -10.008   -9.695   -9.625   -9.193   -7.450   -7.095
   -0.676   -0.251    1.075    1.222
            0.000000  0.000000 -0.467500
  -19.524  -19.171  -14.415  -14.061  -10.021   -9.685   -9.642   -9.177   -7.464   -7.080
   -0.693   -0.233    1.059    1.210
            0.000000  0.000000 -0.465000
  -19.536  -19.157  -14.428  -14.047  -10.033   -9.681   -9.651   -9.161   -7.478   -7.065
   -0.711   -0.215    1.043    1.197
            0.000000  0.000000 -0.462500
  -19.548  -19.143  -14.440  -14.033  -10.045   -9.692   -9.646   -9.146   -7.491   -7.049
   -0.728   -0.197    1.028    1.184
            0.000000  0.000000 -0.460000
  -19.560  -19.129  -14.453  -14.019  -10.058   -9.710   -9.635   -9.131   -7.505   -7.034
   -0.745   -0.180    1.012    1.170
            0.000000  0.000000 -0.457500
  -19.572  -19.115  -14.465  -14.005  -10.070   -9.729   -9.623   -9.115   -7.518   -7.019
   -0.762   -0.162    0.996    1.156
            0.000000  0.000000 -0.455000
  -19.584  -19.101  -14.477  -13.990  -10.082   -9.748   -9.610   -9.100   -7.532   -7.003
   -0.779   -0.144    0.981    1.141
            0.000000  0.000000 -0.452500
  -19.596  -19.087  -14.490  -13.976  -10.094   -9.768   -9.597   -9.085   -7.545   -6.988
   -0.796   -0.126    0.965    1.127
            0.000000  0.000000 -0.450000
  -19.608  -19.073  -14.502  -13.962  -10.106   -9.788   -9.583   -9.071   -7.559   -6.972
   -0.813   -0.108    0.949    1.112
            0.000000  0.000000 -0.447500
  -19.620  -19.059  -14.514  -13.947  -10.118   -9.809   -9.570   -9.056   -7.572   -6.956
   -0.830   -0.090    0.933    1.096
            0.000000  0.000000 -0.445000
  -19.632  -19.045  -14.527  -13.933  -10.130   -9.829   -9.556   -9.042   -7.585   -6.941
   -0.847   -0.072    0.917    1.081
            0.000000  0.000000 -0.442500
  -19.644  -19.030  -14.539  -13.919  -10.142   -9.850   -9.543   -9.028   -7.598   -6.925
   -0.863   -0.054    0.902    1.066
            0.000000  0.000000 -0.440000
  -19.656  -19.016  -14.551  -13.904  -10.154   -9.870   -9.529   -9.014   -7.611   -6.909
   -0.880   -0.036    0.886    1.050
            0.000000  0.000000 -0.437500
  -19.668  -19.001  -14.563  -13.890  -10.166   -9.891   -9.515   -9.000   -7.625   -6.893
   -0.897   -0.018    0.870    1.035
            0.000000  0.000000 -0.435000
  -19.679  -18.987  -14.575  -13.875  -10.178   -9.912   -9.502   -8.986   -7.638   -6.877
   -0.914   -0.000    0.854    1.020
            0.000000  0.000000 -0.432500
  -19.691  -18.972  -14.587  -13.860  -10.190   -9.933   -9.488   -8.973   -7.650   -6.861
   -0.931    0.018    0.839    1.004
            0.000000  0.000000 -0.430000
  -19.702  -18.958  -14.599  -13.846  -10.202   -9.954   -9.474   -8.960   -7.663   -6.845
   -0.948    0.036    0.823    0.989
            0.000000  0.000000 -0.427500
  -19.714  -18.943  -14.611  -13.831  -10.214   -9.976   -9.460   -8.946   -7.676   -6.829
   -0.964    0.054    0.807    0.973
            0.000000  0.000000 -0.425000
  -19.725  -18.928  -14.622  -13.816  -10.225   -9.997   -9.446   -8.934   -7.689   -6.813
   -0.981    0.072    0.792    0.958
            0.000000  0.000000 -0.422500
  -19.737  -18.914  -14.634  -13.801  -10.237  -10.018   -9.433   -8.921   -7.702   -6.797
   -0.998    0.090    0.776    0.943
            0.000000  0.000000 -0.420000
  -19.748  -18.899  -14.646  -13.786  -10.248  -10.040   -9.419   -8.908   -7.714   -6.781
   -1.014    0.108    0.761    0.927
            0.000000  0.000000 -0.417500
  -19.760  -18.884  -14.657  -13.771  -10.260  -10.062   -9.405   -8.896   -7.727   -6.764
   -1.031    0.126    0.745    0.912
            0.000000  0.000000 -0.415000
  -19.771  -18.869  -14.669  -13.756  -10.271  -10.083   -9.391   -8.884   -7.739   -6.748
   -1.048    0.144    0.730    0.897
            0.000000  0.000000 -0.412500
  -19.782  -18.854  -14.680  -13.741  -10.283  -10.105   -9.377   -8.872   -7.752   -6.732
   -1.064    0.162    0.715    0.882
            0.000000  0.000000 -0.410000
  -19.793  -18.839  -14.692  -13.726  -10.294  -10.127   -9.363   -8.860   -7.764   -6.715
   -1.081    0.180    0.700    0.867
            0.000000  0.000000 -0.407500
  -19.804  -18.824  -14.703  -13.711  -10.306  -10.149   -9.349   -8.849   -7.777   -6.699
   -1.097    0.198    0.684    0.852
            0.000000  0.000000 -0.405000
  -19.815  -18.809  -14.715  -13.696  -10.317  -10.171   -9.335   -8.838   -7.789   -6.682
   -1.114    0.216    0.669    0.837
            0.000000  0.000000 -0.402500
  -19.826  -18.794  -14.726  -13.681  -10.328  -10.193   -9.321   -8.826   -7.801   -6.666
   -1.130    0.234    0.654    0.822
            0.000000  0.000000 -0.400000
  -19.837  -18.778  -14.737  -13.666  -10.339  -10.215   -9.307   -8.816   -7.813   -6.649
   -1.146    0.251    0.639    0.807
            0.000000  0.000000 -0.397500
  -19.848  -18.763  -14.748  -13.651  -10.350  -10.237   -9.293   -8.805   -7.825   -6.632
   -1.163    0.269    0.624    0.792
            0.000000  0.000000 -0.395000
  -19.859  -18.748  -14.759  -13.635  -10.361  -10.260   -9.279   -8.794   -7.837   -6.616
   -1.179    0.287    0.609    0.778
            0.000000  0.000000 -0.392500
  -19.869  -18.733  -14.770  -13.620  -10.372  -10.282   -9.265   -8.784   -7.849   -6.599
   -1.196    0.305    0.594    0.763
            0.000000  0.000000 -0.390000
  -19.880  -18.717  -14.781  -13.605  -10.383  -10.304   -9.251   -8.774   -7.861   -6.582
   -1.212    0.323    0.580    0.748
            0.000000  0.000000 -0.387500
  -19.890  -18.702  -14.792  -13.589  -10.394  -10.327   -9.237   -8.764   -7.873   -6.565
   -1.228    0.341    0.565    0.734
            0.000000  0.000000 -0.385000
  -19.901  -18.686  -14.803  -13.574  -10.405  -10.349   -9.223   -8.755   -7.885   -6.548
   -1.244    0.358    0.550    0.720
            0.000000  0.000000 -0.382500
  -19.911  -18.671  -14.814  -13.559  -10.416  -10.372   -9.209   -8.745   -7.896   -6.531
   -1.261    0.376    0.536    0.705
            0.000000  0.000000 -0.380000
  -19.922  -18.655  -14.825  -13.543  -10.427  -10.395   -9.195   -8.736   -7.908   -6.514
   -1.277    0.394    0.521    0.691
            0.000000  0.000000 -0.377500
  -19.932  -18.640  -14.835  -13.528  -10.437  -10.417   -9.181   -8.727   -7.919   -6.497
   -1.293    0.411    0.507    0.677
            0.000000  0.000000 -0.375000
  -19.942  -18.624  -14.846  -13.512  -10.448  -10.440   -9.166   -8.718   -7.931   -6.480
   -1.309    0.429    0.493    0.663
            0.000000  0.000000 -0.372500
  -19.953  -18.608  -14.856  -13.497  -10.464  -10.458   -9.152   -8.710   -7.942   -6.463
   -1.325    0.446    0.478    0.649
            0.000000  0.000000 -0.370000
  -19.963  -18.593  -14.867  -13.481  -10.486  -10.469   -9.138   -8.701   -7.953   -6.446
   -1.341    0.463    0.464    0.635
            0.000000  0.000000 -0.367500
  -19.973  -18.577  -14.877  -13.465  -10.509  -10.479   -9.124   -8.693   -7.965   -6.429
   -1.357    0.450    0.481    0.622
            0.000000  0.000000 -0.365000
  -19.983  -18.561  -14.888  -13.450  -10.532  -10.490   -9.110   -8.685   -7.976   -6.412
   -1.373    0.436    0.498    0.608
            0.000000  0.000000 -0.362500
  -19.993  -18.545  -14.898  -13.434  -10.555  -10.500   -9.096   -8.677   -7.987   -6.395
   -1.389    0.422    0.515    0.594
            0.000000  0.000000 -0.360000
  -20.003  -18.529  -14.908  -13.418  -10.578  -10.510   -9.082   -8.670   -7.998   -6.377
   -1.405    0.408    0.532    0.581
            0.000000  0.000000 -0.357500
  -20.012  -18.514  -14.918  -13.403  -10.601  -10.521   -9.068   -8.662   -8.009   -6.360
   -1.421    0.394    0.548    0.568
            0.000000  0.000000 -0.355000
  -20.022  -18.498  -14.929  -13.387  -10.624  -10.531   -9.054   -8.655   -8.020   -6.343
   -1.437    0.381    0.554    0.565
            0.000000  0.000000 -0.352500
  -20.032  -18.482  -14.939  -13.371  -10.647  -10.541   -9.040   -8.649   -8.031   -6.325
   -1.453    0.367    0.541    0.581
            0.000000  0.000000 -0.350000
  -20.041  -18.466  -14.949  -13.355  -10.670  -10.551   -9.025   -8.642   -8.042   -6.308
   -1.469    0.353    0.528    0.597
            0.000000  0.000000 -0.347500
  -20.051  -18.450  -14.959  -13.339  -10.694  -10.561   -9.011   -8.635   -8.052   -6.290
   -1.485    0.340    0.515    0.613
            0.000000  0.000000 -0.345000
  -20.061  -18.434  -14.968  -13.323  -10.717  -10.571   -8.997   -8.629   -8.063   -6.273
   -1.501    0.326    0.502    0.629
            0.000000  0.000000 -0.342500
  -20.070  -18.418  -14.978  -13.308  -10.740  -10.581   -8.983   -8.623   -8.073   -6.255
   -1.516    0.313    0.489    0.644
            0.000000  0.000000 -0.340000
  -20.079  -18.401  -14.988  -13.292  -10.763  -10.591   -8.969   -8.617   -8.084   -6.238
   -1.532    0.300    0.477    0.659
            0.000000  0.000000 -0.337500
  -20.089  -18.385  -14.998  -13.276  -10.787  -10.600   -8.955   -8.612   -8.094   -6.220
   -1.548    0.287    0.464    0.673
            0.000000  0.000000 -0.335000
  -20.098  -18.369  -15.007  -13.260  -10.810  -10.610   -8.941   -8.606   -8.105   -6.203
   -1.564    0.274    0.451    0.687
            0.000000  0.000000 -0.332500
  -20.107  -18.353  -15.017  -13.244  -10.833  -10.620   -8.927   -8.601   -8.115   -6.185
   -1.579    0.261    0.439    0.700
            0.000000  0.000000 -0.330000
  -20.116  -18.337  -15.026  -13.228  -10.857  -10.629   -8.913   -8.596   -8.125   -6.167
   -1.595    0.248    0.427    0.712
            0.000000  0.000000 -0.327500
  -20.125  -18.320  -15.036  -13.212  -10.880  -10.639   -8.899   -8.592   -8.135   -6.149
   -1.611    0.235    0.414    0.724
            0.000000  0.000000 -0.325000
  -20.134  -18.304  -15.045  -13.196  -10.904  -10.648   -8.885   -8.587   -8.145   -6.132
   -1.626    0.222    0.402    0.734
            0.000000  0.000000 -0.322500
  -20.143  -18.288  -15.054  -13.180  -10.927  -10.658   -8.871   -8.583   -8.155   -6.114
   -1.642    0.209    0.390    0.744
            0.000000  0.000000 -0.320000
  -20.152  -18.271  -15.064  -13.164  -10.950  -10.667   -8.857   -8.579   -8.165   -6.096
   -1.657    0.197    0.378    0.751
            0.000000  0.000000 -0.317500
  -20.161  -18.255  -15.073  -13.148  -10.974  -10.676   -8.843   -8.575   -8.175   -6.078
   -1.673    0.184    0.366    0.758
            0.000000  0.000000 -0.315000
  -20.169  -18.239  -15.082  -13.132  -10.997  -10.685   -8.829   -8.571   -8.185   -6.060
   -1.688    0.172    0.354    0.762
            0.000000  0.000000 -0.312500
  -20.178  -18.222  -15.091  -13.115  -11.021  -10.695   -8.816   -8.568   -8.195   -6.042
   -1.704    0.159    0.343    0.765
            0.000000  0.000000 -0.310000
  -20.187  -18.206  -15.100  -13.099  -11.044  -10.704   -8.802   -8.565   -8.204   -6.025
   -1.719    0.147    0.331    0.766
            0.000000  0.000000 -0.307500
  -20.195  -18.189  -15.109  -13.083  -11.068  -10.713   -8.788   -8.562   -8.214   -6.007
   -1.735    0.135    0.320    0.766
            0.000000  0.000000 -0.305000
  -20.204  -18.173  -15.118  -13.067  -11.091  -10.722   -8.774   -8.559   -8.223   -5.989
   -1.750    0.123    0.308    0.764
            0.000000  0.000000 -0.302500
  -20.212  -18.156  -15.126  -13.051  -11.115  -10.730   -8.760   -8.556   -8.233   -5.971
   -1.766    0.111    0.297    0.758
            0.000000  0.000000 -0.300000
  -20.220  -18.140  -15.135  -13.035  -11.138  -10.739   -8.747   -8.554   -8.242   -5.953
   -1.781    0.099    0.286    0.746
            0.000000  0.000000 -0.297500
  -20.229  -18.123  -15.144  -13.019  -11.161  -10.748   -8.733   -8.552   -8.251   -5.935
   -1.797    0.087    0.274    0.733
            0.000000  0.000000 -0.295000
  -20.237  -18.107  -15.152  -13.002  -11.185  -10.757   -8.719   -8.550   -8.260   -5.916
   -1.812    0.075    0.263    0.721
            0.000000  0.000000 -0.292500
  -20.245  -18.090  -15.161  -12.986  -11.208  -10.765   -8.706   -8.548   -8.270   -5.898
   -1.827    0.063    0.252    0.709
            0.000000  0.000000 -0.290000
  -20.253  -18.074  -15.169  -12.970  -11.232  -10.774   -8.692   -8.546   -8.279   -5.880
   -1.843    0.052    0.241    0.697
            0.000000  0.000000 -0.287500
  -20.261  -18.057  -15.178  -12.954  -11.255  -10.783   -8.678   -8.545   -8.288   -5.862
   -1.858    0.040    0.231    0.685
            0.000000  0.000000 -0.285000
  -20.269  -18.040  -15.186  -12.938  -11.278  -10.791   -8.665   -8.544   -8.296   -5.844
   -1.873    0.029    0.220    0.674
            0.000000  0.000000 -0.282500
  -20.277  -18.024  -15.194  -12.922  -11.302  -10.799   -8.651   -8.543   -8.305   -5.826
   -1.889    0.017    0.209    0.662
            0.000000  0.000000 -0.280000
  -20.285  -18.007  -15.203  -12.905  -11.325  -10.808   -8.638   -8.542   -8.314   -5.808
   -1.904    0.006    0.199    0.651
            0.000000  0.000000 -0.277500
  -20.292  -17.991  -15.211  -12.889  -11.348  -10.816   -8.624   -8.541   -8.323   -5.789
   -1.919   -0.005    0.189    0.639
            0.000000  0.000000 -0.275000
  -20.300  -17.974  -15.219  -12.873  -11.372  -10.824   -8.611   -8.541   -8.331   -5.771
   -1.934   -0.016    0.178    0.628
            0.000000  0.000000 -0.272500
  -20.308  -17.957  -15.227  -12.857  -11.395  -10.832   -8.598   -8.541   -8.340   -5.753
   -1.950   -0.027    0.168    0.617
            0.000000  0.000000 -0.270000
  -20.315  -17.941  -15.235  -12.841  -11.418  -10.841   -8.584   -8.541   -8.348   -5.735
   -1.965   -0.038    0.158    0.606
            0.000000  0.000000 -0.267500
  -20.323  -17.924  -15.243  -12.824  -11.441  -10.849   -8.571   -8.541   -8.357   -5.716
   -1.980   -0.049    0.148    0.595
            0.000000  0.000000 -0.265000
  -20.330  -17.907  -15.251  -12.808  -11.464  -10.856   -8.558   -8.541   -8.365   -5.698
   -1.995   -0.060    0.138    0.584
            0.000000  0.000000 -0.262500
  -20.337  -17.891  -15.258  -12.792  -11.487  -10.864   -8.545   -8.542   -8.373   -5.680
   -2.010   -0.070    0.128    0.573
            0.000000  0.000000 -0.260000
  -20.345  -17.874  -15.266  -12.776  -11.510  -10.872   -8.543   -8.532   -8.381   -5.661
   -2.026   -0.081    0.118    0.562
            0.000000  0.000000 -0.257500
  -20.352  -17.857  -15.274  -12.760  -11.533  -10.880   -8.544   -8.519   -8.389   -5.643
   -2.041   -0.091    0.109    0.552
            0.000000  0.000000 -0.255000
  -20.359  -17.841  -15.281  -12.744  -11.556  -10.888   -8.545   -8.506   -8.397   -5.625
   -2.056   -0.102    0.099    0.541
            0.000000  0.000000 -0.252500
  -20.366  -17.824  -15.289  -12.728  -11.579  -10.895   -8.546   -8.493   -8.405   -5.606
   -2.071   -0.112    0.090    0.531
            0.000000  0.000000 -0.250000
  -20.373  -17.807  -15.296  -12.712  -11.602  -10.903   -8.547   -8.480   -8.413   -5.588
   -2.086   -0.122    0.080    0.521
            0.000000  0.000000 -0.247500
  -20.380  -17.791  -15.303  -12.695  -11.625  -10.910   -8.549   -8.467   -8.421   -5.569
   -2.101   -0.132    0.071    0.511
            0.000000  0.000000 -0.245000
  -20.387  -17.774  -15.311  -12.679  -11.648  -10.918   -8.551   -8.454   -8.429   -5.551
   -2.116   -0.142    0.062    0.501
            0.000000  0.000000 -0.242500
  -20.393  -17.757  -15.318  -12.663  -11.670  -10.925   -8.553   -8.441   -8.436   -5.533
   -2.131   -0.152    0.053    0.491
            0.000000  0.000000 -0.240000
  -20.400  -17.741  -15.325  -12.647  -11.693  -10.933   -8.555   -8.444   -8.429   -5.514
   -2.146   -0.162    0.044    0.481
            0.000000  0.000000 -0.237500
  -20.407  -17.724  -15.332  -12.631  -11.716  -10.940   -8.557   -8.451   -8.416   -5.496
   -2.161   -0.172    0.035    0.471
            0.000000  0.000000 -0.235000
  -20.413  -17.708  -15.339  -12.615  -11.738  -10.947   -8.560   -8.459   -8.404   -5.477
   -2.177   -0.181    0.026    0.462
            0.000000  0.000000 -0.232500
  -20.420  -17.691  -15.346  -12.599  -11.761  -10.954   -8.562   -8.466   -8.391   -5.459
   -2.192   -0.191    0.017    0.452
            0.000000  0.000000 -0.230000
  -20.426  -17.674  -15.353  -12.583  -11.783  -10.961   -8.565   -8.473   -8.379   -5.440
   -2.207   -0.200    0.009    0.443
            0.000000  0.000000 -0.227500
  -20.433  -17.658  -15.360  -12.568  -11.805  -10.968   -8.568   -8.481   -8.366   -5.422
   -2.222   -0.210    0.000    0.433
            0.000000  0.000000 -0.225000
  -20.439  -17.641  -15.367  -12.552  -11.828  -10.975   -8.571   -8.488   -8.354   -5.403
   -2.237   -0.219   -0.008    0.424
            0.000000  0.000000 -0.222500
  -20.445  -17.625  -15.374  -12.536  -11.850  -10.982   -8.574   -8.495   -8.342   -5.385
   -2.252   -0.228   -0.017    0.415
            0.000000  0.000000 -0.220000
  -20.451  -17.608  -15.380  -12.520  -11.872  -10.989   -8.577   -8.502   -8.330   -5.367
   -2.267   -0.237   -0.025    0.406
            0.000000  0.000000 -0.217500
  -20.457  -17.592  -15.387  -12.504  -11.894  -10.996   -8.581   -8.509   -8.318   -5.348
   -2.282   -0.246   -0.033    0.397
            0.000000  0.000000 -0.215000
  -20.464  -17.576  -15.393  -12.488  -11.916  -11.002   -8.584   -8.515   -8.306   -5.330
   -2.297   -0.255   -0.041    0.388
            0.000000  0.000000 -0.212500
  -20.469  -17.559  -15.400  -12.473  -11.938  -11.009   -8.588   -8.522   -8.294   -5.311
   -2.312   -0.264   -0.049    0.379
            0.000000  0.000000 -0.210000
  -20.475  -17.543  -15.406  -12.457  -11.960  -11.016   -8.592   -8.529   -8.282   -5.293
   -2.327   -0.273   -0.057    0.371
            0.000000  0.000000 -0.207500
  -20.481  -17.527  -15.413  -12.441  -11.981  -11.022   -8.596   -8.535   -8.270   -5.274
   -2.342   -0.282   -0.065    0.362
            0.000000  0.000000 -0.205000
  -20.487  -17.510  -15.419  -12.426  -12.003  -11.029   -8.600   -8.542   -8.259   -5.256
   -2.357   -0.290   -0.072    0.354
            0.000000  0.000000 -0.202500
  -20.493  -17.494  -15.425  -12.410  -12.024  -11.035   -8.604   -8.548   -8.247   -5.237
   -2.372   -0.299   -0.080    0.346
            0.000000  0.000000 -0.200000
  -20.498  -17.478  -15.431  -12.395  -12.046  -11.041   -8.609   -8.554   -8.236   -5.219
   -2.387   -0.307   -0.087    0.337
            0.000000  0.000000 -0.197500
  -20.504  -17.462  -15.437  -12.379  -12.067  -11.048   -8.613   -8.561   -8.224   -5.200
   -2.402   -0.315   -0.095    0.329
            0.000000  0.000000 -0.195000
  -20.509  -17.446  -15.443  -12.364  -12.088  -11.054   -8.618   -8.567   -8.213   -5.182
   -2.417   -0.323   -0.102    0.321
            0.000000  0.000000 -0.192500
  -20.515  -17.429  -15.449  -12.349  -12.109  -11.060   -8.623   -8.573   -8.202   -5.163
   -2.432   -0.331   -0.109    0.313
            0.000000  0.000000 -0.190000
  -20.520  -17.413  -15.455  -12.333  -12.130  -11.066   -8.627   -8.579   -8.191   -5.145
   -2.447   -0.339   -0.117    0.306
            0.000000  0.000000 -0.187500
  -20.525  -17.397  -15.461  -12.318  -12.151  -11.072   -8.632   -8.585   -8.180   -5.127
   -2.462   -0.347   -0.124    0.298
            0.000000  0.000000 -0.185000
  -20.531  -17.382  -15.467  -12.303  -12.172  -11.078   -8.637   -8.591   -8.169   -5.108
   -2.477   -0.355   -0.131    0.290
            0.000000  0.000000 -0.182500
  -20.536  -17.366  -15.472  -12.288  -12.192  -11.084   -8.642   -8.597   -8.158   -5.090
   -2.491   -0.363   -0.137    0.283
            0.000000  0.000000 -0.180000
  -20.541  -17.350  -15.478  -12.273  -12.213  -11.090   -8.648   -8.602   -8.147   -5.071
   -2.506   -0.370   -0.144    0.275
            0.000000  0.000000 -0.177500
  -20.546  -17.334  -15.484  -12.258  -12.233  -11.095   -8.653   -8.608   -8.136   -5.053
   -2.521   -0.378   -0.151    0.268
            0.000000  0.000000 -0.175000
  -20.551  -17.319  -15.489  -12.253  -12.243  -11.101   -8.658   -8.614   -8.126   -5.035
   -2.536   -0.385   -0.157    0.261
            0.000000  0.000000 -0.172500
  -20.556  -17.303  -15.495  -12.273  -12.228  -11.107   -8.664   -8.619   -8.115   -5.016
   -2.551   -0.393   -0.164    0.254
            0.000000  0.000000 -0.170000
  -20.560  -17.287  -15.500  -12.293  -12.213  -11.112   -8.669   -8.625   -8.105   -4.998
   -2.566   -0.400   -0.170    0.247
            0.000000  0.000000 -0.167500
  -20.565  -17.272  -15.505  -12.313  -12.199  -11.118   -8.675   -8.630   -8.095   -4.980
   -2.581   -0.407   -0.177    0.240
            0.000000  0.000000 -0.165000
  -20.570  -17.257  -15.511  -12.333  -12.184  -11.123   -8.681   -8.635   -8.085   -4.961
   -2.596   -0.414   -0.183    0.233
            0.000000  0.000000 -0.162500
  -20.574  -17.241  -15.516  -12.352  -12.169  -11.129   -8.686   -8.640   -8.075   -4.943
   -2.611   -0.421   -0.189    0.226
            0.000000  0.000000 -0.160000
  -20.579  -17.226  -15.521  -12.371  -12.155  -11.134   -8.692   -8.645   -8.065   -4.925
   -2.626   -0.428   -0.195    0.220
            0.000000  0.000000 -0.157500
  -20.583  -17.211  -15.526  -12.391  -12.141  -11.140   -8.698   -8.650   -8.055   -4.907
   -2.641   -0.434   -0.201    0.213
            0.000000  0.000000 -0.155000
  -20.588  -17.196  -15.531  -12.410  -12.126  -11.145   -8.704   -8.655   -8.045   -4.888
   -2.656   -0.441   -0.207    0.207
            0.000000  0.000000 -0.152500
  -20.592  -17.181  -15.536  -12.428  -12.112  -11.150   -8.710   -8.660   -8.036   -4.870
   -2.671   -0.448   -0.213    0.201
            0.000000  0.000000 -0.150000
  -20.596  -17.166  -15.541  -12.447  -12.098  -11.155   -8.716   -8.665   -8.026   -4.852
   -2.686   -0.454   -0.218    0.195
            0.000000  0.000000 -0.147500
  -20.600  -17.152  -15.546  -12.466  -12.084  -11.160   -8.722   -8.670   -8.017   -4.834
   -2.701   -0.460   -0.224    0.189
            0.000000  0.000000 -0.145000
  -20.604  -17.137  -15.550  -12.484  -12.070  -11.165   -8.728   -8.674   -8.008   -4.816
   -2.716   -0.467   -0.229    0.183
            0.000000  0.000000 -0.142500
  -20.608  -17.123  -15.555  -12.502  -12.056  -11.170   -8.734   -8.679   -7.999   -4.798
   -2.731   -0.473   -0.235    0.177
            0.000000  0.000000 -0.140000
  -20.612  -17.108  -15.560  -12.520  -12.042  -11.175   -8.740   -8.683   -7.990   -4.780
   -2.746   -0.479   -0.240    0.171
            0.000000  0.000000 -0.137500
  -20.616  -17.094  -15.564  -12.538  -12.029  -11.180   -8.746   -8.688   -7.981   -4.762
   -2.761   -0.485   -0.245    0.165
            0.000000  0.000000 -0.135000
  -20.620  -17.080  -15.569  -12.555  -12.015  -11.185   -8.752   -8.692   -7.972   -4.744
   -2.776   -0.491   -0.250    0.160
            0.000000  0.000000 -0.132500
  -20.624  -17.066  -15.573  -12.573  -12.002  -11.190   -8.758   -8.696   -7.964   -4.726
   -2.790   -0.496   -0.255    0.154
            0.000000  0.000000 -0.130000
  -20.628  -17.052  -15.577  -12.590  -11.989  -11.195   -8.764   -8.700   -7.955   -4.708
   -2.805   -0.502   -0.260    0.149
            0.000000  0.000000 -0.127500
  -20.631  -17.038  -15.582  -12.607  -11.975  -11.199   -8.770   -8.705   -7.947   -4.690
   -2.820   -0.507   -0.265    0.144
            0.000000  0.000000 -0.125000
  -20.635  -17.024  -15.586  -12.623  -11.962  -11.204   -8.776   -8.709   -7.939   -4.673
   -2.835   -0.513   -0.270    0.139
            0.000000  0.000000 -0.122500
  -20.638  -17.011  -15.590  -12.640  -11.949  -11.209   -8.783   -8.713   -7.931   -4.655
   -2.850   -0.518   -0.274    0.133
            0.000000  0.000000 -0.120000
  -20.642  -16.998  -15.594  -12.656  -11.937  -11.213   -8.789   -8.716   -7.923   -4.637
   -2.865   -0.523   -0.279    0.129
            0.000000  0.000000 -0.117500
  -20.645  -16.984  -15.598  -12.672  -11.924  -11.218   -8.795   -8.720   -7.915   -4.620
   -2.880   -0.529   -0.283    0.124
            0.000000  0.000000 -0.115000
  -20.648  -16.971  -15.602  -12.688  -11.911  -11.222   -8.801   -8.724   -7.908   -4.602
   -2.895   -0.534   -0.288    0.119
            0.000000  0.000000 -0.112500
  -20.651  -16.959  -15.606  -12.704  -11.899  -11.227   -8.807   -8.727   -7.900   -4.584
   -2.909   -0.538   -0.292    0.114
            0.000000  0.000000 -0.110000
  -20.655  -16.946  -15.610  -12.719  -11.887  -11.231   -8.813   -8.731   -7.893   -4.567
   -2.924   -0.543   -0.296    0.110
            0.000000  0.000000 -0.107500
  -20.658  -16.933  -15.614  -12.734  -11.875  -11.235   -8.819   -8.734   -7.886   -4.550
   -2.939   -0.548   -0.300    0.105
            0.000000  0.000000 -0.105000
  -20.661  -16.921  -15.618  -12.749  -11.863  -11.240   -8.825   -8.738   -7.879   -4.532
   -2.954   -0.553   -0.304    0.101
            0.000000  0.000000 -0.102500
  -20.663  -16.909  -15.621  -12.764  -11.851  -11.244   -8.830   -8.741   -7.872   -4.515
   -2.968   -0.557   -0.308    0.097
            0.000000  0.000000 -0.100000
  -20.666  -16.897  -15.625  -12.778  -11.839  -11.248   -8.836   -8.744   -7.865   -4.498
   -2.983   -0.562   -0.312    0.093
            0.000000  0.000000 -0.097500
  -20.669  -16.885  -15.628  -12.792  -11.828  -11.252   -8.842   -8.747   -7.858   -4.481
   -2.998   -0.566   -0.316    0.089
            0.000000  0.000000 -0.095000
  -20.672  -16.874  -15.632  -12.806  -11.816  -11.256   -8.848   -8.751   -7.852   -4.464
   -3.012   -0.570   -0.319    0.085
            0.000000  0.000000 -0.092500
  -20.674  -16.862  -15.635  -12.819  -11.805  -11.261   -8.853   -8.753   -7.846   -4.447
   -3.027   -0.574   -0.323    0.081
            0.000000  0.000000 -0.090000
  -20.677  -16.851  -15.638  -12.832  -11.794  -11.265   -8.859   -8.756   -7.839   -4.430
   -3.041   -0.578   -0.326    0.077
            0.000000  0.000000 -0.087500
  -20.680  -16.840  -15.642  -12.845  -11.783  -11.269   -8.864   -8.759   -7.833   -4.414
   -3.056   -0.582   -0.329    0.074
            0.000000  0.000000 -0.085000
  -20.682  -16.829  -15.645  -12.858  -11.772  -11.273   -8.870   -8.762   -7.827   -4.397
   -3.070   -0.586   -0.333    0.070
            0.000000  0.000000 -0.082500
  -20.684  -16.819  -15.648  -12.870  -11.762  -11.277   -8.875   -8.765   -7.822   -4.381
   -3.085   -0.589   -0.336    0.067
            0.000000  0.000000 -0.080000
  -20.687  -16.809  -15.651  -12.882  -11.751  -11.281   -8.880   -8.767   -7.816   -4.364
   -3.099   -0.593   -0.339    0.063
            0.000000  0.000000 -0.077500
  -20.689  -16.799  -15.654  -12.894  -11.741  -11.285   -8.885   -8.770   -7.811   -4.348
   -3.113   -0.596   -0.342    0.060
            0.000000  0.000000 -0.075000
  -20.691  -16.789  -15.657  -12.906  -11.731  -11.288   -8.890   -8.772   -7.806   -4.332
   -3.127   -0.600   -0.345    0.057
            0.000000  0.000000 -0.072500
  -20.693  -16.779  -15.659  -12.917  -11.721  -11.292   -8.895   -8.774   -7.801   -4.316
   -3.141   -0.603   -0.347    0.054
            0.000000  0.000000 -0.070000
  -20.695  -16.770  -15.662  -12.928  -11.711  -11.296   -8.900   -8.777   -7.796   -4.300
   -3.155   -0.606   -0.350    0.051
            0.000000  0.000000 -0.067500
  -20.697  -16.761  -15.665  -12.938  -11.702  -11.300   -8.904   -8.779   -7.791   -4.285
   -3.169   -0.609   -0.353    0.048
            0.000000  0.000000 -0.065000
  -20.699  -16.752  -15.667  -12.948  -11.693  -11.304   -8.909   -8.781   -7.786   -4.269
   -3.183   -0.612   -0.355    0.046
            0.000000  0.000000 -0.062500
  -20.701  -16.744  -15.670  -12.958  -11.684  -11.307   -8.913   -8.783   -7.782   -4.254
   -3.196   -0.615   -0.358    0.043
            0.000000  0.000000 -0.060000
  -20.702  -16.735  -15.672  -12.967  -11.675  -11.311   -8.917   -8.785   -7.778   -4.239
   -3.210   -0.617   -0.360    0.040
            0.000000  0.000000 -0.057500
  -20.704  -16.727  -15.675  -12.976  -11.666  -11.315   -8.922   -8.787   -7.774   -4.224
   -3.223   -0.620   -0.362    0.038
            0.000000  0.000000 -0.055000
  -20.706  -16.720  -15.677  -12.985  -11.658  -11.318   -8.926   -8.789   -7.770   -4.210
   -3.236   -0.623   -0.364    0.036
            0.000000  0.000000 -0.052500
  -20.707  -16.712  -15.679  -12.994  -11.650  -11.322   -8.929   -8.790   -7.766   -4.196
   -3.249   -0.625   -0.366    0.034
            0.000000  0.000000 -0.050000
  -20.709  -16.705  -15.681  -13.002  -11.642  -11.325   -8.933   -8.792   -7.762   -4.182
   -3.261   -0.627   -0.368    0.031
            0.000000  0.000000 -0.047500
  -20.710  -16.699  -15.683  -13.009  -11.634  -11.329   -8.937   -8.794   -7.759   -4.168
   -3.274   -0.629   -0.370    0.029
            0.000000  0.000000 -0.045000
  -20.711  -16.692  -15.685  -13.017  -11.626  -11.332   -8.940   -8.795   -7.756   -4.155
   -3.286   -0.631   -0.372    0.028
            0.000000  0.000000 -0.042500
  -20.712  -16.686  -15.687  -13.024  -11.619  -11.336   -8.943   -8.796   -7.753   -4.142
   -3.298   -0.633   -0.373    0.026
            0.000000  0.000000 -0.040000
  -20.714  -16.680  -15.688  -13.030  -11.612  -11.339   -8.946   -8.798   -7.750   -4.129
   -3.309   -0.635   -0.375    0.024
            0.000000  0.000000 -0.037500
  -20.715  -16.675  -15.690  -13.036  -11.606  -11.342   -8.949   -8.799   -7.747   -4.117
   -3.320   -0.637   -0.376    0.023
            0.000000  0.000000 -0.035000
  -20.716  -16.670  -15.691  -13.042  -11.599  -11.345   -8.952   -8.800   -7.745   -4.106
   -3.331   -0.638   -0.378    0.021
            0.000000  0.000000 -0.032500
  -20.717  -16.665  -15.693  -13.048  -11.593  -11.348   -8.954   -8.801   -7.742   -4.094
   -3.341   -0.640   -0.379    0.020
            0.000000  0.000000 -0.030000
  -20.718  -16.660  -15.694  -13.053  -11.588  -11.351   -8.957   -8.802   -7.740   -4.084
   -3.351   -0.641   -0.380    0.018
            0.000000  0.000000 -0.027500
  -20.718  -16.656  -15.695  -13.057  -11.582  -11.354   -8.959   -8.803   -7.738   -4.074
   -3.360   -0.643   -0.381    0.017
            0.000000  0.000000 -0.025000
  -20.719  -16.652  -15.696  -13.061  -11.577  -11.357   -8.961   -8.804   -7.736   -4.064
   -3.369   -0.644   -0.382    0.016
            0.000000  0.000000 -0.022500
  -20.720  -16.649  -15.697  -13.065  -11.572  -11.359   -8.963   -8.805   -7.734   -4.056
   -3.377   -0.645   -0.383    0.015
            0.000000  0.000000 -0.020000
  -20.720  -16.646  -15.698  -13.069  -11.568  -11.362   -8.964   -8.805   -7.733   -4.048
   -3.384   -0.646   -0.384    0.014
            0.000000  0.000000 -0.017500
  -20.721  -16.643  -15.699  -13.072  -11.564  -11.364   -8.966   -8.806   -7.732   -4.041
   -3.391   -0.647   -0.385    0.014
            0.000000  0.000000 -0.015000
  -20.721  -16.641  -15.700  -13.074  -11.561  -11.366   -8.967   -8.807   -7.730   -4.034
   -3.397   -0.647   -0.385    0.013
            0.000000  0.000000 -0.012500
  -20.722  -16.639  -15.700  -13.077  -11.558  -11.367   -8.968   -8.807   -7.730   -4.029
   -3.402   -0.648   -0.386    0.012
            0.000000  0.000000 -0.010000
  -20.722  -16.637  -15.701  -13.079  -11.556  -11.369   -8.969   -8.807   -7.729   -4.024
   -3.406   -0.648   -0.386    0.012
            0.000000  0.000000 -0.007500
  -20.722  -16.636  -15.701  -13.080  -11.554  -11.370   -8.970   -8.808   -7.728   -4.021
   -3.409   -0.649   -0.386    0.012
            0.000000  0.000000 -0.005000
  -20.722  -16.635  -15.702  -13.081  -11.553  -11.370   -8.970   -8.808   -7.728   -4.018
   -3.412   -0.649   -0.387    0.011
            0.000000  0.000000 -0.002500
  -20.723  -16.634  -15.702  -13.082  -11.552  -11.371   -8.970   -8.808   -7.727   -4.017
   -3.413   -0.649   -0.387    0.011
            0.000000  0.000000  0.000000
  -20.723  -16.634  -15.702  -13.082  -11.551  -11.371   -8.971   -8.808   -7.727   -4.016
   -3.414   -0.649   -0.387    0.011
            0.000000  0.000000  0.002500
  -20.723  -16.634  -15.702  -13.082  -11.552  -11.371   -8.970   -8.808   -7.727   -4.017
   -3.413   -0.649   -0.387    0.011
            0.000000  0.000000  0.005000
  -20.722  -16.635  -15.702  -13.081  -11.553  -11.370   -8.970   -8.808   -7.728   -4.018
   -3.412   -0.649   -0.387    0.011
            0.000000  0.000000  0.007500
  -20.722  -16.636  -15.701  -13.080  -11.554  -11.370   -8.970   -8.808   -7.728   -4.021
   -3.409   -0.649   -0.386    0.012
            0.000000  0.000000  0.010000
  -20.722  -16.637  -15.701  -13.079  -11.556  -11.369   -8.969   -8.807   -7.729   -4.024
   -3.406   -0.648   -0.386    0.012
            0.000000  0.000000  0.012500
  -20.722  -16.639  -15.700  -13.077  -11.558  -11.367   -8.968   -8.807   -7.730   -4.029
   -3.402   -0.648   -0.386    0.012
            0.000000  0.000000  0.015000
  -20.721  -16.641  -15.700  -13.074  -11.561  -11.366   -8.967   -8.807   -7.730   -4.034
   -3.397   -0.647   -0.385    0.013
            0.000000  0.000000  0.017500
  -20.721  -16.643  -15.699  -13.072  -11.564  -11.364   -8.966   -8.806   -7.732   -4.041
   -3.391   -0.647   -0.385    0.014
            0.000000  0.000000  0.020000
  -20.720  -16.646  -15.698  -13.069  -11.568  -11.362   -8.964   -8.805   -7.733   -4.048
   -3.384   -0.646   -0.384    0.014
            0.000000  0.000000  0.022500
  -20.720  -16.649  -15.697  -13.065  -11.572  -11.359   -8.963   -8.805   -7.734   -4.056
   -3.377   -0.645   -0.383    0.015
            0.000000  0.000000  0.025000
  -20.719  -16.652  -15.696  -13.061  -11.577  -11.357   -8.961   -8.804   -7.736   -4.064
   -3.369   -0.644   -0.382    0.016
            0.000000  0.000000  0.027500
  -20.718  -16.656  -15.695  -13.057  -11.582  -11.354   -8.959   -8.803   -7.738   -4.074
   -3.360   -0.643   -0.381    0.017
            0.000000  0.000000  0.030000
  -20.718  -16.660  -15.694  -13.053  -11.588  -11.351   -8.957   -8.802   -7.740   -4.084
   -3.351   -0.641   -0.380    0.018
            0.000000  0.000000  0.032500
  -20.717  -16.665  -15.693  -13.048  -11.593  -11.348   -8.954   -8.801   -7.742   -4.094
   -3.341   -0.640   -0.379    0.020
            0.000000  0.000000  0.035000
  -20.716  -16.670  -15.691  -13.042  -11.599  -11.345   -8.952   -8.800   -7.745   -4.106
   -3.331   -0.638   -0.378    0.021
            0.000000  0.000000  0.037500
  -20.715  -16.675  -15.690  -13.036  -11.606  -11.342   -8.949   -8.799   -7.747   -4.117
   -3.320   -0.637   -0.376    0.023
            0.000000  0.000000  0.040000
  -20.714  -16.680  -15.688  -13.030  -11.612  -11.339   -8.946   -8.798   -7.750   -4.129
   -3.309   -0.635   -0.375    0.024
            0.000000  0.000000  0.042500
  -20.712  -16.686  -15.687  -13.024  -11.619  -11.336   -8.943   -8.796   -7.753   -4.142
   -3.298   -0.633   -0.373    0.026
            0.000000  0.000000  0.045000
  -20.711  -16.692  -15.685  -13.017  -11.626  -11.332   -8.940   -8.795   -7.756   -4.155
   -3.286   -0.631   -0.372    0.028
            0.000000  0.000000  0.047500
  -20.710  -16.699  -15.683  -13.009  -11.634  -11.329   -8.937   -8.794   -7.759   -4.168
   -3.274   -0.629   -0.370    0.029
            0.000000  0.000000  0.050000
  -20.709  -16.705  -15.681  -13.002  -11.642  -11.325   -8.933   -8.792   -7.762   -4.182
   -3.261   -0.627   -0.368    0.031
            0.000000  0.000000  0.052500
  -20.707  -16.712  -15.679  -12.994  -11.650  -11.322   -8.929   -8.790   -7.766   -4.196
   -3.249   -0.625   -0.366    0.034
            0.000000  0.000000  0.055000
  -20.706  -16.720  -15.677  -12.985  -11.658  -11.318   -8.926   -8.789   -7.770   -4.210
   -3.236   -0.623   -0.364    0.036
            0.000000  0.000000  0.057500
  -20.704  -16.727  -15.675  -12.976  -11.666  -11.315   -8.922   -8.787   -7.774   -4.224
   -3.223   -0.620   -0.362    0.038
            0.000000  0.000000  0.060000
  -20.702  -16.735  -15.672  -12.967  -11.675  -11.311   -8.917   -8.785   -7.778   -4.239
   -3.210   -0.617   -0.360    0.040
            0.000000  0.000000  0.062500
  -20.701  -16.744  -15.670  -12.958  -11.684  -11.307   -8.913   -8.783   -7.782   -4.254
   -3.196   -0.615   -0.358    0.043
            0.000000  0.000000  0.065000
  -20.699  -16.752  -15.667  -12.948  -11.693  -11.304   -8.909   -8.781   -7.786   -4.269
   -3.183   -0.612   -0.355    0.046
            0.000000  0.000000  0.067500
  -20.697  -16.761  -15.665  -12.938  -11.702  -11.300   -8.904   -8.779   -7.791   -4.285
   -3.169   -0.609   -0.353    0.048
            0.000000  0.000000  0.070000
  -20.695  -16.770  -15.662  -12.928  -11.711  -11.296   -8.900   -8.777   -7.796   -4.300
   -3.155   -0.606   -0.350    0.051
            0.000000  0.000000  0.072500
  -20.693  -16.779  -15.659  -12.917  -11.721  -11.292   -8.895   -8.774   -7.801   -4.316
   -3.141   -0.603   -0.347    0.054
            0.000000  0.000000  0.075000
  -20.691  -16.789  -15.657  -12.906  -11.731  -11.288   -8.890   -8.772   -7.806   -4.332
   -3.127   -0.600   -0.345    0.057
            0.000000  0.000000  0.077500
  -20.689  -16.799  -15.654  -12.894  -11.741  -11.285   -8.885   -8.770   -7.811   -4.348
   -3.113   -0.596   -0.342    0.060
            0.000000  0.000000  0.080000
  -20.687  -16.809  -15.651  -12.882  -11.751  -11.281   -8.880   -8.767   -7.816   -4.364
   -3.099   -0.593   -0.339    0.063
            0.000000  0.000000  0.082500
  -20.684  -16.819  -15.648  -12.870  -11.762  -11.277   -8.875   -8.765   -7.822   -4.381
   -3.085   -0.589   -0.336    0.067
            0.000000  0.000000  0.085000
  -20.682  -16.829  -15.645  -12.858  -11.772  -11.273   -8.870   -8.762   -7.827   -4.397
   -3.070   -0.586   -0.333    0.070
            0.000000  0.000000  0.087500
  -20.680  -16.840  -15.642  -12.845  -11.783  -11.269   -8.864   -8.759   -7.833   -4.414
   -3.056   -0.582   -0.329    0.074
            0.000000  0.000000  0.090000
  -20.677  -16.851  -15.638  -12.832  -11.794  -11.265   -8.859   -8.756   -7.839   -4.430
   -3.041   -0.578   -0.326    0.077
            0.000000  0.000000  0.092500
  -20.674  -16.862  -15.635  -12.819  -11.805  -11.261   -8.853   -8.753   -7.846   -4.447
   -3.027   -0.574   -0.323    0.081
            0.000000  0.000000  0.095000
  -20.672  -16.874  -15.632  -12.806  -11.816  -11.256   -8.848   -8.751   -7.852   -4.464
   -3.012   -0.570   -0.319    0.085
            0.000000  0.000000  0.097500
  -20.669  -16.885  -15.628  -12.792  -11.828  -11.252   -8.842   -8.747   -7.858   -4.481
   -2.998   -0.566   -0.316    0.089
            0.000000  0.000000  0.100000
  -20.666  -16.897  -15.625  -12.778  -11.839  -11.248   -8.836   -8.744   -7.865   -4.498
   -2.983   -0.562   -0.312    0.093
            0.000000  0.000000  0.102500
  -20.663  -16.909  -15.621  -12.764  -11.851  -11.244   -8.830   -8.741   -7.872   -4.515
   -2.968   -0.557   -0.308    0.097
            0.000000  0.000000  0.105000
  -20.661  -16.921  -15.618  -12.749  -11.863  -11.240   -8.825   -8.738   -7.879   -4.532
   -2.954   -0.553   -0.304    0.101
            0.000000  0.000000  0.107500
  -20.658  -16.933  -15.614  -12.734  -11.875  -11.235   -8.819   -8.734   -7.886   -4.550
   -2.939   -0.548   -0.300    0.105
            0.000000  0.000000  0.110000
  -20.655  -16.946  -15.610  -12.719  -11.887  -11.231   -8.813   -8.731   -7.893   -4.567
   -2.924   -0.543   -0.296    0.110
            0.000000  0.000000  0.112500
  -20.651  -16.959  -15.606  -12.704  -11.899  -11.227   -8.807   -8.727   -7.900   -4.584
   -2.909   -0.538   -0.292    0.114
            0.000000  0.000000  0.115000
  -20.648  -16.971  -15.602  -12.688  -11.911  -11.222   -8.801   -8.724   -7.908   -4.602
   -2.895   -0.534   -0.288    0.119
            0.000000  0.000000  0.117500
  -20.645  -16.984  -15.598  -12.672  -11.924  -11.218   -8.795   -8.720   -7.915   -4.620
   -2.880   -0.529   -0.283    0.124
            0.000000  0.000000  0.120000
  -20.642  -16.998  -15.594  -12.656  -11.937  -11.213   -8.789   -8.716   -7.923   -4.637
   -2.865   -0.523   -0.279    0.129
            0.000000  0.000000  0.122500
  -20.638  -17.011  -15.590  -12.640  -11.949  -11.209   -8.783   -8.713   -7.931   -4.655
   -2.850   -0.518   -0.274    0.133
            0.000000  0.000000  0.125000
  -20.635  -17.024  -15.586  -12.623  -11.962  -11.204   -8.776   -8.709   -7.939   -4.673
   -2.835   -0.513   -0.270    0.139
            0.000000  0.000000  0.127500
  -20.631  -17.038  -15.582  -12.607  -11.975  -11.199   -8.770   -8.705   -7.947   -4.690
   -2.820   -0.507   -0.265    0.144
            0.000000  0.000000  0.130000
  -20.628  -17.052  -15.577  -12.590  -11.989  -11.195   -8.764   -8.700   -7.955   -4.708
   -2.805   -0.502   -0.260    0.149
            0.000000  0.000000  0.132500
  -20.624  -17.066  -15.573  -12.573  -12.002  -11.190   -8.758   -8.696   -7.964   -4.726
   -2.790   -0.496   -0.255    0.154
            0.000000  0.000000  0.135000
  -20.620  -17.080  -15.569  -12.555  -12.015  -11.185   -8.752   -8.692   -7.972   -4.744
   -2.776   -0.491   -0.250    0.160
            0.000000  0.000000  0.137500
  -20.616  -17.094  -15.564  -12.538  -12.029  -11.180   -8.746   -8.688   -7.981   -4.762
   -2.761   -0.485   -0.245    0.165
            0.000000  0.000000  0.140000
  -20.612  -17.108  -15.560  -12.520  -12.042  -11.175   -8.740   -8.683   -7.990   -4.780
   -2.746   -0.479   -0.240    0.171
            0.000000  0.000000  0.142500
  -20.608  -17.123  -15.555  -12.502  -12.056  -11.170   -8.734   -8.679   -7.999   -4.798
   -2.731   -0.473   -0.235    0.177
            0.000000  0.000000  0.145000
  -20.604  -17.137  -15.550  -12.484  -12.070  -11.165   -8.728   -8.674   -8.008   -4.816
   -2.716   -0.467   -0.229    0.183
            0.000000  0.000000  0.147500
  -20.600  -17.152  -15.546  -12.466  -12.084  -11.160   -8.722   -8.670   -8.017   -4.834
   -2.701   -0.460   -0.224    0.189
            0.000000  0.000000  0.150000
  -20.596  -17.166  -15.541  -12.447  -12.098  -11.155   -8.716   -8.665   -8.026   -4.852
   -2.686   -0.454   -0.218    0.195
            0.000000  0.000000  0.152500
  -20.592  -17.181  -15.536  -12.428  -12.112  -11.150   -8.710   -8.660   -8.036   -4.870
   -2.671   -0.448   -0.213    0.201
            0.000000  0.000000  0.155000
  -20.588  -17.196  -15.531  -12.410  -12.126  -11.145   -8.704   -8.655   -8.045   -4.888
   -2.656   -0.441   -0.207    0.207
            0.000000  0.000000  0.157500
  -20.583  -17.211  -15.526  -12.391  -12.141  -11.140   -8.698   -8.650   -8.055   -4.907
   -2.641   -0.434   -0.201    0.213
            0.000000  0.000000  0.160000
  -20.579  -17.226  -15.521  -12.371  -12.155  -11.134   -8.692   -8.645   -8.065   -4.925
   -2.626   -0.428   -0.195    0.220
            0.000000  0.000000  0.162500
  -20.574  -17.241  -15.516  -12.352  -12.169  -11.129   -8.686   -8.640   -8.075   -4.943
   -2.611   -0.421   -0.189    0.226
            0.000000  0.000000  0.165000
  -20.570  -17.257  -15.511  -12.333  -12.184  -11.123   -8.681   -8.635   -8.085   -4.961
   -2.596   -0.414   -0.183    0.233
            0.000000  0.000000  0.167500
  -20.565  -17.272  -15.505  -12.313  -12.199  -11.118   -8.675   -8.630   -8.095   -4.980
   -2.581   -0.407   -0.177    0.240
            0.000000  0.000000  0.170000
  -20.560  -17.287  -15.500  -12.293  -12.213  -11.112   -8.669   -8.625   -8.105   -4.998
   -2.566   -0.400   -0.170    0.247
            0.000000  0.000000  0.172500
  -20.556  -17.303  -15.495  -12.273  -12.228  -11.107   -8.664   -8.619   -8.115   -5.016
   -2.551   -0.393   -0.164    0.254
            0.000000  0.000000  0.175000
  -20.551  -17.319  -15.489  -12.253  -12.243  -11.101   -8.658   -8.614   -8.126   -5.035
   -2.536   -0.385   -0.157    0.261
            0.000000  0.000000  0.177500
  -20.546  -17.334  -15.484  -12.258  -12.233  -11.095   -8.653   -8.608   -8.136   -5.053
   -2.521   -0.378   -0.151    0.268
            0.000000  0.000000  0.180000
  -20.541  -17.350  -15.478  -12.273  -12.213  -11.090   -8.648   -8.602   -8.147   -5.071
   -2.506   -0.370   -0.144    0.275
            0.000000  0.000000  0.182500
  -20.536  -17.366  -15.472  -12.288  -12.192  -11.084   -8.642   -8.597   -8.158   -5.090
   -2.491   -0.363   -0.137    0.283
            0.000000  0.000000  0.185000
  -20.531  -17.382  -15.467  -12.303  -12.172  -11.078   -8.637   -8.591   -8.169   -5.108
   -2.477   -0.355   -0.131    0.290
            0.000000  0.000000  0.187500
  -20.525  -17.397  -15.461  -12.318  -12.151  -11.072   -8.632   -8.585   -8.180   -5.127
   -2.462   -0.347   -0.124    0.298
            0.000000  0.000000  0.190000
  -20.520  -17.413  -15.455  -12.333  -12.130  -11.066   -8.627   -8.579   -8.191   -5.145
   -2.447   -0.339   -0.117    0.306
            0.000000  0.000000  0.192500
  -20.515  -17.429  -15.449  -12.349  -12.109  -11.060   -8.623   -8.573   -8.202   -5.163
   -2.432   -0.331   -0.109    0.313
            0.000000  0.000000  0.195000
  -20.509  -17.446  -15.443  -12.364  -12.088  -11.054   -8.618   -8.567   -8.213   -5.182
   -2.417   -0.323   -0.102    0.321
            0.000000  0.000000  0.197500
  -20.504  -17.462  -15.437  -12.379  -12.067  -11.048   -8.613   -8.561   -8.224   -5.200
   -2.402   -0.315   -0.095    0.329
            0.000000  0.000000  0.200000
  -20.498  -17.478  -15.431  -12.395  -12.046  -11.041   -8.609   -8.554   -8.236   -5.219
   -2.387   -0.307   -0.087    0.337
            0.000000  0.000000  0.202500
  -20.493  -17.494  -15.425  -12.410  -12.024  -11.035   -8.604   -8.548   -8.247   -5.237
   -2.372   -0.299   -0.080    0.346
            0.000000  0.000000  0.205000
  -20.487  -17.510  -15.419  -12.426  -12.003  -11.029   -8.600   -8.542   -8.259   -5.256
   -2.357   -0.290   -0.072    0.354
            0.000000  0.000000  0.207500
  -20.481  -17.527  -15.413  -12.441  -11.981  -11.022   -8.596   -8.535   -8.270   -5.274
   -2.342   -0.282   -0.065    0.362
            0.000000  0.000000  0.210000
  -20.475  -17.543  -15.406  -12.457  -11.960  -11.016   -8.592   -8.529   -8.282   -5.293
   -2.327   -0.273   -0.057    0.371
            0.000000  0.000000  0.212500
  -20.469  -17.559  -15.400  -12.473  -11.938  -11.009   -8.588   -8.522   -8.294   -5.311
   -2.312   -0.264   -0.049    0.379
            0.000000  0.000000  0.215000
  -20.464  -17.576  -15.393  -12.488  -11.916  -11.002   -8.584   -8.515   -8.306   -5.330
   -2.297   -0.255   -0.041    0.388
            0.000000  0.000000  0.217500
  -20.457  -17.592  -15.387  -12.504  -11.894  -10.996   -8.581   -8.509   -8.318   -5.348
   -2.282   -0.246   -0.033    0.397
            0.000000  0.000000  0.220000
  -20.451  -17.608  -15.380  -12.520  -11.872  -10.989   -8.577   -8.502   -8.330   -5.367
   -2.267   -0.237   -0.025    0.406
            0.000000  0.000000  0.222500
  -20.445  -17.625  -15.374  -12.536  -11.850  -10.982   -8.574   -8.495   -8.342   -5.385
   -2.252   -0.228   -0.017    0.415
            0.000000  0.000000  0.225000
  -20.439  -17.641  -15.367  -12.552  -11.828  -10.975   -8.571   -8.488   -8.354   -5.403
   -2.237   -0.219   -0.008    0.424
            0.000000  0.000000  0.227500
  -20.433  -17.658  -15.360  -12.568  -11.805  -10.968   -8.568   -8.481   -8.366   -5.422
   -2.222   -0.210    0.000    0.433
            0.000000  0.000000  0.230000
  -20.426  -17.674  -15.353  -12.583  -11.783  -10.961   -8.565   -8.473   -8.379   -5.440
   -2.207   -0.200    0.009    0.443
            0.000000  0.000000  0.232500
  -20.420  -17.691  -15.346  -12.599  -11.761  -10.954   -8.562   -8.466   -8.391   -5.459
   -2.192   -0.191    0.017    0.452
            0.000000  0.000000  0.235000
  -20.413  -17.708  -15.339  -12.615  -11.738  -10.947   -8.560   -8.459   -8.404   -5.477
   -2.177   -0.181    0.026    0.462
            0.000000  0.000000  0.237500
  -20.407  -17.724  -15.332  -12.631  -11.716  -10.940   -8.557   -8.451   -8.416   -5.496
   -2.161   -0.172    0.035    0.471
            0.000000  0.000000  0.240000
  -20.400  -17.741  -15.325  -12.647  -11.693  -10.933   -8.555   -8.444   -8.429   -5.514
   -2.146   -0.162    0.044    0.481
            0.000000  0.000000  0.242500
  -20.393  -17.757  -15.318  -12.663  -11.670  -10.925   -8.553   -8.441   -8.436   -5.533
   -2.131   -0.152    0.053    0.491
            0.000000  0.000000  0.245000
  -20.387  -17.774  -15.311  -12.679  -11.648  -10.918   -8.551   -8.454   -8.429   -5.551
   -2.116   -0.142    0.062    0.501
            0.000000  0.000000  0.247500
  -20.380  -17.791  -15.303  -12.695  -11.625  -10.910   -8.549   -8.467   -8.421   -5.569
   -2.101   -0.132    0.071    0.511
            0.000000  0.000000  0.250000
  -20.373  -17.807  -15.296  -12.712  -11.602  -10.903   -8.547   -8.480   -8.413   -5.588
   -2.086   -0.122    0.080    0.521
            0.000000  0.000000  0.252500
  -20.366  -17.824  -15.289  -12.728  -11.579  -10.895   -8.546   -8.493   -8.405   -5.606
   -2.071   -0.112    0.090    0.531
            0.000000  0.000000  0.255000
  -20.359  -17.841  -15.281  -12.744  -11.556  -10.888   -8.545   -8.506   -8.397   -5.625
   -2.056   -0.102    0.099    0.541
            0.000000  0.000000  0.257500
  -20.352  -17.857  -15.274  -12.760  -11.533  -10.880   -8.544   -8.519   -8.389   -5.643
   -2.041   -0.091    0.109    0.552
            0.000000  0.000000  0.260000
  -20.345  -17.874  -15.266  -12.776  -11.510  -10.872   -8.543   -8.532   -8.381   -5.661
   -2.026   -0.081    0.118    0.562
            0.000000  0.000000  0.262500
  -20.337  -17.891  -15.258  -12.792  -11.487  -10.864   -8.545   -8.542   -8.373   -5.680
   -2.010   -0.070    0.128    0.573
            0.000000  0.000000  0.265000
  -20.330  -17.907  -15.251  -12.808  -11.464  -10.856   -8.558   -8.541   -8.365   -5.698
   -1.995   -0.060    0.138    0.584
            0.000000  0.000000  0.267500
  -20.323  -17.924  -15.243  -12.824  -11.441  -10.849   -8.571   -8.541   -8.357   -5.716
   -1.980   -0.049    0.148    0.595
            0.000000  0.000000  0.270000
  -20.315  -17.941  -15.235  -12.841  -11.418  -10.841   -8.584   -8.541   -8.348   -5.735
   -1.965   -0.038    0.158    0.606
            0.000000  0.000000  0.272500
  -20.308  -17.957  -15.227  -12.857  -11.395  -10.832   -8.598   -8.541   -8.340   -5.753
   -1.950   -0.027    0.168    0.617
            0.000000  0.000000  0.275000
  -20.300  -17.974  -15.219  -12.873  -11.372  -10.824   -8.611   -8.541   -8.331   -5.771
   -1.934   -0.016    0.178    0.628
            0.000000  0.000000  0.277500
  -20.292  -17.991  -15.211  -12.889  -11.348  -10.816   -8.624   -8.541   -8.323   -5.789
   -1.919   -0.005    0.189    0.639
            0.000000  0.000000  0.280000
  -20.285  -18.007  -15.203  -12.905  -11.325  -10.808   -8.638   -8.542   -8.314   -5.808
   -1.904    0.006    0.199    0.651
            0.000000  0.000000  0.282500
  -20.277  -18.024  -15.194  -12.922  -11.302  -10.799   -8.651   -8.543   -8.305   -5.826
   -1.889    0.017    0.209    0.662
            0.000000  0.000000  0.285000
  -20.269  -18.040  -15.186  -12.938  -11.278  -10.791   -8.665   -8.544   -8.296   -5.844
   -1.873    0.029    0.220    0.674
            0.000000  0.000000  0.287500
  -20.261  -18.057  -15.178  -12.954  -11.255  -10.783   -8.678   -8.545   -8.288   -5.862
   -1.858    0.040    0.231    0.685
            0.000000  0.000000  0.290000
  -20.253  -18.074  -15.169  -12.970  -11.232  -10.774   -8.692   -8.546   -8.279   -5.880
   -1.843    0.052    0.241    0.697
            0.000000  0.000000  0.292500
  -20.245  -18.090  -15.161  -12.986  -11.208  -10.765   -8.706   -8.548   -8.270   -5.898
   -1.827    0.063    0.252    0.709
            0.000000  0.000000  0.295000
  -20.237  -18.107  -15.152  -13.002  -11.185  -10.757   -8.719   -8.550   -8.260   -5.916
   -1.812    0.075    0.263    0.721
            0.000000  0.000000  0.297500
  -20.229  -18.123  -15.144  -13.019  -11.161  -10.748   -8.733   -8.552   -8.251   -5.935
   -1.797    0.087    0.274    0.733
            0.000000  0.000000  0.300000
  -20.220  -18.140  -15.135  -13.035  -11.138  -10.739   -8.747   -8.554   -8.242   -5.953
   -1.781    0.099    0.286    0.745
            0.000000  0.000000  0.302500
  -20.212  -18.156  -15.126  -13.051  -11.115  -10.730   -8.760   -8.556   -8.233   -5.971
   -1.766    0.111    0.297    0.758
            0.000000  0.000000  0.305000
  -20.204  -18.173  -15.118  -13.067  -11.091  -10.722   -8.774   -8.559   -8.223   -5.989
   -1.750    0.123    0.308    0.766
            0.000000  0.000000  0.307500
  -20.195  -18.189  -15.109  -13.083  -11.068  -10.713   -8.788   -8.562   -8.214   -6.007
   -1.735    0.135    0.320    0.766
            0.000000  0.000000  0.310000
  -20.187  -18.206  -15.100  -13.099  -11.044  -10.704   -8.802   -8.565   -8.204   -6.025
   -1.719    0.147    0.331    0.767
            0.000000  0.000000  0.312500
  -20.178  -18.222  -15.091  -13.115  -11.021  -10.695   -8.816   -8.568   -8.195   -6.042
   -1.704    0.159    0.343    0.765
            0.000000  0.000000  0.315000
  -20.169  -18.239  -15.082  -13.132  -10.997  -10.685   -8.829   -8.571   -8.185   -6.060
   -1.688    0.172    0.354    0.762
            0.000000  0.000000  0.317500
  -20.161  -18.255  -15.073  -13.148  -10.974  -10.676   -8.843   -8.575   -8.175   -6.078
   -1.673    0.184    0.366    0.758
            0.000000  0.000000  0.320000
  -20.152  -18.271  -15.064  -13.164  -10.950  -10.667   -8.857   -8.579   -8.165   -6.096
   -1.657    0.197    0.378    0.751
            0.000000  0.000000  0.322500
  -20.143  -18.288  -15.054  -13.180  -10.927  -10.658   -8.871   -8.583   -8.155   -6.114
   -1.642    0.209    0.390    0.744
            0.000000  0.000000  0.325000
  -20.134  -18.304  -15.045  -13.196  -10.904  -10.648   -8.885   -8.587   -8.145   -6.132
   -1.626    0.222    0.402    0.734
            0.000000  0.000000  0.327500
  -20.125  -18.320  -15.036  -13.212  -10.880  -10.639   -8.899   -8.592   -8.135   -6.149
   -1.611    0.235    0.414    0.724
            0.000000  0.000000  0.330000
  -20.116  -18.337  -15.026  -13.228  -10.857  -10.629   -8.913   -8.596   -8.125   -6.167
   -1.595    0.248    0.427    0.712
            0.000000  0.000000  0.332500
  -20.107  -18.353  -15.017  -13.244  -10.833  -10.620   -8.927   -8.601   -8.115   -6.185
   -1.579    0.261    0.439    0.700
            0.000000  0.000000  0.335000
  -20.098  -18.369  -15.007  -13.260  -10.810  -10.610   -8.941   -8.606   -8.105   -6.203
   -1.564    0.274    0.451    0.687
            0.000000  0.000000  0.337500
  -20.089  -18.385  -14.998  -13.276  -10.787  -10.600   -8.955   -8.612   -8.094   -6.220
   -1.548    0.287    0.464    0.673
            0.000000  0.000000  0.340000
  -20.079  -18.401  -14.988  -13.292  -10.763  -10.591   -8.969   -8.617   -8.084   -6.238
   -1.532    0.300    0.477    0.659
            0.000000  0.000000  0.342500
  -20.070  -18.418  -14.978  -13.308  -10.740  -10.581   -8.983   -8.623   -8.073   -6.255
   -1.516    0.313    0.489    0.644
            0.000000  0.000000  0.345000
  -20.061  -18.434  -14.968  -13.323  -10.717  -10.571   -8.997   -8.629   -8.063   -6.273
   -1.501    0.326    0.502    0.629
            0.000000  0.000000  0.347500
  -20.051  -18.450  -14.959  -13.339  -10.694  -10.561   -9.011   -8.635   -8.052   -6.290
   -1.485    0.340    0.515    0.613
            0.000000  0.000000  0.350000
  -20.041  -18.466  -14.949  -13.355  -10.670  -10.551   -9.025   -8.642   -8.042   -6.308
   -1.469    0.353    0.528    0.597
            0.000000  0.000000  0.352500
  -20.032  -18.482  -14.939  -13.371  -10.647  -10.541   -9.040   -8.649   -8.031   -6.325
   -1.453    0.367    0.541    0.581
            0.000000  0.000000  0.355000
  -20.022  -18.498  -14.929  -13.387  -10.624  -10.531   -9.054   -8.655   -8.020   -6.343
   -1.437    0.381    0.554    0.565
            0.000000  0.000000  0.357500
  -20.012  -18.514  -14.918  -13.403  -10.601  -10.521   -9.068   -8.662   -8.009   -6.360
   -1.421    0.394    0.548    0.568
            0.000000  0.000000  0.360000
  -20.003  -18.529  -14.908  -13.418  -10.578  -10.510   -9.082   -8.670   -7.998   -6.377
   -1.405    0.408    0.532    0.581
            0.000000  0.000000  0.362500
  -19.993  -18.545  -14.898  -13.434  -10.555  -10.500   -9.096   -8.677   -7.987   -6.395
   -1.389    0.422    0.515    0.594
            0.000000  0.000000  0.365000
  -19.983  -18.561  -14.888  -13.450  -10.532  -10.490   -9.110   -8.685   -7.976   -6.412
   -1.373    0.436    0.498    0.608
            0.000000  0.000000  0.367500
  -19.973  -18.577  -14.877  -13.465  -10.509  -10.479   -9.124   -8.693   -7.965   -6.429
   -1.357    0.450    0.481    0.622
            0.000000  0.000000  0.370000
  -19.963  -18.593  -14.867  -13.481  -10.486  -10.469   -9.138   -8.701   -7.953   -6.446
   -1.341    0.463    0.464    0.635
            0.000000  0.000000  0.372500
  -19.953  -18.608  -14.856  -13.497  -10.464  -10.458   -9.152   -8.710   -7.942   -6.463
   -1.325    0.446    0.478    0.649
            0.000000  0.000000  0.375000
  -19.942  -18.624  -14.846  -13.512  -10.448  -10.440   -9.166   -8.718   -7.931   -6.480
   -1.309    0.429    0.493    0.663
            0.000000  0.000000  0.377500
  -19.932  -18.640  -14.835  -13.528  -10.437  -10.417   -9.181   -8.727   -7.919   -6.497
   -1.293    0.411    0.507    0.677
            0.000000  0.000000  0.380000
  -19.922  -18.655  -14.825  -13.543  -10.427  -10.395   -9.195   -8.736   -7.908   -6.514
   -1.277    0.394    0.521    0.691
            0.000000  0.000000  0.382500
  -19.911  -18.671  -14.814  -13.559  -10.416  -10.372   -9.209   -8.745   -7.896   -6.531
   -1.261    0.376    0.536    0.705
            0.000000  0.000000  0.385000
  -19.901  -18.686  -14.803  -13.574  -10.405  -10.349   -9.223   -8.755   -7.885   -6.548
   -1.244    0.358    0.550    0.720
            0.000000  0.000000  0.387500
  -19.890  -18.702  -14.792  -13.589  -10.394  -10.327   -9.237   -8.764   -7.873   -6.565
   -1.228    0.341    0.565    0.734
            0.000000  0.000000  0.390000
  -19.880  -18.717  -14.781  -13.605  -10.383  -10.304   -9.251   -8.774   -7.861   -6.582
   -1.212    0.323    0.580    0.748
            0.000000  0.000000  0.392500
  -19.869  -18.733  -14.770  -13.620  -10.372  -10.282   -9.265   -8.784   -7.849   -6.599
   -1.196    0.305    0.594    0.763
            0.000000  0.000000  0.395000
  -19.859  -18.748  -14.759  -13.635  -10.361  -10.260   -9.279   -8.794   -7.837   -6.616
   -1.179    0.287    0.609    0.778
            0.000000  0.000000  0.397500
  -19.848  -18.763  -14.748  -13.651  -10.350  -10.237   -9.293   -8.805   -7.825   -6.632
   -1.163    0.269    0.624    0.792
            0.000000  0.000000  0.400000
  -19.837  -18.778  -14.737  -13.666  -10.339  -10.215   -9.307   -8.816   -7.813   -6.649
   -1.146    0.251    0.639    0.807
            0.000000  0.000000  0.402500
  -19.826  -18.794  -14.726  -13.681  -10.328  -10.193   -9.321   -8.826   -7.801   -6.666
   -1.130    0.234    0.654    0.822
            0.000000  0.000000  0.405000
  -19.815  -18.809  -14.715  -13.696  -10.317  -10.171   -9.335   -8.838   -7.789   -6.682
   -1.114    0.216    0.669    0.837
            0.000000  0.000000  0.407500
  -19.804  -18.824  -14.703  -13.711  -10.306  -10.149   -9.349   -8.849   -7.777   -6.699
   -1.097    0.198    0.684    0.852
            0.000000  0.000000  0.410000
  -19.793  -18.839  -14.692  -13.726  -10.294  -10.127   -9.363   -8.860   -7.764   -6.715
   -1.081    0.180    0.700    0.867
            0.000000  0.000000  0.412500
  -19.782  -18.854  -14.680  -13.741  -10.283  -10.105   -9.377   -8.872   -7.752   -6.732
   -1.064    0.162    0.715    0.882
            0.000000  0.000000  0.415000
  -19.771  -18.869  -14.669  -13.756  -10.271  -10.083   -9.391   -8.884   -7.739   -6.748
   -1.048    0.144    0.730    0.897
            0.000000  0.000000  0.417500
  -19.760  -18.884  -14.657  -13.771  -10.260  -10.062   -9.405   -8.896   -7.727   -6.764
   -1.031    0.126    0.745    0.912
            0.000000  0.000000  0.420000
  -19.748  -18.899  -14.646  -13.786  -10.248  -10.040   -9.419   -8.908   -7.714   -6.781
   -1.014    0.108    0.761    0.927
            0.000000  0.000000  0.422500
  -19.737  -18.914  -14.634  -13.801  -10.237  -10.018   -9.433   -8.921   -7.702   -6.797
   -0.998    0.090    0.776    0.943
            0.000000  0.000000  0.425000
  -19.725  -18.928  -14.622  -13.816  -10.225   -9.997   -9.446   -8.934   -7.689   -6.813
   -0.981    0.072    0.792    0.958
            0.000000  0.000000  0.427500
  -19.714  -18.943  -14.611  -13.831  -10.214   -9.976   -9.460   -8.946   -7.676   -6.829
   -0.964    0.054    0.807    0.973
            0.000000  0.000000  0.430000
  -19.702  -18.958  -14.599  -13.846  -10.202   -9.954   -9.474   -8.960   -7.663   -6.845
   -0.948    0.036    0.823    0.989
            0.000000  0.000000  0.432500
  -19.691  -18.972  -14.587  -13.860  -10.190   -9.933   -9.488   -8.973   -7.650   -6.861
   -0.931    0.018    0.839    1.004
            0.000000  0.000000  0.435000
  -19.679  -18.987  -14.575  -13.875  -10.178   -9.912   -9.502   -8.986   -7.638   -6.877
   -0.914   -0.000    0.854    1.020
            0.000000  0.000000  0.437500
  -19.668  -19.001  -14.563  -13.890  -10.166   -9.891   -9.515   -9.000   -7.625   -6.893
   -0.897   -0.018    0.870    1.035
            0.000000  0.000000  0.440000
  -19.656  -19.016  -14.551  -13.904  -10.154   -9.870   -9.529   -9.014   -7.611   -6.909
   -0.880   -0.036    0.886    1.050
            0.000000  0.000000  0.442500
  -19.644  -19.030  -14.539  -13.919  -10.142   -9.850   -9.543   -9.028   -7.598   -6.925
   -0.863   -0.054    0.902    1.066
            0.000000  0.000000  0.445000
  -19.632  -19.045  -14.527  -13.933  -10.130   -9.829   -9.556   -9.042   -7.585   -6.941
   -0.847   -0.072    0.917    1.081
            0.000000  0.000000  0.447500
  -19.620  -19.059  -14.514  -13.947  -10.118   -9.809   -9.570   -9.056   -7.572   -6.956
   -0.830   -0.090    0.933    1.096
            0.000000  0.000000  0.450000
  -19.608  -19.073  -14.502  -13.962  -10.106   -9.788   -9.583   -9.071   -7.559   -6.972
   -0.813   -0.108    0.949    1.112
            0.000000  0.000000  0.452500
  -19.596  -19.087  -14.490  -13.976  -10.094   -9.768   -9.597   -9.085   -7.545   -6.988
   -0.796   -0.126    0.965    1.127
            0.000000  0.000000  0.455000
  -19.584  -19.101  -14.477  -13.990  -10.082   -9.748   -9.610   -9.100   -7.532   -7.003
   -0.779   -0.144    0.981    1.141
            0.000000  0.000000  0.457500
  -19.572  -19.115  -14.465  -14.005  -10.070   -9.729   -9.623   -9.115   -7.518   -7.019
   -0.762   -0.162    0.996    1.156
            0.000000  0.000000  0.460000
  -19.560  -19.129  -14.453  -14.019  -10.058   -9.710   -9.635   -9.131   -7.505   -7.034
   -0.745   -0.180    1.012    1.170
            0.000000  0.000000  0.462500
  -19.548  -19.143  -14.440  -14.033  -10.045   -9.692   -9.646   -9.146   -7.491   -7.049
   -0.728   -0.197    1.028    1.184
            0.000000  0.000000  0.465000
  -19.536  -19.157  -14.428  -14.047  -10.033   -9.681   -9.651   -9.161   -7.478   -7.065
   -0.711   -0.215    1.043    1.197
            0.000000  0.000000  0.467500
  -19.524  -19.171  -14.415  -14.061  -10.021   -9.685   -9.642   -9.177   -7.464   -7.080
   -0.693   -0.233    1.059    1.210
            0.000000  0.000000  0.470000
  -19.511  -19.184  -14.402  -14.075  -10.008   -9.695   -9.625   -9.193   -7.450   -7.095
   -0.676   -0.251    1.075    1.222
            0.000000  0.000000  0.472500
  -19.499  -19.198  -14.390  -14.088   -9.996   -9.707   -9.607   -9.209   -7.436   -7.110
   -0.659   -0.268    1.090    1.233
            0.000000  0.000000  0.475000
  -19.487  -19.211  -14.377  -14.102   -9.984   -9.720   -9.588   -9.225   -7.423   -7.125
   -0.642   -0.286    1.105    1.243
            0.000000  0.000000  0.477500
  -19.475  -19.224  -14.365  -14.116   -9.971   -9.733   -9.569   -9.241   -7.409   -7.140
   -0.625   -0.303    1.120    1.252
            0.000000  0.000000  0.480000
  -19.463  -19.237  -14.352  -14.129   -9.959   -9.746   -9.551   -9.257   -7.395   -7.155
   -0.608   -0.321    1.135    1.259
            0.000000  0.000000  0.482500
  -19.451  -19.250  -14.339  -14.142   -9.947   -9.758   -9.533   -9.273   -7.382   -7.169
   -0.591   -0.338    1.150    1.264
            0.000000  0.000000  0.485000
  -19.439  -19.263  -14.327  -14.156   -9.934   -9.771   -9.515   -9.290   -7.368   -7.184
   -0.574   -0.355    1.164    1.267
            0.000000  0.000000  0.487500
  -19.428  -19.275  -14.315  -14.168   -9.922   -9.783   -9.497   -9.306   -7.355   -7.198
   -0.558   -0.372    1.178    1.267
            0.000000  0.000000  0.490000
  -19.417  -19.286  -14.303  -14.181   -9.911   -9.795   -9.480   -9.322   -7.341   -7.211
   -0.541   -0.389    1.192    1.266
            0.000000  0.000000  0.492500
  -19.407  -19.296  -14.292  -14.192   -9.900   -9.807   -9.463   -9.337   -7.329   -7.224
   -0.526   -0.405    1.205    1.262
            0.000000  0.000000  0.495000
  -19.398  -19.305  -14.282  -14.203   -9.889   -9.817   -9.449   -9.351   -7.318   -7.236
   -0.511   -0.419    1.217    1.256
            0.000000  0.000000  0.497500
  -19.392  -19.311  -14.274  -14.210   -9.882   -9.825   -9.437   -9.362   -7.309   -7.245
   -0.500   -0.431    1.228    1.249
            0.000000  0.000000  0.500000
  -19.390  -19.314  -14.271  -14.213   -9.879   -9.828   -9.433   -9.367   -7.305   -7.248
   -0.495   -0.436    1.236    1.242
