#  E (eV)   dos(E)     Int dos(E) EFermi =   -1.724 eV
 -24.000  0.1312E-84  0.2623E-86
 -23.980  0.1312E-84  0.5247E-86
 -23.960  0.1312E-84  0.7870E-86
 -23.940  0.1312E-84  0.1049E-85
 -23.920  0.1312E-84  0.1312E-85
 -23.900  0.1312E-84  0.1574E-85
 -23.880  0.1312E-84  0.1836E-85
 -23.860  0.1312E-84  0.2099E-85
 -23.840  0.1312E-84  0.2361E-85
 -23.820  0.1312E-84  0.2623E-85
 -23.800  0.1312E-84  0.2886E-85
 -23.780  0.1312E-84  0.3148E-85
 -23.760  0.1312E-84  0.3410E-85
 -23.740  0.1312E-84  0.3673E-85
 -23.720  0.1312E-84  0.3935E-85
 -23.700  0.1312E-84  0.4197E-85
 -23.680  0.1312E-84  0.4460E-85
 -23.660  0.1312E-84  0.4722E-85
 -23.640  0.1312E-84  0.4984E-85
 -23.620  0.1312E-84  0.5247E-85
 -23.600  0.1312E-84  0.5509E-85
 -23.580  0.1312E-84  0.5771E-85
 -23.560  0.1312E-84  0.6034E-85
 -23.540  0.1312E-84  0.6296E-85
 -23.520  0.1312E-84  0.6558E-85
 -23.500  0.1312E-84  0.6821E-85
 -23.480  0.1312E-84  0.7083E-85
 -23.460  0.1312E-84  0.7345E-85
 -23.440  0.1312E-84  0.7608E-85
 -23.420  0.1312E-84  0.7870E-85
 -23.400  0.1312E-84  0.8132E-85
 -23.380  0.1312E-84  0.8395E-85
 -23.360  0.1312E-84  0.8657E-85
 -23.340  0.1312E-84  0.8919E-85
 -23.320  0.1312E-84  0.9182E-85
 -23.300  0.1312E-84  0.9444E-85
 -23.280  0.1312E-84  0.9706E-85
 -23.260  0.1312E-84  0.9969E-85
 -23.240  0.1312E-84  0.1023E-84
 -23.220  0.1312E-84  0.1049E-84
 -23.200  0.1312E-84  0.1076E-84
 -23.180  0.1312E-84  0.1102E-84
 -23.160  0.1312E-84  0.1128E-84
 -23.140  0.1312E-84  0.1154E-84
 -23.120  0.1312E-84  0.1181E-84
 -23.100  0.1312E-84  0.1207E-84
 -23.080  0.1312E-84  0.1233E-84
 -23.060  0.1312E-84  0.1259E-84
 -23.040  0.1312E-84  0.1285E-84
 -23.020  0.1312E-84  0.1312E-84
 -23.000  0.1312E-84  0.1338E-84
 -22.980  0.1312E-84  0.1364E-84
 -22.960  0.1312E-84  0.1390E-84
 -22.940  0.1312E-84  0.1417E-84
 -22.920  0.1312E-84  0.1443E-84
 -22.900  0.1312E-84  0.1469E-84
 -22.880  0.1312E-84  0.1495E-84
 -22.860  0.1312E-84  0.1522E-84
 -22.840  0.1312E-84  0.1548E-84
 -22.820  0.1312E-84  0.1574E-84
 -22.800  0.1312E-84  0.1600E-84
 -22.780  0.1312E-84  0.1626E-84
 -22.760  0.1312E-84  0.1653E-84
 -22.740  0.1312E-84  0.1679E-84
 -22.720  0.1312E-84  0.1705E-84
 -22.700  0.1312E-84  0.1731E-84
 -22.680  0.1312E-84  0.1758E-84
 -22.660  0.1312E-84  0.1784E-84
 -22.640  0.1312E-84  0.1810E-84
 -22.620  0.1312E-84  0.1836E-84
 -22.600  0.1312E-84  0.1863E-84
 -22.580  0.1312E-84  0.1889E-84
 -22.560  0.1616E-84  0.1921E-84
 -22.540  0.1010E-82  0.3941E-84
 -22.520  0.2979E-80  0.5998E-82
 -22.500  0.8155E-78  0.1637E-79
 -22.480  0.2044E-75  0.4105E-77
 -22.460  0.4694E-73  0.9428E-75
 -22.440  0.9869E-71  0.1983E-72
 -22.420  0.1900E-68  0.3821E-70
 -22.400  0.3352E-66  0.6742E-68
 -22.380  0.5414E-64  0.1089E-65
 -22.360  0.8008E-62  0.1613E-63
 -22.340  0.1085E-59  0.2186E-61
 -22.320  0.1346E-57  0.2715E-59
 -22.300  0.1530E-55  0.3087E-57
 -22.280  0.1593E-53  0.3216E-55
 -22.260  0.1518E-51  0.3069E-53
 -22.240  0.1326E-49  0.2683E-51
 -22.220  0.1061E-47  0.2148E-49
 -22.200  0.7769E-46  0.1575E-47
 -22.180  0.5214E-44  0.1058E-45
 -22.160  0.3205E-42  0.6515E-44
 -22.140  0.1804E-40  0.3674E-42
 -22.120  0.9305E-39  0.1898E-40
 -22.100  0.4396E-37  0.8982E-39
 -22.080  0.1903E-35  0.3895E-37
 -22.060  0.7543E-34  0.1548E-35
 -22.040  0.2740E-32  0.5634E-34
 -22.020  0.9116E-31  0.1880E-32
 -22.000  0.2779E-29  0.5746E-31
 -21.980  0.7762E-28  0.1610E-29
 -21.960  0.1986E-26  0.4133E-28
 -21.940  0.4657E-25  0.9727E-27
 -21.920  0.1001E-23  0.2098E-25
 -21.900  0.1970E-22  0.4149E-24
 -21.880  0.3553E-21  0.7522E-23
 -21.860  0.5875E-20  0.1250E-21
 -21.840  0.8901E-19  0.1905E-20
 -21.820  0.1236E-17  0.2663E-19
 -21.800  0.1573E-16  0.3413E-18
 -21.780  0.1836E-15  0.4013E-17
 -21.760  0.1964E-14  0.4329E-16
 -21.740  0.1926E-13  0.4284E-15
 -21.720  0.1732E-12  0.3891E-14
 -21.700  0.1428E-11  0.3245E-13
 -21.680  0.1080E-10  0.2484E-12
 -21.660  0.7490E-10  0.1746E-11
 -21.640  0.4766E-09  0.1128E-10
 -21.620  0.2783E-08  0.6694E-10
 -21.600  0.1491E-07  0.3652E-09
 -21.580  0.7336E-07  0.1833E-08
 -21.560  0.3314E-06  0.8460E-08
 -21.540  0.1375E-05  0.3595E-07
 -21.520  0.5240E-05  0.1408E-06
 -21.500  0.1836E-04  0.5079E-06
 -21.480  0.5915E-04  0.1691E-05
 -21.460  0.1753E-03  0.5197E-05
 -21.440  0.4785E-03  0.1477E-04
 -21.420  0.1203E-02  0.3884E-04
 -21.400  0.2791E-02  0.9467E-04
 -21.380  0.5978E-02  0.2142E-03
 -21.360  0.1184E-01  0.4510E-03
 -21.340  0.2170E-01  0.8850E-03
 -21.320  0.3693E-01  0.1624E-02
 -21.300  0.5846E-01  0.2793E-02
 -21.280  0.8635E-01  0.4520E-02
 -21.260  0.1195E+00  0.6909E-02
 -21.240  0.1554E+00  0.1002E-01
 -21.220  0.1913E+00  0.1384E-01
 -21.200  0.2240E+00  0.1832E-01
 -21.180  0.2514E+00  0.2335E-01
 -21.160  0.2724E+00  0.2880E-01
 -21.140  0.2872E+00  0.3454E-01
 -21.120  0.2967E+00  0.4048E-01
 -21.100  0.3023E+00  0.4652E-01
 -21.080  0.3054E+00  0.5263E-01
 -21.060  0.3069E+00  0.5877E-01
 -21.040  0.3076E+00  0.6492E-01
 -21.020  0.3080E+00  0.7108E-01
 -21.000  0.3082E+00  0.7725E-01
 -20.980  0.3083E+00  0.8341E-01
 -20.960  0.3084E+00  0.8958E-01
 -20.940  0.3084E+00  0.9575E-01
 -20.920  0.3085E+00  0.1019E+00
 -20.900  0.3086E+00  0.1081E+00
 -20.880  0.3086E+00  0.1143E+00
 -20.860  0.3087E+00  0.1204E+00
 -20.840  0.3088E+00  0.1266E+00
 -20.820  0.3088E+00  0.1328E+00
 -20.800  0.3089E+00  0.1390E+00
 -20.780  0.3090E+00  0.1451E+00
 -20.760  0.3091E+00  0.1513E+00
 -20.740  0.3091E+00  0.1575E+00
 -20.720  0.3092E+00  0.1637E+00
 -20.700  0.3093E+00  0.1699E+00
 -20.680  0.3093E+00  0.1761E+00
 -20.660  0.3094E+00  0.1823E+00
 -20.640  0.3095E+00  0.1884E+00
 -20.620  0.3096E+00  0.1946E+00
 -20.600  0.3096E+00  0.2008E+00
 -20.580  0.3097E+00  0.2070E+00
 -20.560  0.3098E+00  0.2132E+00
 -20.540  0.3099E+00  0.2194E+00
 -20.520  0.3099E+00  0.2256E+00
 -20.500  0.3100E+00  0.2318E+00
 -20.480  0.3101E+00  0.2380E+00
 -20.460  0.3102E+00  0.2442E+00
 -20.440  0.3102E+00  0.2504E+00
 -20.420  0.3103E+00  0.2566E+00
 -20.400  0.3104E+00  0.2628E+00
 -20.380  0.3105E+00  0.2690E+00
 -20.360  0.3106E+00  0.2753E+00
 -20.340  0.3106E+00  0.2815E+00
 -20.320  0.3107E+00  0.2877E+00
 -20.300  0.3108E+00  0.2939E+00
 -20.280  0.3109E+00  0.3001E+00
 -20.260  0.3109E+00  0.3063E+00
 -20.240  0.3110E+00  0.3126E+00
 -20.220  0.3111E+00  0.3188E+00
 -20.200  0.3112E+00  0.3250E+00
 -20.180  0.3113E+00  0.3312E+00
 -20.160  0.3114E+00  0.3375E+00
 -20.140  0.3114E+00  0.3437E+00
 -20.120  0.3115E+00  0.3499E+00
 -20.100  0.3116E+00  0.3561E+00
 -20.080  0.3117E+00  0.3624E+00
 -20.060  0.3118E+00  0.3686E+00
 -20.040  0.3119E+00  0.3749E+00
 -20.020  0.3119E+00  0.3811E+00
 -20.000  0.3120E+00  0.3873E+00
 -19.980  0.3121E+00  0.3936E+00
 -19.960  0.3122E+00  0.3998E+00
 -19.940  0.3123E+00  0.4061E+00
 -19.920  0.3124E+00  0.4123E+00
 -19.900  0.3125E+00  0.4186E+00
 -19.880  0.3125E+00  0.4248E+00
 -19.860  0.3126E+00  0.4311E+00
 -19.840  0.3127E+00  0.4373E+00
 -19.820  0.3128E+00  0.4436E+00
 -19.800  0.3129E+00  0.4498E+00
 -19.780  0.3130E+00  0.4561E+00
 -19.760  0.3131E+00  0.4624E+00
 -19.740  0.3132E+00  0.4686E+00
 -19.720  0.3133E+00  0.4749E+00
 -19.700  0.3134E+00  0.4811E+00
 -19.680  0.3134E+00  0.4874E+00
 -19.660  0.3135E+00  0.4937E+00
 -19.640  0.3136E+00  0.5000E+00
 -19.620  0.3137E+00  0.5062E+00
 -19.600  0.3138E+00  0.5125E+00
 -19.580  0.3139E+00  0.5188E+00
 -19.560  0.3140E+00  0.5251E+00
 -19.540  0.3141E+00  0.5314E+00
 -19.520  0.3142E+00  0.5376E+00
 -19.500  0.3143E+00  0.5439E+00
 -19.480  0.3144E+00  0.5502E+00
 -19.460  0.3145E+00  0.5565E+00
 -19.440  0.3146E+00  0.5628E+00
 -19.420  0.3147E+00  0.5691E+00
 -19.400  0.3148E+00  0.5754E+00
 -19.380  0.3149E+00  0.5817E+00
 -19.360  0.3150E+00  0.5880E+00
 -19.340  0.3151E+00  0.5943E+00
 -19.320  0.3152E+00  0.6006E+00
 -19.300  0.3153E+00  0.6069E+00
 -19.280  0.3154E+00  0.6132E+00
 -19.260  0.3155E+00  0.6195E+00
 -19.240  0.3156E+00  0.6258E+00
 -19.220  0.3157E+00  0.6321E+00
 -19.200  0.3158E+00  0.6385E+00
 -19.180  0.3160E+00  0.6448E+00
 -19.160  0.3161E+00  0.6511E+00
 -19.140  0.3162E+00  0.6574E+00
 -19.120  0.3163E+00  0.6638E+00
 -19.100  0.3164E+00  0.6701E+00
 -19.080  0.3165E+00  0.6764E+00
 -19.060  0.3166E+00  0.6827E+00
 -19.040  0.3167E+00  0.6891E+00
 -19.020  0.3169E+00  0.6954E+00
 -19.000  0.3170E+00  0.7018E+00
 -18.980  0.3171E+00  0.7081E+00
 -18.960  0.3172E+00  0.7144E+00
 -18.940  0.3173E+00  0.7208E+00
 -18.920  0.3174E+00  0.7271E+00
 -18.900  0.3176E+00  0.7335E+00
 -18.880  0.3177E+00  0.7398E+00
 -18.860  0.3178E+00  0.7462E+00
 -18.840  0.3179E+00  0.7526E+00
 -18.820  0.3181E+00  0.7589E+00
 -18.800  0.3182E+00  0.7653E+00
 -18.780  0.3183E+00  0.7716E+00
 -18.760  0.3184E+00  0.7780E+00
 -18.740  0.3186E+00  0.7844E+00
 -18.720  0.3187E+00  0.7908E+00
 -18.700  0.3188E+00  0.7971E+00
 -18.680  0.3190E+00  0.8035E+00
 -18.660  0.3191E+00  0.8099E+00
 -18.640  0.3192E+00  0.8163E+00
 -18.620  0.3194E+00  0.8227E+00
 -18.600  0.3195E+00  0.8291E+00
 -18.580  0.3196E+00  0.8354E+00
 -18.560  0.3198E+00  0.8418E+00
 -18.540  0.3199E+00  0.8482E+00
 -18.520  0.3200E+00  0.8546E+00
 -18.500  0.3202E+00  0.8610E+00
 -18.480  0.3203E+00  0.8675E+00
 -18.460  0.3205E+00  0.8739E+00
 -18.440  0.3206E+00  0.8803E+00
 -18.420  0.3208E+00  0.8867E+00
 -18.400  0.3209E+00  0.8931E+00
 -18.380  0.3211E+00  0.8995E+00
 -18.360  0.3212E+00  0.9060E+00
 -18.340  0.3214E+00  0.9124E+00
 -18.320  0.3215E+00  0.9188E+00
 -18.300  0.3217E+00  0.9252E+00
 -18.280  0.3218E+00  0.9317E+00
 -18.260  0.3220E+00  0.9381E+00
 -18.240  0.3222E+00  0.9446E+00
 -18.220  0.3223E+00  0.9510E+00
 -18.200  0.3225E+00  0.9575E+00
 -18.180  0.3227E+00  0.9639E+00
 -18.160  0.3228E+00  0.9704E+00
 -18.140  0.3230E+00  0.9768E+00
 -18.120  0.3232E+00  0.9833E+00
 -18.100  0.3233E+00  0.9898E+00
 -18.080  0.3235E+00  0.9962E+00
 -18.060  0.3237E+00  0.1003E+01
 -18.040  0.3239E+00  0.1009E+01
 -18.020  0.3241E+00  0.1016E+01
 -18.000  0.3243E+00  0.1022E+01
 -17.980  0.3244E+00  0.1029E+01
 -17.960  0.3246E+00  0.1035E+01
 -17.940  0.3248E+00  0.1042E+01
 -17.920  0.3250E+00  0.1048E+01
 -17.900  0.3252E+00  0.1055E+01
 -17.880  0.3254E+00  0.1061E+01
 -17.860  0.3256E+00  0.1068E+01
 -17.840  0.3258E+00  0.1074E+01
 -17.820  0.3260E+00  0.1081E+01
 -17.800  0.3263E+00  0.1087E+01
 -17.780  0.3265E+00  0.1094E+01
 -17.760  0.3267E+00  0.1100E+01
 -17.740  0.3269E+00  0.1107E+01
 -17.720  0.3271E+00  0.1113E+01
 -17.700  0.3274E+00  0.1120E+01
 -17.680  0.3276E+00  0.1126E+01
 -17.660  0.3278E+00  0.1133E+01
 -17.640  0.3281E+00  0.1140E+01
 -17.620  0.3283E+00  0.1146E+01
 -17.600  0.3286E+00  0.1153E+01
 -17.580  0.3288E+00  0.1159E+01
 -17.560  0.3291E+00  0.1166E+01
 -17.540  0.3293E+00  0.1172E+01
 -17.520  0.3296E+00  0.1179E+01
 -17.500  0.3299E+00  0.1186E+01
 -17.480  0.3302E+00  0.1192E+01
 -17.460  0.3304E+00  0.1199E+01
 -17.440  0.3307E+00  0.1205E+01
 -17.420  0.3310E+00  0.1212E+01
 -17.400  0.3313E+00  0.1219E+01
 -17.380  0.3316E+00  0.1225E+01
 -17.360  0.3319E+00  0.1232E+01
 -17.340  0.3322E+00  0.1239E+01
 -17.320  0.3325E+00  0.1245E+01
 -17.300  0.3329E+00  0.1252E+01
 -17.280  0.3332E+00  0.1259E+01
 -17.260  0.3336E+00  0.1265E+01
 -17.240  0.3339E+00  0.1272E+01
 -17.220  0.3342E+00  0.1279E+01
 -17.200  0.3346E+00  0.1285E+01
 -17.180  0.3350E+00  0.1292E+01
 -17.160  0.3354E+00  0.1299E+01
 -17.140  0.3358E+00  0.1305E+01
 -17.120  0.3362E+00  0.1312E+01
 -17.100  0.3366E+00  0.1319E+01
 -17.080  0.3370E+00  0.1326E+01
 -17.060  0.3375E+00  0.1332E+01
 -17.040  0.3379E+00  0.1339E+01
 -17.020  0.3384E+00  0.1346E+01
 -17.000  0.3388E+00  0.1353E+01
 -16.980  0.3394E+00  0.1359E+01
 -16.960  0.3399E+00  0.1366E+01
 -16.940  0.3404E+00  0.1373E+01
 -16.920  0.3409E+00  0.1380E+01
 -16.900  0.3415E+00  0.1387E+01
 -16.880  0.3421E+00  0.1394E+01
 -16.860  0.3427E+00  0.1400E+01
 -16.840  0.3433E+00  0.1407E+01
 -16.820  0.3439E+00  0.1414E+01
 -16.800  0.3446E+00  0.1421E+01
 -16.780  0.3453E+00  0.1428E+01
 -16.760  0.3460E+00  0.1435E+01
 -16.740  0.3468E+00  0.1442E+01
 -16.720  0.3476E+00  0.1449E+01
 -16.700  0.3483E+00  0.1456E+01
 -16.680  0.3492E+00  0.1463E+01
 -16.660  0.3501E+00  0.1470E+01
 -16.640  0.3511E+00  0.1477E+01
 -16.620  0.3521E+00  0.1484E+01
 -16.600  0.3530E+00  0.1491E+01
 -16.580  0.3541E+00  0.1498E+01
 -16.560  0.3552E+00  0.1505E+01
 -16.540  0.3565E+00  0.1512E+01
 -16.520  0.3578E+00  0.1519E+01
 -16.500  0.3591E+00  0.1527E+01
 -16.480  0.3605E+00  0.1534E+01
 -16.460  0.3620E+00  0.1541E+01
 -16.440  0.3637E+00  0.1548E+01
 -16.420  0.3655E+00  0.1556E+01
 -16.400  0.3675E+00  0.1563E+01
 -16.380  0.3695E+00  0.1570E+01
 -16.360  0.3716E+00  0.1578E+01
 -16.340  0.3741E+00  0.1585E+01
 -16.320  0.3768E+00  0.1593E+01
 -16.300  0.3798E+00  0.1600E+01
 -16.280  0.3831E+00  0.1608E+01
 -16.260  0.3868E+00  0.1616E+01
 -16.240  0.3910E+00  0.1624E+01
 -16.220  0.3960E+00  0.1631E+01
 -16.200  0.4020E+00  0.1640E+01
 -16.180  0.4091E+00  0.1648E+01
 -16.160  0.4175E+00  0.1656E+01
 -16.140  0.4275E+00  0.1665E+01
 -16.120  0.4390E+00  0.1673E+01
 -16.100  0.4516E+00  0.1682E+01
 -16.080  0.4642E+00  0.1692E+01
 -16.060  0.4750E+00  0.1701E+01
 -16.040  0.4822E+00  0.1711E+01
 -16.020  0.4842E+00  0.1721E+01
 -16.000  0.4800E+00  0.1730E+01
 -15.980  0.4697E+00  0.1740E+01
 -15.960  0.4542E+00  0.1749E+01
 -15.940  0.4352E+00  0.1757E+01
 -15.920  0.4147E+00  0.1766E+01
 -15.900  0.3944E+00  0.1773E+01
 -15.880  0.3755E+00  0.1781E+01
 -15.860  0.3586E+00  0.1788E+01
 -15.840  0.3436E+00  0.1795E+01
 -15.820  0.3303E+00  0.1802E+01
 -15.800  0.3185E+00  0.1808E+01
 -15.780  0.3078E+00  0.1814E+01
 -15.760  0.2981E+00  0.1820E+01
 -15.740  0.2893E+00  0.1826E+01
 -15.720  0.2809E+00  0.1832E+01
 -15.700  0.2730E+00  0.1837E+01
 -15.680  0.2655E+00  0.1842E+01
 -15.660  0.2584E+00  0.1847E+01
 -15.640  0.2518E+00  0.1853E+01
 -15.620  0.2454E+00  0.1857E+01
 -15.600  0.2392E+00  0.1862E+01
 -15.580  0.2332E+00  0.1867E+01
 -15.560  0.2274E+00  0.1871E+01
 -15.540  0.2219E+00  0.1876E+01
 -15.520  0.2166E+00  0.1880E+01
 -15.500  0.2114E+00  0.1884E+01
 -15.480  0.2063E+00  0.1889E+01
 -15.460  0.2013E+00  0.1893E+01
 -15.440  0.1964E+00  0.1896E+01
 -15.420  0.1918E+00  0.1900E+01
 -15.400  0.1873E+00  0.1904E+01
 -15.380  0.1829E+00  0.1908E+01
 -15.360  0.1784E+00  0.1911E+01
 -15.340  0.1741E+00  0.1915E+01
 -15.320  0.1699E+00  0.1918E+01
 -15.300  0.1659E+00  0.1922E+01
 -15.280  0.1619E+00  0.1925E+01
 -15.260  0.1579E+00  0.1928E+01
 -15.240  0.1539E+00  0.1931E+01
 -15.220  0.1501E+00  0.1934E+01
 -15.200  0.1464E+00  0.1937E+01
 -15.180  0.1428E+00  0.1940E+01
 -15.160  0.1394E+00  0.1943E+01
 -15.140  0.1364E+00  0.1945E+01
 -15.120  0.1342E+00  0.1948E+01
 -15.100  0.1335E+00  0.1951E+01
 -15.080  0.1351E+00  0.1953E+01
 -15.060  0.1399E+00  0.1956E+01
 -15.040  0.1490E+00  0.1959E+01
 -15.020  0.1629E+00  0.1962E+01
 -15.000  0.1816E+00  0.1966E+01
 -14.980  0.2041E+00  0.1970E+01
 -14.960  0.2285E+00  0.1975E+01
 -14.940  0.2526E+00  0.1980E+01
 -14.920  0.2742E+00  0.1985E+01
 -14.900  0.2921E+00  0.1991E+01
 -14.880  0.3056E+00  0.1997E+01
 -14.860  0.3150E+00  0.2003E+01
 -14.840  0.3209E+00  0.2010E+01
 -14.820  0.3243E+00  0.2016E+01
 -14.800  0.3262E+00  0.2023E+01
 -14.780  0.3272E+00  0.2029E+01
 -14.760  0.3278E+00  0.2036E+01
 -14.740  0.3281E+00  0.2043E+01
 -14.720  0.3283E+00  0.2049E+01
 -14.700  0.3284E+00  0.2056E+01
 -14.680  0.3286E+00  0.2062E+01
 -14.660  0.3287E+00  0.2069E+01
 -14.640  0.3289E+00  0.2075E+01
 -14.620  0.3290E+00  0.2082E+01
 -14.600  0.3292E+00  0.2089E+01
 -14.580  0.3293E+00  0.2095E+01
 -14.560  0.3295E+00  0.2102E+01
 -14.540  0.3296E+00  0.2108E+01
 -14.520  0.3298E+00  0.2115E+01
 -14.500  0.3300E+00  0.2122E+01
 -14.480  0.3302E+00  0.2128E+01
 -14.460  0.3305E+00  0.2135E+01
 -14.440  0.3311E+00  0.2141E+01
 -14.420  0.3319E+00  0.2148E+01
 -14.400  0.3332E+00  0.2155E+01
 -14.380  0.3352E+00  0.2161E+01
 -14.360  0.3382E+00  0.2168E+01
 -14.340  0.3424E+00  0.2175E+01
 -14.320  0.3481E+00  0.2182E+01
 -14.300  0.3554E+00  0.2189E+01
 -14.280  0.3646E+00  0.2196E+01
 -14.260  0.3757E+00  0.2204E+01
 -14.240  0.3888E+00  0.2212E+01
 -14.220  0.4039E+00  0.2220E+01
 -14.200  0.4205E+00  0.2228E+01
 -14.180  0.4378E+00  0.2237E+01
 -14.160  0.4547E+00  0.2246E+01
 -14.140  0.4694E+00  0.2255E+01
 -14.120  0.4804E+00  0.2265E+01
 -14.100  0.4863E+00  0.2275E+01
 -14.080  0.4868E+00  0.2284E+01
 -14.060  0.4822E+00  0.2294E+01
 -14.040  0.4738E+00  0.2304E+01
 -14.020  0.4630E+00  0.2313E+01
 -14.000  0.4515E+00  0.2322E+01
 -13.980  0.4403E+00  0.2331E+01
 -13.960  0.4302E+00  0.2339E+01
 -13.940  0.4213E+00  0.2348E+01
 -13.920  0.4137E+00  0.2356E+01
 -13.900  0.4072E+00  0.2364E+01
 -13.880  0.4015E+00  0.2372E+01
 -13.860  0.3965E+00  0.2380E+01
 -13.840  0.3919E+00  0.2388E+01
 -13.820  0.3878E+00  0.2396E+01
 -13.800  0.3840E+00  0.2403E+01
 -13.780  0.3804E+00  0.2411E+01
 -13.760  0.3771E+00  0.2418E+01
 -13.740  0.3740E+00  0.2426E+01
 -13.720  0.3710E+00  0.2433E+01
 -13.700  0.3681E+00  0.2441E+01
 -13.680  0.3654E+00  0.2448E+01
 -13.660  0.3628E+00  0.2455E+01
 -13.640  0.3603E+00  0.2462E+01
 -13.620  0.3578E+00  0.2470E+01
 -13.600  0.3555E+00  0.2477E+01
 -13.580  0.3532E+00  0.2484E+01
 -13.560  0.3510E+00  0.2491E+01
 -13.540  0.3489E+00  0.2498E+01
 -13.520  0.3468E+00  0.2505E+01
 -13.500  0.3448E+00  0.2512E+01
 -13.480  0.3428E+00  0.2519E+01
 -13.460  0.3409E+00  0.2525E+01
 -13.440  0.3390E+00  0.2532E+01
 -13.420  0.3371E+00  0.2539E+01
 -13.400  0.3353E+00  0.2546E+01
 -13.380  0.3335E+00  0.2552E+01
 -13.360  0.3318E+00  0.2559E+01
 -13.340  0.3301E+00  0.2565E+01
 -13.320  0.3284E+00  0.2572E+01
 -13.300  0.3268E+00  0.2579E+01
 -13.280  0.3251E+00  0.2585E+01
 -13.260  0.3235E+00  0.2592E+01
 -13.240  0.3220E+00  0.2598E+01
 -13.220  0.3204E+00  0.2604E+01
 -13.200  0.3189E+00  0.2611E+01
 -13.180  0.3174E+00  0.2617E+01
 -13.160  0.3159E+00  0.2623E+01
 -13.140  0.3144E+00  0.2630E+01
 -13.120  0.3130E+00  0.2636E+01
 -13.100  0.3116E+00  0.2642E+01
 -13.080  0.3102E+00  0.2648E+01
 -13.060  0.3088E+00  0.2655E+01
 -13.040  0.3074E+00  0.2661E+01
 -13.020  0.3060E+00  0.2667E+01
 -13.000  0.3047E+00  0.2673E+01
 -12.980  0.3034E+00  0.2679E+01
 -12.960  0.3021E+00  0.2685E+01
 -12.940  0.3007E+00  0.2691E+01
 -12.920  0.2995E+00  0.2697E+01
 -12.900  0.2982E+00  0.2703E+01
 -12.880  0.2969E+00  0.2709E+01
 -12.860  0.2957E+00  0.2715E+01
 -12.840  0.2944E+00  0.2721E+01
 -12.820  0.2932E+00  0.2727E+01
 -12.800  0.2920E+00  0.2732E+01
 -12.780  0.2908E+00  0.2738E+01
 -12.760  0.2896E+00  0.2744E+01
 -12.740  0.2884E+00  0.2750E+01
 -12.720  0.2873E+00  0.2756E+01
 -12.700  0.2861E+00  0.2761E+01
 -12.680  0.2850E+00  0.2767E+01
 -12.660  0.2838E+00  0.2773E+01
 -12.640  0.2827E+00  0.2778E+01
 -12.620  0.2816E+00  0.2784E+01
 -12.600  0.2805E+00  0.2790E+01
 -12.580  0.2794E+00  0.2795E+01
 -12.560  0.2783E+00  0.2801E+01
 -12.540  0.2772E+00  0.2806E+01
 -12.520  0.2761E+00  0.2812E+01
 -12.500  0.2751E+00  0.2817E+01
 -12.480  0.2741E+00  0.2823E+01
 -12.460  0.2734E+00  0.2828E+01
 -12.440  0.2729E+00  0.2834E+01
 -12.420  0.2730E+00  0.2839E+01
 -12.400  0.2740E+00  0.2845E+01
 -12.380  0.2763E+00  0.2850E+01
 -12.360  0.2804E+00  0.2856E+01
 -12.340  0.2864E+00  0.2862E+01
 -12.320  0.2944E+00  0.2867E+01
 -12.300  0.3039E+00  0.2873E+01
 -12.280  0.3141E+00  0.2880E+01
 -12.260  0.3243E+00  0.2886E+01
 -12.240  0.3334E+00  0.2893E+01
 -12.220  0.3411E+00  0.2900E+01
 -12.200  0.3469E+00  0.2907E+01
 -12.180  0.3510E+00  0.2914E+01
 -12.160  0.3537E+00  0.2921E+01
 -12.140  0.3554E+00  0.2928E+01
 -12.120  0.3565E+00  0.2935E+01
 -12.100  0.3572E+00  0.2942E+01
 -12.080  0.3577E+00  0.2949E+01
 -12.060  0.3581E+00  0.2956E+01
 -12.040  0.3585E+00  0.2964E+01
 -12.020  0.3588E+00  0.2971E+01
 -12.000  0.3592E+00  0.2978E+01
 -11.980  0.3595E+00  0.2985E+01
 -11.960  0.3599E+00  0.2992E+01
 -11.940  0.3602E+00  0.3000E+01
 -11.920  0.3606E+00  0.3007E+01
 -11.900  0.3610E+00  0.3014E+01
 -11.880  0.3614E+00  0.3021E+01
 -11.860  0.3617E+00  0.3028E+01
 -11.840  0.3621E+00  0.3036E+01
 -11.820  0.3625E+00  0.3043E+01
 -11.800  0.3629E+00  0.3050E+01
 -11.780  0.3633E+00  0.3058E+01
 -11.760  0.3637E+00  0.3065E+01
 -11.740  0.3641E+00  0.3072E+01
 -11.720  0.3644E+00  0.3079E+01
 -11.700  0.3648E+00  0.3087E+01
 -11.680  0.3653E+00  0.3094E+01
 -11.660  0.3657E+00  0.3101E+01
 -11.640  0.3661E+00  0.3109E+01
 -11.620  0.3665E+00  0.3116E+01
 -11.600  0.3669E+00  0.3123E+01
 -11.580  0.3673E+00  0.3131E+01
 -11.560  0.3678E+00  0.3138E+01
 -11.540  0.3682E+00  0.3145E+01
 -11.520  0.3687E+00  0.3153E+01
 -11.500  0.3691E+00  0.3160E+01
 -11.480  0.3695E+00  0.3167E+01
 -11.460  0.3699E+00  0.3175E+01
 -11.440  0.3704E+00  0.3182E+01
 -11.420  0.3709E+00  0.3190E+01
 -11.400  0.3714E+00  0.3197E+01
 -11.380  0.3718E+00  0.3205E+01
 -11.360  0.3722E+00  0.3212E+01
 -11.340  0.3727E+00  0.3219E+01
 -11.320  0.3732E+00  0.3227E+01
 -11.300  0.3738E+00  0.3234E+01
 -11.280  0.3742E+00  0.3242E+01
 -11.260  0.3747E+00  0.3249E+01
 -11.240  0.3751E+00  0.3257E+01
 -11.220  0.3756E+00  0.3264E+01
 -11.200  0.3762E+00  0.3272E+01
 -11.180  0.3768E+00  0.3279E+01
 -11.160  0.3773E+00  0.3287E+01
 -11.140  0.3777E+00  0.3295E+01
 -11.120  0.3782E+00  0.3302E+01
 -11.100  0.3787E+00  0.3310E+01
 -11.080  0.3793E+00  0.3317E+01
 -11.060  0.3800E+00  0.3325E+01
 -11.040  0.3805E+00  0.3332E+01
 -11.020  0.3810E+00  0.3340E+01
 -11.000  0.3814E+00  0.3348E+01
 -10.980  0.3820E+00  0.3355E+01
 -10.960  0.3826E+00  0.3363E+01
 -10.940  0.3834E+00  0.3371E+01
 -10.920  0.3839E+00  0.3378E+01
 -10.900  0.3844E+00  0.3386E+01
 -10.880  0.3849E+00  0.3394E+01
 -10.860  0.3854E+00  0.3401E+01
 -10.840  0.3862E+00  0.3409E+01
 -10.820  0.3869E+00  0.3417E+01
 -10.800  0.3876E+00  0.3425E+01
 -10.780  0.3881E+00  0.3432E+01
 -10.760  0.3886E+00  0.3440E+01
 -10.740  0.3892E+00  0.3448E+01
 -10.720  0.3900E+00  0.3456E+01
 -10.700  0.3908E+00  0.3464E+01
 -10.680  0.3915E+00  0.3471E+01
 -10.660  0.3920E+00  0.3479E+01
 -10.640  0.3925E+00  0.3487E+01
 -10.620  0.3932E+00  0.3495E+01
 -10.600  0.3940E+00  0.3503E+01
 -10.580  0.3949E+00  0.3511E+01
 -10.560  0.3956E+00  0.3519E+01
 -10.540  0.3962E+00  0.3527E+01
 -10.520  0.3968E+00  0.3535E+01
 -10.500  0.3975E+00  0.3542E+01
 -10.480  0.3983E+00  0.3550E+01
 -10.460  0.3992E+00  0.3558E+01
 -10.440  0.4000E+00  0.3566E+01
 -10.420  0.4007E+00  0.3574E+01
 -10.400  0.4014E+00  0.3582E+01
 -10.380  0.4021E+00  0.3591E+01
 -10.360  0.4029E+00  0.3599E+01
 -10.340  0.4039E+00  0.3607E+01
 -10.320  0.4048E+00  0.3615E+01
 -10.300  0.4056E+00  0.3623E+01
 -10.280  0.4063E+00  0.3631E+01
 -10.260  0.4070E+00  0.3639E+01
 -10.240  0.4080E+00  0.3647E+01
 -10.220  0.4090E+00  0.3655E+01
 -10.200  0.4099E+00  0.3664E+01
 -10.180  0.4108E+00  0.3672E+01
 -10.160  0.4116E+00  0.3680E+01
 -10.140  0.4124E+00  0.3688E+01
 -10.120  0.4134E+00  0.3697E+01
 -10.100  0.4145E+00  0.3705E+01
 -10.080  0.4155E+00  0.3713E+01
 -10.060  0.4164E+00  0.3722E+01
 -10.040  0.4173E+00  0.3730E+01
 -10.020  0.4183E+00  0.3738E+01
 -10.000  0.4193E+00  0.3747E+01
  -9.980  0.4204E+00  0.3755E+01
  -9.960  0.4215E+00  0.3763E+01
  -9.940  0.4226E+00  0.3772E+01
  -9.920  0.4236E+00  0.3780E+01
  -9.900  0.4246E+00  0.3789E+01
  -9.880  0.4258E+00  0.3797E+01
  -9.860  0.4270E+00  0.3806E+01
  -9.840  0.4281E+00  0.3815E+01
  -9.820  0.4293E+00  0.3823E+01
  -9.800  0.4304E+00  0.3832E+01
  -9.780  0.4316E+00  0.3840E+01
  -9.760  0.4328E+00  0.3849E+01
  -9.740  0.4341E+00  0.3858E+01
  -9.720  0.4354E+00  0.3866E+01
  -9.700  0.4366E+00  0.3875E+01
  -9.680  0.4379E+00  0.3884E+01
  -9.660  0.4392E+00  0.3893E+01
  -9.640  0.4406E+00  0.3901E+01
  -9.620  0.4420E+00  0.3910E+01
  -9.600  0.4434E+00  0.3919E+01
  -9.580  0.4448E+00  0.3928E+01
  -9.560  0.4463E+00  0.3937E+01
  -9.540  0.4480E+00  0.3946E+01
  -9.520  0.4501E+00  0.3955E+01
  -9.500  0.4528E+00  0.3964E+01
  -9.480  0.4566E+00  0.3973E+01
  -9.460  0.4625E+00  0.3982E+01
  -9.440  0.4716E+00  0.3992E+01
  -9.420  0.4851E+00  0.4002E+01
  -9.400  0.5038E+00  0.4012E+01
  -9.380  0.5279E+00  0.4022E+01
  -9.360  0.5565E+00  0.4033E+01
  -9.340  0.5880E+00  0.4045E+01
  -9.320  0.6201E+00  0.4057E+01
  -9.300  0.6501E+00  0.4070E+01
  -9.280  0.6759E+00  0.4084E+01
  -9.260  0.6965E+00  0.4098E+01
  -9.240  0.7117E+00  0.4112E+01
  -9.220  0.7225E+00  0.4127E+01
  -9.200  0.7299E+00  0.4141E+01
  -9.180  0.7351E+00  0.4156E+01
  -9.160  0.7388E+00  0.4171E+01
  -9.140  0.7418E+00  0.4186E+01
  -9.120  0.7444E+00  0.4200E+01
  -9.100  0.7469E+00  0.4215E+01
  -9.080  0.7495E+00  0.4230E+01
  -9.060  0.7522E+00  0.4245E+01
  -9.040  0.7549E+00  0.4260E+01
  -9.020  0.7576E+00  0.4276E+01
  -9.000  0.7603E+00  0.4291E+01
  -8.980  0.7632E+00  0.4306E+01
  -8.960  0.7661E+00  0.4321E+01
  -8.940  0.7692E+00  0.4337E+01
  -8.920  0.7724E+00  0.4352E+01
  -8.900  0.7756E+00  0.4368E+01
  -8.880  0.7789E+00  0.4383E+01
  -8.860  0.7823E+00  0.4399E+01
  -8.840  0.7858E+00  0.4415E+01
  -8.820  0.7895E+00  0.4431E+01
  -8.800  0.7933E+00  0.4446E+01
  -8.780  0.7973E+00  0.4462E+01
  -8.760  0.8013E+00  0.4478E+01
  -8.740  0.8054E+00  0.4494E+01
  -8.720  0.8098E+00  0.4511E+01
  -8.700  0.8144E+00  0.4527E+01
  -8.680  0.8192E+00  0.4543E+01
  -8.660  0.8242E+00  0.4560E+01
  -8.640  0.8293E+00  0.4576E+01
  -8.620  0.8347E+00  0.4593E+01
  -8.600  0.8404E+00  0.4610E+01
  -8.580  0.8464E+00  0.4627E+01
  -8.560  0.8528E+00  0.4644E+01
  -8.540  0.8596E+00  0.4661E+01
  -8.520  0.8666E+00  0.4678E+01
  -8.500  0.8741E+00  0.4696E+01
  -8.480  0.8822E+00  0.4714E+01
  -8.460  0.8909E+00  0.4731E+01
  -8.440  0.9004E+00  0.4749E+01
  -8.420  0.9107E+00  0.4768E+01
  -8.400  0.9220E+00  0.4786E+01
  -8.380  0.9346E+00  0.4805E+01
  -8.360  0.9488E+00  0.4824E+01
  -8.340  0.9652E+00  0.4843E+01
  -8.320  0.9843E+00  0.4863E+01
  -8.300  0.1007E+01  0.4883E+01
  -8.280  0.1032E+01  0.4903E+01
  -8.260  0.1061E+01  0.4925E+01
  -8.240  0.1091E+01  0.4946E+01
  -8.220  0.1121E+01  0.4969E+01
  -8.200  0.1147E+01  0.4992E+01
  -8.180  0.1165E+01  0.5015E+01
  -8.160  0.1173E+01  0.5039E+01
  -8.140  0.1169E+01  0.5062E+01
  -8.120  0.1154E+01  0.5085E+01
  -8.100  0.1129E+01  0.5108E+01
  -8.080  0.1099E+01  0.5130E+01
  -8.060  0.1067E+01  0.5151E+01
  -8.040  0.1036E+01  0.5172E+01
  -8.020  0.1008E+01  0.5192E+01
  -8.000  0.9829E+00  0.5212E+01
  -7.980  0.9612E+00  0.5231E+01
  -7.960  0.9425E+00  0.5250E+01
  -7.940  0.9263E+00  0.5268E+01
  -7.920  0.9119E+00  0.5286E+01
  -7.900  0.8989E+00  0.5304E+01
  -7.880  0.8871E+00  0.5322E+01
  -7.860  0.8762E+00  0.5340E+01
  -7.840  0.8662E+00  0.5357E+01
  -7.820  0.8569E+00  0.5374E+01
  -7.800  0.8482E+00  0.5391E+01
  -7.780  0.8399E+00  0.5408E+01
  -7.760  0.8320E+00  0.5424E+01
  -7.740  0.8245E+00  0.5441E+01
  -7.720  0.8174E+00  0.5457E+01
  -7.700  0.8107E+00  0.5474E+01
  -7.680  0.8043E+00  0.5490E+01
  -7.660  0.7982E+00  0.5506E+01
  -7.640  0.7922E+00  0.5521E+01
  -7.620  0.7864E+00  0.5537E+01
  -7.600  0.7809E+00  0.5553E+01
  -7.580  0.7757E+00  0.5568E+01
  -7.560  0.7706E+00  0.5584E+01
  -7.540  0.7657E+00  0.5599E+01
  -7.520  0.7608E+00  0.5614E+01
  -7.500  0.7561E+00  0.5629E+01
  -7.480  0.7516E+00  0.5644E+01
  -7.460  0.7473E+00  0.5659E+01
  -7.440  0.7431E+00  0.5674E+01
  -7.420  0.7390E+00  0.5689E+01
  -7.400  0.7349E+00  0.5704E+01
  -7.380  0.7310E+00  0.5718E+01
  -7.360  0.7271E+00  0.5733E+01
  -7.340  0.7234E+00  0.5747E+01
  -7.320  0.7199E+00  0.5762E+01
  -7.300  0.7164E+00  0.5776E+01
  -7.280  0.7129E+00  0.5790E+01
  -7.260  0.7094E+00  0.5804E+01
  -7.240  0.7061E+00  0.5819E+01
  -7.220  0.7029E+00  0.5833E+01
  -7.200  0.6998E+00  0.5847E+01
  -7.180  0.6967E+00  0.5861E+01
  -7.160  0.6937E+00  0.5874E+01
  -7.140  0.6907E+00  0.5888E+01
  -7.120  0.6877E+00  0.5902E+01
  -7.100  0.6849E+00  0.5916E+01
  -7.080  0.6822E+00  0.5929E+01
  -7.060  0.6795E+00  0.5943E+01
  -7.040  0.6767E+00  0.5956E+01
  -7.020  0.6741E+00  0.5970E+01
  -7.000  0.6714E+00  0.5983E+01
  -6.980  0.6689E+00  0.5997E+01
  -6.960  0.6665E+00  0.6010E+01
  -6.940  0.6641E+00  0.6023E+01
  -6.920  0.6616E+00  0.6037E+01
  -6.900  0.6592E+00  0.6050E+01
  -6.880  0.6569E+00  0.6063E+01
  -6.860  0.6546E+00  0.6076E+01
  -6.840  0.6524E+00  0.6089E+01
  -6.820  0.6502E+00  0.6102E+01
  -6.800  0.6480E+00  0.6115E+01
  -6.780  0.6458E+00  0.6128E+01
  -6.760  0.6437E+00  0.6141E+01
  -6.740  0.6417E+00  0.6154E+01
  -6.720  0.6397E+00  0.6166E+01
  -6.700  0.6377E+00  0.6179E+01
  -6.680  0.6357E+00  0.6192E+01
  -6.660  0.6337E+00  0.6205E+01
  -6.640  0.6318E+00  0.6217E+01
  -6.620  0.6300E+00  0.6230E+01
  -6.600  0.6281E+00  0.6242E+01
  -6.580  0.6263E+00  0.6255E+01
  -6.560  0.6245E+00  0.6267E+01
  -6.540  0.6227E+00  0.6280E+01
  -6.520  0.6210E+00  0.6292E+01
  -6.500  0.6193E+00  0.6305E+01
  -6.480  0.6176E+00  0.6317E+01
  -6.460  0.6160E+00  0.6329E+01
  -6.440  0.6143E+00  0.6342E+01
  -6.420  0.6127E+00  0.6354E+01
  -6.400  0.6111E+00  0.6366E+01
  -6.380  0.6096E+00  0.6378E+01
  -6.360  0.6080E+00  0.6390E+01
  -6.340  0.6065E+00  0.6403E+01
  -6.320  0.6050E+00  0.6415E+01
  -6.300  0.6035E+00  0.6427E+01
  -6.280  0.6021E+00  0.6439E+01
  -6.260  0.6007E+00  0.6451E+01
  -6.240  0.5993E+00  0.6463E+01
  -6.220  0.5979E+00  0.6475E+01
  -6.200  0.5965E+00  0.6487E+01
  -6.180  0.5952E+00  0.6499E+01
  -6.160  0.5939E+00  0.6510E+01
  -6.140  0.5926E+00  0.6522E+01
  -6.120  0.5913E+00  0.6534E+01
  -6.100  0.5901E+00  0.6546E+01
  -6.080  0.5889E+00  0.6558E+01
  -6.060  0.5877E+00  0.6569E+01
  -6.040  0.5865E+00  0.6581E+01
  -6.020  0.5853E+00  0.6593E+01
  -6.000  0.5842E+00  0.6605E+01
  -5.980  0.5830E+00  0.6616E+01
  -5.960  0.5819E+00  0.6628E+01
  -5.940  0.5808E+00  0.6640E+01
  -5.920  0.5798E+00  0.6651E+01
  -5.900  0.5787E+00  0.6663E+01
  -5.880  0.5777E+00  0.6674E+01
  -5.860  0.5767E+00  0.6686E+01
  -5.840  0.5757E+00  0.6697E+01
  -5.820  0.5747E+00  0.6709E+01
  -5.800  0.5738E+00  0.6720E+01
  -5.780  0.5729E+00  0.6732E+01
  -5.760  0.5720E+00  0.6743E+01
  -5.740  0.5711E+00  0.6755E+01
  -5.720  0.5702E+00  0.6766E+01
  -5.700  0.5694E+00  0.6777E+01
  -5.680  0.5686E+00  0.6789E+01
  -5.660  0.5678E+00  0.6800E+01
  -5.640  0.5670E+00  0.6811E+01
  -5.620  0.5662E+00  0.6823E+01
  -5.600  0.5655E+00  0.6834E+01
  -5.580  0.5648E+00  0.6845E+01
  -5.560  0.5641E+00  0.6857E+01
  -5.540  0.5634E+00  0.6868E+01
  -5.520  0.5628E+00  0.6879E+01
  -5.500  0.5621E+00  0.6890E+01
  -5.480  0.5616E+00  0.6902E+01
  -5.460  0.5610E+00  0.6913E+01
  -5.440  0.5604E+00  0.6924E+01
  -5.420  0.5599E+00  0.6935E+01
  -5.400  0.5593E+00  0.6946E+01
  -5.380  0.5589E+00  0.6958E+01
  -5.360  0.5585E+00  0.6969E+01
  -5.340  0.5581E+00  0.6980E+01
  -5.320  0.5576E+00  0.6991E+01
  -5.300  0.5572E+00  0.7002E+01
  -5.280  0.5569E+00  0.7013E+01
  -5.260  0.5566E+00  0.7025E+01
  -5.240  0.5563E+00  0.7036E+01
  -5.220  0.5561E+00  0.7047E+01
  -5.200  0.5558E+00  0.7058E+01
  -5.180  0.5556E+00  0.7069E+01
  -5.160  0.5554E+00  0.7080E+01
  -5.140  0.5553E+00  0.7091E+01
  -5.120  0.5553E+00  0.7102E+01
  -5.100  0.5552E+00  0.7113E+01
  -5.080  0.5551E+00  0.7125E+01
  -5.060  0.5551E+00  0.7136E+01
  -5.040  0.5552E+00  0.7147E+01
  -5.020  0.5553E+00  0.7158E+01
  -5.000  0.5554E+00  0.7169E+01
  -4.980  0.5553E+00  0.7180E+01
  -4.960  0.5550E+00  0.7191E+01
  -4.940  0.5543E+00  0.7202E+01
  -4.920  0.5527E+00  0.7213E+01
  -4.900  0.5493E+00  0.7224E+01
  -4.880  0.5432E+00  0.7235E+01
  -4.860  0.5336E+00  0.7246E+01
  -4.840  0.5199E+00  0.7256E+01
  -4.820  0.5020E+00  0.7266E+01
  -4.800  0.4805E+00  0.7276E+01
  -4.780  0.4570E+00  0.7285E+01
  -4.760  0.4335E+00  0.7294E+01
  -4.740  0.4123E+00  0.7302E+01
  -4.720  0.3948E+00  0.7310E+01
  -4.700  0.3820E+00  0.7317E+01
  -4.680  0.3737E+00  0.7325E+01
  -4.660  0.3692E+00  0.7332E+01
  -4.640  0.3675E+00  0.7340E+01
  -4.620  0.3678E+00  0.7347E+01
  -4.600  0.3694E+00  0.7354E+01
  -4.580  0.3719E+00  0.7362E+01
  -4.560  0.3747E+00  0.7369E+01
  -4.540  0.3777E+00  0.7377E+01
  -4.520  0.3810E+00  0.7385E+01
  -4.500  0.3845E+00  0.7392E+01
  -4.480  0.3884E+00  0.7400E+01
  -4.460  0.3925E+00  0.7408E+01
  -4.440  0.3969E+00  0.7416E+01
  -4.420  0.4015E+00  0.7424E+01
  -4.400  0.4065E+00  0.7432E+01
  -4.380  0.4120E+00  0.7440E+01
  -4.360  0.4181E+00  0.7449E+01
  -4.340  0.4249E+00  0.7457E+01
  -4.320  0.4324E+00  0.7466E+01
  -4.300  0.4408E+00  0.7474E+01
  -4.280  0.4505E+00  0.7483E+01
  -4.260  0.4620E+00  0.7493E+01
  -4.240  0.4757E+00  0.7502E+01
  -4.220  0.4917E+00  0.7512E+01
  -4.200  0.5099E+00  0.7522E+01
  -4.180  0.5301E+00  0.7533E+01
  -4.160  0.5509E+00  0.7544E+01
  -4.140  0.5705E+00  0.7555E+01
  -4.120  0.5861E+00  0.7567E+01
  -4.100  0.5951E+00  0.7579E+01
  -4.080  0.5954E+00  0.7591E+01
  -4.060  0.5867E+00  0.7603E+01
  -4.040  0.5703E+00  0.7614E+01
  -4.020  0.5482E+00  0.7625E+01
  -4.000  0.5231E+00  0.7635E+01
  -3.980  0.4973E+00  0.7645E+01
  -3.960  0.4727E+00  0.7655E+01
  -3.940  0.4505E+00  0.7664E+01
  -3.920  0.4312E+00  0.7672E+01
  -3.900  0.4144E+00  0.7681E+01
  -3.880  0.3997E+00  0.7689E+01
  -3.860  0.3864E+00  0.7696E+01
  -3.840  0.3744E+00  0.7704E+01
  -3.820  0.3636E+00  0.7711E+01
  -3.800  0.3537E+00  0.7718E+01
  -3.780  0.3447E+00  0.7725E+01
  -3.760  0.3360E+00  0.7732E+01
  -3.740  0.3277E+00  0.7738E+01
  -3.720  0.3198E+00  0.7745E+01
  -3.700  0.3125E+00  0.7751E+01
  -3.680  0.3056E+00  0.7757E+01
  -3.660  0.2990E+00  0.7763E+01
  -3.640  0.2926E+00  0.7769E+01
  -3.620  0.2862E+00  0.7775E+01
  -3.600  0.2802E+00  0.7780E+01
  -3.580  0.2745E+00  0.7786E+01
  -3.560  0.2691E+00  0.7791E+01
  -3.540  0.2638E+00  0.7797E+01
  -3.520  0.2585E+00  0.7802E+01
  -3.500  0.2533E+00  0.7807E+01
  -3.480  0.2483E+00  0.7812E+01
  -3.460  0.2436E+00  0.7817E+01
  -3.440  0.2391E+00  0.7821E+01
  -3.420  0.2345E+00  0.7826E+01
  -3.400  0.2300E+00  0.7831E+01
  -3.380  0.2255E+00  0.7835E+01
  -3.360  0.2213E+00  0.7840E+01
  -3.340  0.2172E+00  0.7844E+01
  -3.320  0.2132E+00  0.7848E+01
  -3.300  0.2092E+00  0.7852E+01
  -3.280  0.2052E+00  0.7856E+01
  -3.260  0.2014E+00  0.7861E+01
  -3.240  0.1976E+00  0.7864E+01
  -3.220  0.1940E+00  0.7868E+01
  -3.200  0.1904E+00  0.7872E+01
  -3.180  0.1868E+00  0.7876E+01
  -3.160  0.1832E+00  0.7880E+01
  -3.140  0.1798E+00  0.7883E+01
  -3.120  0.1764E+00  0.7887E+01
  -3.100  0.1731E+00  0.7890E+01
  -3.080  0.1698E+00  0.7894E+01
  -3.060  0.1665E+00  0.7897E+01
  -3.040  0.1633E+00  0.7900E+01
  -3.020  0.1601E+00  0.7903E+01
  -3.000  0.1571E+00  0.7906E+01
  -2.980  0.1540E+00  0.7910E+01
  -2.960  0.1510E+00  0.7913E+01
  -2.940  0.1479E+00  0.7916E+01
  -2.920  0.1449E+00  0.7918E+01
  -2.900  0.1420E+00  0.7921E+01
  -2.880  0.1391E+00  0.7924E+01
  -2.860  0.1363E+00  0.7927E+01
  -2.840  0.1334E+00  0.7929E+01
  -2.820  0.1306E+00  0.7932E+01
  -2.800  0.1278E+00  0.7935E+01
  -2.780  0.1251E+00  0.7937E+01
  -2.760  0.1224E+00  0.7940E+01
  -2.740  0.1197E+00  0.7942E+01
  -2.720  0.1169E+00  0.7944E+01
  -2.700  0.1143E+00  0.7947E+01
  -2.680  0.1117E+00  0.7949E+01
  -2.660  0.1091E+00  0.7951E+01
  -2.640  0.1065E+00  0.7953E+01
  -2.620  0.1039E+00  0.7955E+01
  -2.600  0.1013E+00  0.7957E+01
  -2.580  0.9881E-01  0.7959E+01
  -2.560  0.9632E-01  0.7961E+01
  -2.540  0.9384E-01  0.7963E+01
  -2.520  0.9135E-01  0.7965E+01
  -2.500  0.8887E-01  0.7967E+01
  -2.480  0.8642E-01  0.7968E+01
  -2.460  0.8400E-01  0.7970E+01
  -2.440  0.8160E-01  0.7972E+01
  -2.420  0.7920E-01  0.7973E+01
  -2.400  0.7679E-01  0.7975E+01
  -2.380  0.7441E-01  0.7976E+01
  -2.360  0.7204E-01  0.7978E+01
  -2.340  0.6970E-01  0.7979E+01
  -2.320  0.6736E-01  0.7980E+01
  -2.300  0.6502E-01  0.7982E+01
  -2.280  0.6269E-01  0.7983E+01
  -2.260  0.6038E-01  0.7984E+01
  -2.240  0.5808E-01  0.7985E+01
  -2.220  0.5579E-01  0.7986E+01
  -2.200  0.5350E-01  0.7988E+01
  -2.180  0.5121E-01  0.7989E+01
  -2.160  0.4893E-01  0.7990E+01
  -2.140  0.4667E-01  0.7991E+01
  -2.120  0.4441E-01  0.7991E+01
  -2.100  0.4215E-01  0.7992E+01
  -2.080  0.3989E-01  0.7993E+01
  -2.060  0.3764E-01  0.7994E+01
  -2.040  0.3540E-01  0.7994E+01
  -2.020  0.3316E-01  0.7995E+01
  -2.000  0.3092E-01  0.7996E+01
  -1.980  0.2868E-01  0.7996E+01
  -1.960  0.2644E-01  0.7997E+01
  -1.940  0.2421E-01  0.7997E+01
  -1.920  0.2199E-01  0.7998E+01
  -1.900  0.1977E-01  0.7998E+01
  -1.880  0.1756E-01  0.7999E+01
  -1.860  0.1540E-01  0.7999E+01
  -1.840  0.1330E-01  0.7999E+01
  -1.820  0.1133E-01  0.7999E+01
  -1.800  0.9541E-02  0.8000E+01
  -1.780  0.8034E-02  0.8000E+01
  -1.760  0.6901E-02  0.8000E+01
  -1.740  0.6228E-02  0.8000E+01
  -1.720  0.6070E-02  0.8000E+01
  -1.700  0.6441E-02  0.8000E+01
  -1.680  0.7314E-02  0.8000E+01
  -1.660  0.8625E-02  0.8001E+01
  -1.640  0.1028E-01  0.8001E+01
  -1.620  0.1220E-01  0.8001E+01
  -1.600  0.1428E-01  0.8001E+01
  -1.580  0.1648E-01  0.8002E+01
  -1.560  0.1874E-01  0.8002E+01
  -1.540  0.2104E-01  0.8002E+01
  -1.520  0.2337E-01  0.8003E+01
  -1.500  0.2571E-01  0.8003E+01
  -1.480  0.2807E-01  0.8004E+01
  -1.460  0.3045E-01  0.8005E+01
  -1.440  0.3284E-01  0.8005E+01
  -1.420  0.3524E-01  0.8006E+01
  -1.400  0.3766E-01  0.8007E+01
  -1.380  0.4010E-01  0.8007E+01
  -1.360  0.4256E-01  0.8008E+01
  -1.340  0.4504E-01  0.8009E+01
  -1.320  0.4753E-01  0.8010E+01
  -1.300  0.5005E-01  0.8011E+01
  -1.280  0.5259E-01  0.8012E+01
  -1.260  0.5516E-01  0.8013E+01
  -1.240  0.5775E-01  0.8014E+01
  -1.220  0.6037E-01  0.8016E+01
  -1.200  0.6301E-01  0.8017E+01
  -1.180  0.6568E-01  0.8018E+01
  -1.160  0.6840E-01  0.8020E+01
  -1.140  0.7115E-01  0.8021E+01
  -1.120  0.7392E-01  0.8023E+01
  -1.100  0.7672E-01  0.8024E+01
  -1.080  0.7957E-01  0.8026E+01
  -1.060  0.8247E-01  0.8027E+01
  -1.040  0.8542E-01  0.8029E+01
  -1.020  0.8840E-01  0.8031E+01
  -1.000  0.9142E-01  0.8033E+01
  -0.980  0.9450E-01  0.8034E+01
  -0.960  0.9764E-01  0.8036E+01
  -0.940  0.1009E+00  0.8038E+01
  -0.920  0.1041E+00  0.8041E+01
  -0.900  0.1074E+00  0.8043E+01
  -0.880  0.1108E+00  0.8045E+01
  -0.860  0.1143E+00  0.8047E+01
  -0.840  0.1178E+00  0.8050E+01
  -0.820  0.1215E+00  0.8052E+01
  -0.800  0.1251E+00  0.8054E+01
  -0.780  0.1289E+00  0.8057E+01
  -0.760  0.1328E+00  0.8060E+01
  -0.740  0.1369E+00  0.8062E+01
  -0.720  0.1410E+00  0.8065E+01
  -0.700  0.1453E+00  0.8068E+01
  -0.680  0.1496E+00  0.8071E+01
  -0.660  0.1541E+00  0.8074E+01
  -0.640  0.1588E+00  0.8077E+01
  -0.620  0.1637E+00  0.8081E+01
  -0.600  0.1688E+00  0.8084E+01
  -0.580  0.1740E+00  0.8088E+01
  -0.560  0.1794E+00  0.8091E+01
  -0.540  0.1850E+00  0.8095E+01
  -0.520  0.1911E+00  0.8099E+01
  -0.500  0.1974E+00  0.8103E+01
  -0.480  0.2039E+00  0.8107E+01
  -0.460  0.2108E+00  0.8111E+01
  -0.440  0.2181E+00  0.8115E+01
  -0.420  0.2259E+00  0.8120E+01
  -0.400  0.2343E+00  0.8124E+01
  -0.380  0.2433E+00  0.8129E+01
  -0.360  0.2529E+00  0.8134E+01
  -0.340  0.2633E+00  0.8140E+01
  -0.320  0.2748E+00  0.8145E+01
  -0.300  0.2876E+00  0.8151E+01
  -0.280  0.3020E+00  0.8157E+01
  -0.260  0.3183E+00  0.8163E+01
  -0.240  0.3371E+00  0.8170E+01
  -0.220  0.3595E+00  0.8177E+01
  -0.200  0.3863E+00  0.8185E+01
  -0.180  0.4185E+00  0.8193E+01
  -0.160  0.4564E+00  0.8202E+01
  -0.140  0.4992E+00  0.8212E+01
  -0.120  0.5452E+00  0.8223E+01
  -0.100  0.5908E+00  0.8235E+01
  -0.080  0.6313E+00  0.8248E+01
  -0.060  0.6618E+00  0.8261E+01
  -0.040  0.6783E+00  0.8275E+01
  -0.020  0.6795E+00  0.8288E+01
  -0.000  0.6664E+00  0.8302E+01
   0.020  0.6429E+00  0.8314E+01
   0.040  0.6133E+00  0.8327E+01
   0.060  0.5818E+00  0.8338E+01
   0.080  0.5516E+00  0.8349E+01
   0.100  0.5245E+00  0.8360E+01
   0.120  0.5013E+00  0.8370E+01
   0.140  0.4817E+00  0.8379E+01
   0.160  0.4653E+00  0.8389E+01
   0.180  0.4514E+00  0.8398E+01
   0.200  0.4393E+00  0.8407E+01
   0.220  0.4286E+00  0.8415E+01
   0.240  0.4189E+00  0.8424E+01
   0.260  0.4103E+00  0.8432E+01
   0.280  0.4026E+00  0.8440E+01
   0.300  0.3955E+00  0.8448E+01
   0.320  0.3889E+00  0.8455E+01
   0.340  0.3826E+00  0.8463E+01
   0.360  0.3767E+00  0.8471E+01
   0.380  0.3712E+00  0.8478E+01
   0.400  0.3663E+00  0.8485E+01
   0.420  0.3616E+00  0.8493E+01
   0.440  0.3572E+00  0.8500E+01
   0.460  0.3528E+00  0.8507E+01
   0.480  0.3485E+00  0.8514E+01
   0.500  0.3446E+00  0.8521E+01
   0.520  0.3410E+00  0.8528E+01
   0.540  0.3376E+00  0.8534E+01
   0.560  0.3343E+00  0.8541E+01
   0.580  0.3309E+00  0.8548E+01
   0.600  0.3277E+00  0.8554E+01
   0.620  0.3245E+00  0.8561E+01
   0.640  0.3217E+00  0.8567E+01
   0.660  0.3191E+00  0.8573E+01
   0.680  0.3165E+00  0.8580E+01
   0.700  0.3139E+00  0.8586E+01
   0.720  0.3112E+00  0.8592E+01
   0.740  0.3086E+00  0.8598E+01
   0.760  0.3062E+00  0.8605E+01
   0.780  0.3041E+00  0.8611E+01
   0.800  0.3020E+00  0.8617E+01
   0.820  0.2999E+00  0.8623E+01
   0.840  0.2977E+00  0.8629E+01
   0.860  0.2954E+00  0.8635E+01
   0.880  0.2933E+00  0.8640E+01
   0.900  0.2915E+00  0.8646E+01
   0.920  0.2898E+00  0.8652E+01
   0.940  0.2881E+00  0.8658E+01
   0.960  0.2862E+00  0.8664E+01
   0.980  0.2842E+00  0.8669E+01
   1.000  0.2824E+00  0.8675E+01
   1.020  0.2807E+00  0.8680E+01
   1.040  0.2792E+00  0.8686E+01
   1.060  0.2778E+00  0.8692E+01
   1.080  0.2763E+00  0.8697E+01
   1.100  0.2746E+00  0.8703E+01
   1.120  0.2728E+00  0.8708E+01
   1.140  0.2713E+00  0.8714E+01
   1.160  0.2699E+00  0.8719E+01
   1.180  0.2687E+00  0.8724E+01
   1.200  0.2675E+00  0.8730E+01
   1.220  0.2660E+00  0.8735E+01
   1.240  0.2644E+00  0.8740E+01
   1.260  0.2629E+00  0.8746E+01
   1.280  0.2617E+00  0.8751E+01
   1.300  0.2607E+00  0.8756E+01
   1.320  0.2599E+00  0.8761E+01
   1.340  0.2593E+00  0.8766E+01
   1.360  0.2591E+00  0.8772E+01
   1.380  0.2601E+00  0.8777E+01
   1.400  0.2633E+00  0.8782E+01
   1.420  0.2697E+00  0.8787E+01
   1.440  0.2804E+00  0.8793E+01
   1.460  0.2956E+00  0.8799E+01
   1.480  0.3153E+00  0.8805E+01
   1.500  0.3386E+00  0.8812E+01
   1.520  0.3638E+00  0.8819E+01
   1.540  0.3889E+00  0.8827E+01
   1.560  0.4118E+00  0.8835E+01
   1.580  0.4307E+00  0.8844E+01
   1.600  0.4449E+00  0.8853E+01
   1.620  0.4543E+00  0.8862E+01
   1.640  0.4597E+00  0.8871E+01
   1.660  0.4624E+00  0.8880E+01
   1.680  0.4635E+00  0.8890E+01
   1.700  0.4638E+00  0.8899E+01
   1.720  0.4636E+00  0.8908E+01
   1.740  0.4629E+00  0.8917E+01
   1.760  0.4619E+00  0.8927E+01
   1.780  0.4607E+00  0.8936E+01
   1.800  0.4596E+00  0.8945E+01
   1.820  0.4588E+00  0.8954E+01
   1.840  0.4581E+00  0.8963E+01
   1.860  0.4575E+00  0.8973E+01
   1.880  0.4567E+00  0.8982E+01
   1.900  0.4557E+00  0.8991E+01
   1.920  0.4545E+00  0.9000E+01
   1.940  0.4535E+00  0.9009E+01
   1.960  0.4527E+00  0.9018E+01
   1.980  0.4522E+00  0.9027E+01
   2.000  0.4517E+00  0.9036E+01
   2.020  0.4509E+00  0.9045E+01
   2.040  0.4499E+00  0.9054E+01
   2.060  0.4488E+00  0.9063E+01
   2.080  0.4478E+00  0.9072E+01
   2.100  0.4471E+00  0.9081E+01
   2.120  0.4467E+00  0.9090E+01
   2.140  0.4462E+00  0.9099E+01
   2.160  0.4455E+00  0.9108E+01
   2.180  0.4446E+00  0.9117E+01
   2.200  0.4436E+00  0.9125E+01
   2.220  0.4430E+00  0.9134E+01
   2.240  0.4431E+00  0.9143E+01
   2.260  0.4442E+00  0.9152E+01
   2.280  0.4468E+00  0.9161E+01
   2.300  0.4514E+00  0.9170E+01
   2.320  0.4591E+00  0.9179E+01
   2.340  0.4709E+00  0.9189E+01
   2.360  0.4875E+00  0.9198E+01
   2.380  0.5089E+00  0.9209E+01
   2.400  0.5338E+00  0.9219E+01
   2.420  0.5599E+00  0.9230E+01
   2.440  0.5848E+00  0.9242E+01
   2.460  0.6064E+00  0.9254E+01
   2.480  0.6235E+00  0.9267E+01
   2.500  0.6361E+00  0.9279E+01
   2.520  0.6446E+00  0.9292E+01
   2.540  0.6500E+00  0.9305E+01
   2.560  0.6530E+00  0.9318E+01
   2.580  0.6541E+00  0.9332E+01
   2.600  0.6541E+00  0.9345E+01
   2.620  0.6536E+00  0.9358E+01
   2.640  0.6531E+00  0.9371E+01
   2.660  0.6531E+00  0.9384E+01
   2.680  0.6539E+00  0.9397E+01
   2.700  0.6559E+00  0.9410E+01
   2.720  0.6594E+00  0.9423E+01
   2.740  0.6655E+00  0.9436E+01
   2.760  0.6751E+00  0.9450E+01
   2.780  0.6894E+00  0.9464E+01
   2.800  0.7085E+00  0.9478E+01
   2.820  0.7319E+00  0.9493E+01
   2.840  0.7577E+00  0.9508E+01
   2.860  0.7834E+00  0.9523E+01
   2.880  0.8066E+00  0.9540E+01
   2.900  0.8259E+00  0.9556E+01
   2.920  0.8406E+00  0.9573E+01
   2.940  0.8510E+00  0.9590E+01
   2.960  0.8579E+00  0.9607E+01
   2.980  0.8621E+00  0.9624E+01
   3.000  0.8641E+00  0.9642E+01
   3.020  0.8647E+00  0.9659E+01
   3.040  0.8643E+00  0.9676E+01
   3.060  0.8636E+00  0.9693E+01
   3.080  0.8631E+00  0.9711E+01
   3.100  0.8628E+00  0.9728E+01
   3.120  0.8628E+00  0.9745E+01
   3.140  0.8626E+00  0.9762E+01
   3.160  0.8622E+00  0.9780E+01
   3.180  0.8613E+00  0.9797E+01
   3.200  0.8604E+00  0.9814E+01
   3.220  0.8597E+00  0.9831E+01
   3.240  0.8594E+00  0.9848E+01
   3.260  0.8593E+00  0.9866E+01
   3.280  0.8593E+00  0.9883E+01
   3.300  0.8589E+00  0.9900E+01
   3.320  0.8582E+00  0.9917E+01
   3.340  0.8573E+00  0.9934E+01
   3.360  0.8566E+00  0.9951E+01
   3.380  0.8562E+00  0.9969E+01
   3.400  0.8561E+00  0.9986E+01
   3.420  0.8561E+00  0.1000E+02
   3.440  0.8559E+00  0.1002E+02
   3.460  0.8554E+00  0.1004E+02
   3.480  0.8545E+00  0.1005E+02
   3.500  0.8537E+00  0.1007E+02
   3.520  0.8532E+00  0.1009E+02
   3.540  0.8531E+00  0.1011E+02
   3.560  0.8531E+00  0.1012E+02
   3.580  0.8531E+00  0.1014E+02
   3.600  0.8527E+00  0.1016E+02
   3.620  0.8519E+00  0.1017E+02
   3.640  0.8511E+00  0.1019E+02
   3.660  0.8505E+00  0.1021E+02
   3.680  0.8503E+00  0.1022E+02
   3.700  0.8504E+00  0.1024E+02
   3.720  0.8505E+00  0.1026E+02
   3.740  0.8503E+00  0.1028E+02
   3.760  0.8497E+00  0.1029E+02
   3.780  0.8489E+00  0.1031E+02
   3.800  0.8482E+00  0.1033E+02
   3.820  0.8479E+00  0.1034E+02
   3.840  0.8480E+00  0.1036E+02
   3.860  0.8482E+00  0.1038E+02
   3.880  0.8482E+00  0.1039E+02
   3.900  0.8478E+00  0.1041E+02
   3.920  0.8471E+00  0.1043E+02
   3.940  0.8464E+00  0.1045E+02
   3.960  0.8460E+00  0.1046E+02
   3.980  0.8461E+00  0.1048E+02
   4.000  0.8464E+00  0.1050E+02
   4.020  0.8466E+00  0.1051E+02
   4.040  0.8464E+00  0.1053E+02
   4.060  0.8460E+00  0.1055E+02
   4.080  0.8454E+00  0.1056E+02
   4.100  0.8450E+00  0.1058E+02
   4.120  0.8450E+00  0.1060E+02
   4.140  0.8454E+00  0.1061E+02
   4.160  0.8459E+00  0.1063E+02
   4.180  0.8462E+00  0.1065E+02
   4.200  0.8461E+00  0.1067E+02
   4.220  0.8457E+00  0.1068E+02
   4.240  0.8455E+00  0.1070E+02
   4.260  0.8457E+00  0.1072E+02
   4.280  0.8464E+00  0.1073E+02
   4.300  0.8473E+00  0.1075E+02
   4.320  0.8482E+00  0.1077E+02
   4.340  0.8489E+00  0.1078E+02
   4.360  0.8493E+00  0.1080E+02
   4.380  0.8499E+00  0.1082E+02
   4.400  0.8510E+00  0.1083E+02
   4.420  0.8529E+00  0.1085E+02
   4.440  0.8555E+00  0.1087E+02
   4.460  0.8586E+00  0.1089E+02
   4.480  0.8624E+00  0.1090E+02
   4.500  0.8670E+00  0.1092E+02
   4.520  0.8727E+00  0.1094E+02
   4.540  0.8801E+00  0.1096E+02
   4.560  0.8893E+00  0.1097E+02
   4.580  0.8998E+00  0.1099E+02
   4.600  0.9104E+00  0.1101E+02
   4.620  0.9193E+00  0.1103E+02
   4.640  0.9247E+00  0.1105E+02
   4.660  0.9255E+00  0.1107E+02
   4.680  0.9217E+00  0.1108E+02
   4.700  0.9140E+00  0.1110E+02
   4.720  0.9034E+00  0.1112E+02
   4.740  0.8907E+00  0.1114E+02
   4.760  0.8761E+00  0.1116E+02
   4.780  0.8597E+00  0.1117E+02
   4.800  0.8423E+00  0.1119E+02
   4.820  0.8253E+00  0.1121E+02
   4.840  0.8113E+00  0.1122E+02
   4.860  0.8035E+00  0.1124E+02
   4.880  0.8055E+00  0.1125E+02
   4.900  0.8198E+00  0.1127E+02
   4.920  0.8479E+00  0.1129E+02
   4.940  0.8890E+00  0.1131E+02
   4.960  0.9398E+00  0.1132E+02
   4.980  0.9949E+00  0.1134E+02
   5.000  0.1048E+01  0.1136E+02
   5.020  0.1092E+01  0.1139E+02
   5.040  0.1123E+01  0.1141E+02
   5.060  0.1140E+01  0.1143E+02
   5.080  0.1144E+01  0.1145E+02
   5.100  0.1139E+01  0.1148E+02
   5.120  0.1128E+01  0.1150E+02
   5.140  0.1116E+01  0.1152E+02
   5.160  0.1104E+01  0.1154E+02
   5.180  0.1095E+01  0.1157E+02
   5.200  0.1088E+01  0.1159E+02
   5.220  0.1082E+01  0.1161E+02
   5.240  0.1078E+01  0.1163E+02
   5.260  0.1074E+01  0.1165E+02
   5.280  0.1070E+01  0.1167E+02
   5.300  0.1068E+01  0.1170E+02
   5.320  0.1066E+01  0.1172E+02
   5.340  0.1065E+01  0.1174E+02
   5.360  0.1064E+01  0.1176E+02
   5.380  0.1063E+01  0.1178E+02
   5.400  0.1062E+01  0.1180E+02
   5.420  0.1061E+01  0.1182E+02
   5.440  0.1060E+01  0.1184E+02
   5.460  0.1061E+01  0.1187E+02
   5.480  0.1063E+01  0.1189E+02
   5.500  0.1068E+01  0.1191E+02
   5.520  0.1076E+01  0.1193E+02
   5.540  0.1089E+01  0.1195E+02
   5.560  0.1112E+01  0.1197E+02
   5.580  0.1145E+01  0.1200E+02
   5.600  0.1191E+01  0.1202E+02
   5.620  0.1248E+01  0.1205E+02
   5.640  0.1313E+01  0.1207E+02
   5.660  0.1380E+01  0.1210E+02
   5.680  0.1445E+01  0.1213E+02
   5.700  0.1501E+01  0.1216E+02
   5.720  0.1545E+01  0.1219E+02
   5.740  0.1574E+01  0.1222E+02
   5.760  0.1588E+01  0.1225E+02
   5.780  0.1588E+01  0.1228E+02
   5.800  0.1576E+01  0.1232E+02
   5.820  0.1557E+01  0.1235E+02
   5.840  0.1536E+01  0.1238E+02
   5.860  0.1520E+01  0.1241E+02
   5.880  0.1511E+01  0.1244E+02
   5.900  0.1512E+01  0.1247E+02
   5.920  0.1521E+01  0.1250E+02
   5.940  0.1536E+01  0.1253E+02
   5.960  0.1552E+01  0.1256E+02
   5.980  0.1564E+01  0.1259E+02
   6.000  0.1569E+01  0.1262E+02
   6.020  0.1566E+01  0.1265E+02
   6.040  0.1555E+01  0.1269E+02
   6.060  0.1537E+01  0.1272E+02
   6.080  0.1517E+01  0.1275E+02
   6.100  0.1495E+01  0.1278E+02
   6.120  0.1473E+01  0.1281E+02
   6.140  0.1447E+01  0.1284E+02
   6.160  0.1418E+01  0.1286E+02
   6.180  0.1381E+01  0.1289E+02
   6.200  0.1337E+01  0.1292E+02
   6.220  0.1285E+01  0.1294E+02
   6.240  0.1228E+01  0.1297E+02
   6.260  0.1168E+01  0.1299E+02
   6.280  0.1110E+01  0.1301E+02
   6.300  0.1056E+01  0.1303E+02
   6.320  0.1008E+01  0.1306E+02
   6.340  0.9689E+00  0.1307E+02
   6.360  0.9381E+00  0.1309E+02
   6.380  0.9148E+00  0.1311E+02
   6.400  0.8978E+00  0.1313E+02
   6.420  0.8854E+00  0.1315E+02
   6.440  0.8758E+00  0.1316E+02
   6.460  0.8680E+00  0.1318E+02
   6.480  0.8611E+00  0.1320E+02
   6.500  0.8548E+00  0.1322E+02
   6.520  0.8489E+00  0.1323E+02
   6.540  0.8434E+00  0.1325E+02
   6.560  0.8384E+00  0.1327E+02
   6.580  0.8337E+00  0.1328E+02
   6.600  0.8293E+00  0.1330E+02
   6.620  0.8249E+00  0.1332E+02
   6.640  0.8202E+00  0.1333E+02
   6.660  0.8155E+00  0.1335E+02
   6.680  0.8109E+00  0.1337E+02
   6.700  0.8068E+00  0.1338E+02
   6.720  0.8033E+00  0.1340E+02
   6.740  0.8002E+00  0.1341E+02
   6.760  0.7970E+00  0.1343E+02
   6.780  0.7933E+00  0.1345E+02
   6.800  0.7891E+00  0.1346E+02
   6.820  0.7849E+00  0.1348E+02
   6.840  0.7813E+00  0.1349E+02
   6.860  0.7787E+00  0.1351E+02
   6.880  0.7765E+00  0.1352E+02
   6.900  0.7742E+00  0.1354E+02
   6.920  0.7712E+00  0.1355E+02
   6.940  0.7675E+00  0.1357E+02
   6.960  0.7638E+00  0.1359E+02
   6.980  0.7604E+00  0.1360E+02
   7.000  0.7580E+00  0.1362E+02
   7.020  0.7562E+00  0.1363E+02
   7.040  0.7545E+00  0.1365E+02
   7.060  0.7525E+00  0.1366E+02
   7.080  0.7499E+00  0.1368E+02
   7.100  0.7466E+00  0.1369E+02
   7.120  0.7432E+00  0.1371E+02
   7.140  0.7403E+00  0.1372E+02
   7.160  0.7383E+00  0.1374E+02
   7.180  0.7371E+00  0.1375E+02
   7.200  0.7363E+00  0.1376E+02
   7.220  0.7349E+00  0.1378E+02
   7.240  0.7326E+00  0.1379E+02
   7.260  0.7291E+00  0.1381E+02
   7.280  0.7255E+00  0.1382E+02
   7.300  0.7226E+00  0.1384E+02
   7.320  0.7212E+00  0.1385E+02
   7.340  0.7212E+00  0.1387E+02
   7.360  0.7215E+00  0.1388E+02
   7.380  0.7207E+00  0.1390E+02
   7.400  0.7181E+00  0.1391E+02
   7.420  0.7139E+00  0.1392E+02
   7.440  0.7097E+00  0.1394E+02
   7.460  0.7070E+00  0.1395E+02
   7.480  0.7068E+00  0.1397E+02
   7.500  0.7083E+00  0.1398E+02
   7.520  0.7096E+00  0.1399E+02
   7.540  0.7089E+00  0.1401E+02
   7.560  0.7055E+00  0.1402E+02
   7.580  0.7004E+00  0.1404E+02
   7.600  0.6958E+00  0.1405E+02
   7.620  0.6937E+00  0.1406E+02
   7.640  0.6949E+00  0.1408E+02
   7.660  0.6977E+00  0.1409E+02
   7.680  0.6997E+00  0.1411E+02
   7.700  0.6988E+00  0.1412E+02
   7.720  0.6945E+00  0.1413E+02
   7.740  0.6887E+00  0.1415E+02
   7.760  0.6841E+00  0.1416E+02
   7.780  0.6829E+00  0.1418E+02
   7.800  0.6851E+00  0.1419E+02
   7.820  0.6887E+00  0.1420E+02
   7.840  0.6910E+00  0.1422E+02
   7.860  0.6898E+00  0.1423E+02
   7.880  0.6854E+00  0.1424E+02
   7.900  0.6796E+00  0.1426E+02
   7.920  0.6753E+00  0.1427E+02
   7.940  0.6745E+00  0.1429E+02
   7.960  0.6769E+00  0.1430E+02
   7.980  0.6807E+00  0.1431E+02
   8.000  0.6831E+00  0.1433E+02
   8.020  0.6824E+00  0.1434E+02
   8.040  0.6785E+00  0.1435E+02
   8.060  0.6733E+00  0.1437E+02
   8.080  0.6692E+00  0.1438E+02
   8.100  0.6682E+00  0.1439E+02
   8.120  0.6702E+00  0.1441E+02
   8.140  0.6738E+00  0.1442E+02
   8.160  0.6766E+00  0.1443E+02
   8.180  0.6767E+00  0.1445E+02
   8.200  0.6738E+00  0.1446E+02
   8.220  0.6694E+00  0.1447E+02
   8.240  0.6656E+00  0.1449E+02
   8.260  0.6644E+00  0.1450E+02
   8.280  0.6662E+00  0.1451E+02
   8.300  0.6695E+00  0.1453E+02
   8.320  0.6723E+00  0.1454E+02
   8.340  0.6729E+00  0.1455E+02
   8.360  0.6710E+00  0.1457E+02
   8.380  0.6678E+00  0.1458E+02
   8.400  0.6651E+00  0.1459E+02
   8.420  0.6644E+00  0.1461E+02
   8.440  0.6660E+00  0.1462E+02
   8.460  0.6688E+00  0.1463E+02
   8.480  0.6712E+00  0.1465E+02
   8.500  0.6721E+00  0.1466E+02
   8.520  0.6713E+00  0.1467E+02
   8.540  0.6697E+00  0.1469E+02
   8.560  0.6687E+00  0.1470E+02
   8.580  0.6691E+00  0.1471E+02
   8.600  0.6711E+00  0.1473E+02
   8.620  0.6739E+00  0.1474E+02
   8.640  0.6765E+00  0.1476E+02
   8.660  0.6780E+00  0.1477E+02
   8.680  0.6786E+00  0.1478E+02
   8.700  0.6792E+00  0.1480E+02
   8.720  0.6812E+00  0.1481E+02
   8.740  0.6859E+00  0.1482E+02
   8.760  0.6942E+00  0.1484E+02
   8.780  0.7064E+00  0.1485E+02
   8.800  0.7231E+00  0.1487E+02
   8.820  0.7452E+00  0.1488E+02
   8.840  0.7741E+00  0.1490E+02
   8.860  0.8110E+00  0.1491E+02
   8.880  0.8563E+00  0.1493E+02
   8.900  0.9086E+00  0.1495E+02
   8.920  0.9646E+00  0.1497E+02
   8.940  0.1019E+01  0.1499E+02
   8.960  0.1067E+01  0.1501E+02
   8.980  0.1103E+01  0.1503E+02
   9.000  0.1124E+01  0.1505E+02
   9.020  0.1128E+01  0.1508E+02
   9.040  0.1117E+01  0.1510E+02
   9.060  0.1094E+01  0.1512E+02
   9.080  0.1063E+01  0.1514E+02
   9.100  0.1026E+01  0.1516E+02
   9.120  0.9877E+00  0.1518E+02
   9.140  0.9495E+00  0.1520E+02
   9.160  0.9131E+00  0.1522E+02
   9.180  0.8800E+00  0.1524E+02
   9.200  0.8515E+00  0.1525E+02
   9.220  0.8285E+00  0.1527E+02
   9.240  0.8109E+00  0.1529E+02
   9.260  0.7977E+00  0.1530E+02
   9.280  0.7868E+00  0.1532E+02
   9.300  0.7759E+00  0.1533E+02
   9.320  0.7633E+00  0.1535E+02
   9.340  0.7485E+00  0.1536E+02
   9.360  0.7323E+00  0.1538E+02
   9.380  0.7161E+00  0.1539E+02
   9.400  0.7016E+00  0.1541E+02
   9.420  0.6895E+00  0.1542E+02
   9.440  0.6796E+00  0.1543E+02
   9.460  0.6711E+00  0.1545E+02
   9.480  0.6627E+00  0.1546E+02
   9.500  0.6540E+00  0.1547E+02
   9.520  0.6453E+00  0.1549E+02
   9.540  0.6377E+00  0.1550E+02
   9.560  0.6322E+00  0.1551E+02
   9.580  0.6293E+00  0.1552E+02
   9.600  0.6284E+00  0.1554E+02
   9.620  0.6279E+00  0.1555E+02
   9.640  0.6260E+00  0.1556E+02
   9.660  0.6216E+00  0.1557E+02
   9.680  0.6147E+00  0.1559E+02
   9.700  0.6065E+00  0.1560E+02
   9.720  0.5988E+00  0.1561E+02
   9.740  0.5931E+00  0.1562E+02
   9.760  0.5896E+00  0.1564E+02
   9.780  0.5873E+00  0.1565E+02
   9.800  0.5842E+00  0.1566E+02
   9.820  0.5783E+00  0.1567E+02
   9.840  0.5684E+00  0.1568E+02
   9.860  0.5545E+00  0.1569E+02
   9.880  0.5374E+00  0.1570E+02
   9.900  0.5181E+00  0.1571E+02
   9.920  0.4972E+00  0.1572E+02
   9.940  0.4746E+00  0.1573E+02
   9.960  0.4494E+00  0.1574E+02
   9.980  0.4210E+00  0.1575E+02
  10.000  0.3896E+00  0.1576E+02
  10.020  0.3566E+00  0.1577E+02
  10.040  0.3244E+00  0.1577E+02
  10.060  0.2955E+00  0.1578E+02
  10.080  0.2716E+00  0.1578E+02
  10.100  0.2531E+00  0.1579E+02
  10.120  0.2391E+00  0.1579E+02
  10.140  0.2281E+00  0.1580E+02
  10.160  0.2190E+00  0.1580E+02
  10.180  0.2113E+00  0.1581E+02
  10.200  0.2053E+00  0.1581E+02
  10.220  0.2013E+00  0.1581E+02
  10.240  0.1992E+00  0.1582E+02
  10.260  0.1982E+00  0.1582E+02
  10.280  0.1972E+00  0.1583E+02
  10.300  0.1956E+00  0.1583E+02
  10.320  0.1932E+00  0.1583E+02
  10.340  0.1905E+00  0.1584E+02
  10.360  0.1879E+00  0.1584E+02
  10.380  0.1856E+00  0.1585E+02
  10.400  0.1837E+00  0.1585E+02
  10.420  0.1819E+00  0.1585E+02
  10.440  0.1801E+00  0.1586E+02
  10.460  0.1786E+00  0.1586E+02
  10.480  0.1774E+00  0.1586E+02
  10.500  0.1765E+00  0.1587E+02
  10.520  0.1753E+00  0.1587E+02
  10.540  0.1734E+00  0.1587E+02
  10.560  0.1706E+00  0.1588E+02
  10.580  0.1675E+00  0.1588E+02
  10.600  0.1651E+00  0.1588E+02
  10.620  0.1642E+00  0.1589E+02
  10.640  0.1645E+00  0.1589E+02
  10.660  0.1653E+00  0.1589E+02
  10.680  0.1651E+00  0.1590E+02
  10.700  0.1632E+00  0.1590E+02
  10.720  0.1600E+00  0.1590E+02
  10.740  0.1566E+00  0.1591E+02
  10.760  0.1546E+00  0.1591E+02
  10.780  0.1544E+00  0.1591E+02
  10.800  0.1557E+00  0.1592E+02
  10.820  0.1570E+00  0.1592E+02
  10.840  0.1572E+00  0.1592E+02
  10.860  0.1560E+00  0.1593E+02
  10.880  0.1540E+00  0.1593E+02
  10.900  0.1521E+00  0.1593E+02
  10.920  0.1512E+00  0.1593E+02
  10.940  0.1516E+00  0.1594E+02
  10.960  0.1529E+00  0.1594E+02
  10.980  0.1546E+00  0.1594E+02
  11.000  0.1563E+00  0.1595E+02
  11.020  0.1580E+00  0.1595E+02
  11.040  0.1601E+00  0.1595E+02
  11.060  0.1630E+00  0.1596E+02
  11.080  0.1673E+00  0.1596E+02
  11.100  0.1732E+00  0.1596E+02
  11.120  0.1802E+00  0.1597E+02
  11.140  0.1876E+00  0.1597E+02
  11.160  0.1936E+00  0.1597E+02
  11.180  0.1963E+00  0.1598E+02
  11.200  0.1936E+00  0.1598E+02
  11.220  0.1844E+00  0.1599E+02
  11.240  0.1682E+00  0.1599E+02
  11.260  0.1460E+00  0.1599E+02
  11.280  0.1199E+00  0.1599E+02
  11.300  0.9278E-01  0.1600E+02
  11.320  0.6731E-01  0.1600E+02
  11.340  0.4562E-01  0.1600E+02
  11.360  0.2880E-01  0.1600E+02
  11.380  0.1688E-01  0.1600E+02
  11.400  0.9173E-02  0.1600E+02
  11.420  0.4610E-02  0.1600E+02
  11.440  0.2140E-02  0.1600E+02
  11.460  0.9162E-03  0.1600E+02
  11.480  0.3615E-03  0.1600E+02
  11.500  0.1313E-03  0.1600E+02
  11.520  0.4389E-04  0.1600E+02
  11.540  0.1349E-04  0.1600E+02
  11.560  0.3811E-05  0.1600E+02
  11.580  0.9892E-06  0.1600E+02
  11.600  0.2358E-06  0.1600E+02
  11.620  0.5161E-07  0.1600E+02
  11.640  0.1037E-07  0.1600E+02
  11.660  0.1911E-08  0.1600E+02
  11.680  0.3233E-09  0.1600E+02
  11.700  0.5017E-10  0.1600E+02
  11.720  0.7141E-11  0.1600E+02
  11.740  0.9321E-12  0.1600E+02
  11.760  0.1116E-12  0.1600E+02
  11.780  0.1224E-13  0.1600E+02
  11.800  0.1232E-14  0.1600E+02
  11.820  0.1136E-15  0.1600E+02
  11.840  0.9606E-17  0.1600E+02
  11.860  0.7443E-18  0.1600E+02
  11.880  0.5286E-19  0.1600E+02
  11.900  0.3441E-20  0.1600E+02
  11.920  0.2052E-21  0.1600E+02
  11.940  0.1122E-22  0.1600E+02
  11.960  0.5617E-24  0.1600E+02
  11.980  0.2578E-25  0.1600E+02
  12.000  0.1084E-26  0.1600E+02
  12.020  0.4175E-28  0.1600E+02
  12.040  0.1473E-29  0.1600E+02
  12.060  0.4764E-31  0.1600E+02
  12.080  0.1411E-32  0.1600E+02
  12.100  0.3830E-34  0.1600E+02
  12.120  0.9520E-36  0.1600E+02
  12.140  0.2168E-37  0.1600E+02
  12.160  0.4522E-39  0.1600E+02
  12.180  0.8641E-41  0.1600E+02
  12.200  0.1512E-42  0.1600E+02
  12.220  0.2425E-44  0.1600E+02
  12.240  0.3561E-46  0.1600E+02
  12.260  0.4790E-48  0.1600E+02
  12.280  0.5902E-50  0.1600E+02
  12.300  0.6661E-52  0.1600E+02
  12.320  0.6885E-54  0.1600E+02
  12.340  0.6518E-56  0.1600E+02
  12.360  0.5652E-58  0.1600E+02
  12.380  0.4489E-60  0.1600E+02
  12.400  0.3265E-62  0.1600E+02
  12.420  0.2176E-64  0.1600E+02
  12.440  0.1327E-66  0.1600E+02
  12.460  0.7419E-69  0.1600E+02
  12.480  0.3797E-71  0.1600E+02
  12.500  0.1780E-73  0.1600E+02
  12.520  0.7642E-76  0.1600E+02
  12.540  0.3005E-78  0.1600E+02
  12.560  0.1082E-80  0.1600E+02
  12.580  0.3700E-83  0.1600E+02
  12.600  0.1419E-84  0.1600E+02
  12.620  0.1312E-84  0.1600E+02
  12.640  0.1312E-84  0.1600E+02
  12.660  0.1312E-84  0.1600E+02
  12.680  0.1312E-84  0.1600E+02
  12.700  0.1312E-84  0.1600E+02
  12.720  0.1312E-84  0.1600E+02
  12.740  0.1312E-84  0.1600E+02
  12.760  0.1312E-84  0.1600E+02
  12.780  0.1312E-84  0.1600E+02
  12.800  0.1312E-84  0.1600E+02
  12.820  0.1312E-84  0.1600E+02
  12.840  0.1312E-84  0.1600E+02
  12.860  0.1312E-84  0.1600E+02
  12.880  0.1312E-84  0.1600E+02
  12.900  0.1312E-84  0.1600E+02
  12.920  0.1312E-84  0.1600E+02
  12.940  0.1312E-84  0.1600E+02
  12.960  0.1312E-84  0.1600E+02
  12.980  0.1312E-84  0.1600E+02
  13.000  0.1312E-84  0.1600E+02
  13.020  0.1312E-84  0.1600E+02
  13.040  0.1312E-84  0.1600E+02
  13.060  0.1312E-84  0.1600E+02
  13.080  0.1312E-84  0.1600E+02
  13.100  0.1312E-84  0.1600E+02
  13.120  0.1312E-84  0.1600E+02
  13.140  0.1312E-84  0.1600E+02
  13.160  0.1312E-84  0.1600E+02
  13.180  0.1312E-84  0.1600E+02
  13.200  0.1312E-84  0.1600E+02
  13.220  0.1312E-84  0.1600E+02
  13.240  0.1312E-84  0.1600E+02
  13.260  0.1312E-84  0.1600E+02
  13.280  0.1312E-84  0.1600E+02
  13.300  0.1312E-84  0.1600E+02
  13.320  0.1312E-84  0.1600E+02
  13.340  0.1312E-84  0.1600E+02
  13.360  0.1312E-84  0.1600E+02
  13.380  0.1312E-84  0.1600E+02
  13.400  0.1312E-84  0.1600E+02
  13.420  0.1312E-84  0.1600E+02
  13.440  0.1312E-84  0.1600E+02
  13.460  0.1312E-84  0.1600E+02
  13.480  0.1312E-84  0.1600E+02
  13.500  0.1312E-84  0.1600E+02
  13.520  0.1312E-84  0.1600E+02
  13.540  0.1312E-84  0.1600E+02
  13.560  0.1312E-84  0.1600E+02
  13.580  0.1312E-84  0.1600E+02
  13.600  0.1312E-84  0.1600E+02
  13.620  0.1312E-84  0.1600E+02
  13.640  0.1312E-84  0.1600E+02
  13.660  0.1312E-84  0.1600E+02
  13.680  0.1312E-84  0.1600E+02
  13.700  0.1312E-84  0.1600E+02
  13.720  0.1312E-84  0.1600E+02
  13.740  0.1312E-84  0.1600E+02
  13.760  0.1312E-84  0.1600E+02
  13.780  0.1312E-84  0.1600E+02
  13.800  0.1312E-84  0.1600E+02
  13.820  0.1312E-84  0.1600E+02
  13.840  0.1312E-84  0.1600E+02
  13.860  0.1312E-84  0.1600E+02
  13.880  0.1312E-84  0.1600E+02
  13.900  0.1312E-84  0.1600E+02
  13.920  0.1312E-84  0.1600E+02
  13.940  0.1312E-84  0.1600E+02
  13.960  0.1312E-84  0.1600E+02
  13.980  0.1312E-84  0.1600E+02
  14.000  0.1312E-84  0.1600E+02
  14.020  0.1312E-84  0.1600E+02
  14.040  0.1312E-84  0.1600E+02
  14.060  0.1312E-84  0.1600E+02
  14.080  0.1312E-84  0.1600E+02
  14.100  0.1312E-84  0.1600E+02
  14.120  0.1312E-84  0.1600E+02
  14.140  0.1312E-84  0.1600E+02
  14.160  0.1312E-84  0.1600E+02
  14.180  0.1312E-84  0.1600E+02
  14.200  0.1312E-84  0.1600E+02
  14.220  0.1312E-84  0.1600E+02
  14.240  0.1312E-84  0.1600E+02
  14.260  0.1312E-84  0.1600E+02
  14.280  0.1312E-84  0.1600E+02
  14.300  0.1312E-84  0.1600E+02
  14.320  0.1312E-84  0.1600E+02
  14.340  0.1312E-84  0.1600E+02
  14.360  0.1312E-84  0.1600E+02
  14.380  0.1312E-84  0.1600E+02
  14.400  0.1312E-84  0.1600E+02
  14.420  0.1312E-84  0.1600E+02
  14.440  0.1312E-84  0.1600E+02
  14.460  0.1312E-84  0.1600E+02
  14.480  0.1312E-84  0.1600E+02
  14.500  0.1312E-84  0.1600E+02
  14.520  0.1312E-84  0.1600E+02
  14.540  0.1312E-84  0.1600E+02
  14.560  0.1312E-84  0.1600E+02
  14.580  0.1312E-84  0.1600E+02
  14.600  0.1312E-84  0.1600E+02
  14.620  0.1312E-84  0.1600E+02
  14.640  0.1312E-84  0.1600E+02
  14.660  0.1312E-84  0.1600E+02
  14.680  0.1312E-84  0.1600E+02
  14.700  0.1312E-84  0.1600E+02
  14.720  0.1312E-84  0.1600E+02
  14.740  0.1312E-84  0.1600E+02
  14.760  0.1312E-84  0.1600E+02
  14.780  0.1312E-84  0.1600E+02
  14.800  0.1312E-84  0.1600E+02
  14.820  0.1312E-84  0.1600E+02
  14.840  0.1312E-84  0.1600E+02
  14.860  0.1312E-84  0.1600E+02
  14.880  0.1312E-84  0.1600E+02
  14.900  0.1312E-84  0.1600E+02
  14.920  0.1312E-84  0.1600E+02
  14.940  0.1312E-84  0.1600E+02
  14.960  0.1312E-84  0.1600E+02
  14.980  0.1312E-84  0.1600E+02
  15.000  0.1312E-84  0.1600E+02
