 &plot nbnd=   9, nks=   401 /
            0.000000  0.000000  0.000000
  -20.440  -14.026   -8.820   -8.647   -7.970   -0.506   -0.319   -0.014    0.004
            0.000000  0.000000  0.002500
  -20.440  -14.026   -8.820   -8.647   -7.970   -0.506   -0.319   -0.014    0.004
            0.000000  0.000000  0.005000
  -20.440  -14.026   -8.820   -8.646   -7.972   -0.505   -0.318   -0.013    0.004
            0.000000  0.000000  0.007500
  -20.439  -14.026   -8.820   -8.646   -7.974   -0.504   -0.318   -0.013    0.005
            0.000000  0.000000  0.010000
  -20.439  -14.025   -8.820   -8.645   -7.978   -0.503   -0.317   -0.012    0.006
            0.000000  0.000000  0.012500
  -20.438  -14.024   -8.820   -8.644   -7.982   -0.502   -0.316   -0.011    0.007
            0.000000  0.000000  0.015000
  -20.436  -14.023   -8.820   -8.642   -7.987   -0.500   -0.314   -0.010    0.009
            0.000000  0.000000  0.017500
  -20.435  -14.022   -8.819   -8.640   -7.994   -0.498   -0.312   -0.009    0.011
            0.000000  0.000000  0.020000
  -20.433  -14.021   -8.819   -8.638   -8.001   -0.496   -0.310   -0.008    0.013
            0.000000  0.000000  0.022500
  -20.432  -14.019   -8.819   -8.636   -8.009   -0.494   -0.308   -0.006    0.016
            0.000000  0.000000  0.025000
  -20.430  -14.017   -8.819   -8.633   -8.018   -0.491   -0.306   -0.004    0.019
            0.000000  0.000000  0.027500
  -20.427  -14.015   -8.819   -8.631   -8.028   -0.488   -0.303   -0.002    0.022
            0.000000  0.000000  0.030000
  -20.425  -14.013   -8.819   -8.628   -8.039   -0.484   -0.300    0.000    0.026
            0.000000  0.000000  0.032500
  -20.422  -14.011   -8.819   -8.624   -8.051   -0.480   -0.296    0.003    0.029
            0.000000  0.000000  0.035000
  -20.419  -14.009   -8.819   -8.621   -8.064   -0.476   -0.293    0.005    0.033
            0.000000  0.000000  0.037500
  -20.416  -14.006   -8.819   -8.617   -8.078   -0.472   -0.289    0.008    0.038
            0.000000  0.000000  0.040000
  -20.413  -14.003   -8.819   -8.613   -8.092   -0.467   -0.285    0.011    0.043
            0.000000  0.000000  0.042500
  -20.409  -14.000   -8.819   -8.608   -8.108   -0.462   -0.281    0.014    0.048
            0.000000  0.000000  0.045000
  -20.406  -13.997   -8.818   -8.604   -8.124   -0.457   -0.276    0.017    0.053
            0.000000  0.000000  0.047500
  -20.402  -13.994   -8.818   -8.599   -8.141   -0.452   -0.271    0.021    0.059
            0.000000  0.000000  0.050000
  -20.398  -13.990   -8.818   -8.593   -8.159   -0.446   -0.266    0.024    0.065
            0.000000  0.000000  0.052500
  -20.393  -13.987   -8.818   -8.588   -8.178   -0.440   -0.260    0.028    0.071
            0.000000  0.000000  0.055000
  -20.389  -13.983   -8.818   -8.582   -8.198   -0.433   -0.255    0.032    0.077
            0.000000  0.000000  0.057500
  -20.384  -13.979   -8.818   -8.576   -8.219   -0.427   -0.249    0.036    0.084
            0.000000  0.000000  0.060000
  -20.379  -13.974   -8.818   -8.570   -8.240   -0.420   -0.243    0.040    0.091
            0.000000  0.000000  0.062500
  -20.374  -13.970   -8.818   -8.563   -8.263   -0.412   -0.236    0.045    0.099
            0.000000  0.000000  0.065000
  -20.368  -13.965   -8.818   -8.557   -8.286   -0.405   -0.229    0.049    0.107
            0.000000  0.000000  0.067500
  -20.363  -13.961   -8.817   -8.549   -8.309   -0.397   -0.222    0.054    0.115
            0.000000  0.000000  0.070000
  -20.357  -13.956   -8.817   -8.542   -8.334   -0.388   -0.215    0.059    0.123
            0.000000  0.000000  0.072500
  -20.351  -13.951   -8.817   -8.535   -8.359   -0.380   -0.208    0.064    0.132
            0.000000  0.000000  0.075000
  -20.344  -13.945   -8.817   -8.527   -8.385   -0.371   -0.200    0.069    0.141
            0.000000  0.000000  0.077500
  -20.338  -13.940   -8.817   -8.518   -8.412   -0.362   -0.192    0.074    0.150
            0.000000  0.000000  0.080000
  -20.331  -13.934   -8.817   -8.510   -8.440   -0.353   -0.184    0.080    0.160
            0.000000  0.000000  0.082500
  -20.324  -13.929   -8.817   -8.501   -8.468   -0.343   -0.175    0.085    0.169
            0.000000  0.000000  0.085000
  -20.317  -13.923   -8.817   -8.497   -8.492   -0.333   -0.166    0.091    0.180
            0.000000  0.000000  0.087500
  -20.310  -13.917   -8.817   -8.526   -8.483   -0.323   -0.157    0.097    0.190
            0.000000  0.000000  0.090000
  -20.302  -13.910   -8.817   -8.556   -8.474   -0.312   -0.148    0.102    0.201
            0.000000  0.000000  0.092500
  -20.294  -13.904   -8.817   -8.587   -8.464   -0.302   -0.138    0.108    0.212
            0.000000  0.000000  0.095000
  -20.286  -13.897   -8.817   -8.619   -8.454   -0.290   -0.129    0.114    0.223
            0.000000  0.000000  0.097500
  -20.278  -13.891   -8.818   -8.651   -8.444   -0.279   -0.119    0.120    0.235
            0.000000  0.000000  0.100000
  -20.270  -13.884   -8.818   -8.683   -8.433   -0.267   -0.108    0.127    0.247
            0.000000  0.000000  0.102500
  -20.261  -13.876   -8.818   -8.716   -8.423   -0.255   -0.098    0.133    0.260
            0.000000  0.000000  0.105000
  -20.252  -13.869   -8.818   -8.750   -8.411   -0.243   -0.087    0.139    0.272
            0.000000  0.000000  0.107500
  -20.243  -13.862   -8.819   -8.784   -8.400   -0.230   -0.076    0.145    0.285
            0.000000  0.000000  0.110000
  -20.234  -13.854   -8.826   -8.812   -8.389   -0.218   -0.065    0.152    0.298
            0.000000  0.000000  0.112500
  -20.225  -13.847   -8.857   -8.817   -8.377   -0.204   -0.054    0.158    0.312
            0.000000  0.000000  0.115000
  -20.215  -13.839   -8.892   -8.818   -8.365   -0.191   -0.042    0.164    0.326
            0.000000  0.000000  0.117500
  -20.205  -13.831   -8.928   -8.819   -8.352   -0.177   -0.030    0.171    0.340
            0.000000  0.000000  0.120000
  -20.195  -13.822   -8.965   -8.819   -8.340   -0.163   -0.018    0.177    0.354
            0.000000  0.000000  0.122500
  -20.185  -13.814   -9.002   -8.820   -8.327   -0.149   -0.006    0.184    0.369
            0.000000  0.000000  0.125000
  -20.174  -13.806   -9.040   -8.820   -8.314   -0.134    0.007    0.190    0.384
            0.000000  0.000000  0.127500
  -20.163  -13.797   -9.078   -8.821   -8.300   -0.119    0.020    0.196    0.400
            0.000000  0.000000  0.130000
  -20.152  -13.788   -9.117   -8.821   -8.286   -0.104    0.033    0.203    0.415
            0.000000  0.000000  0.132500
  -20.141  -13.779   -9.156   -8.822   -8.272   -0.089    0.046    0.209    0.431
            0.000000  0.000000  0.135000
  -20.130  -13.770   -9.195   -8.823   -8.258   -0.073    0.060    0.215    0.447
            0.000000  0.000000  0.137500
  -20.118  -13.761   -9.235   -8.824   -8.244   -0.057    0.073    0.221    0.464
            0.000000  0.000000  0.140000
  -20.106  -13.752   -9.275   -8.825   -8.229   -0.041    0.087    0.227    0.481
            0.000000  0.000000  0.142500
  -20.094  -13.742   -9.316   -8.825   -8.214   -0.024    0.101    0.233    0.498
            0.000000  0.000000  0.145000
  -20.082  -13.732   -9.357   -8.826   -8.199   -0.007    0.116    0.239    0.516
            0.000000  0.000000  0.147500
  -20.070  -13.723   -9.398   -8.827   -8.183    0.010    0.130    0.244    0.533
            0.000000  0.000000  0.150000
  -20.057  -13.713   -9.440   -8.829   -8.167    0.028    0.145    0.250    0.552
            0.000000  0.000000  0.152500
  -20.044  -13.703   -9.482   -8.830   -8.151    0.045    0.160    0.255    0.570
            0.000000  0.000000  0.155000
  -20.031  -13.693   -9.524   -8.831   -8.135    0.063    0.175    0.260    0.589
            0.000000  0.000000  0.157500
  -20.018  -13.682   -9.566   -8.832   -8.119    0.082    0.190    0.265    0.608
            0.000000  0.000000  0.160000
  -20.004  -13.672   -9.609   -8.834   -8.102    0.100    0.206    0.270    0.627
            0.000000  0.000000  0.162500
  -19.991  -13.662   -9.652   -8.835   -8.085    0.119    0.221    0.274    0.647
            0.000000  0.000000  0.165000
  -19.977  -13.651   -9.695   -8.837   -8.067    0.139    0.237    0.279    0.667
            0.000000  0.000000  0.167500
  -19.963  -13.640   -9.738   -8.838   -8.050    0.158    0.253    0.283    0.687
            0.000000  0.000000  0.170000
  -19.948  -13.630   -9.782   -8.840   -8.032    0.178    0.270    0.286    0.707
            0.000000  0.000000  0.172500
  -19.934  -13.619   -9.825   -8.842   -8.014    0.198    0.286    0.290    0.728
            0.000000  0.000000  0.175000
  -19.919  -13.608   -9.869   -8.844   -7.995    0.218    0.293    0.303    0.749
            0.000000  0.000000  0.177500
  -19.904  -13.597   -9.913   -8.846   -7.977    0.239    0.296    0.319    0.771
            0.000000  0.000000  0.180000
  -19.889  -13.586   -9.958   -8.848   -7.958    0.260    0.298    0.336    0.793
            0.000000  0.000000  0.182500
  -19.874  -13.574  -10.002   -8.851   -7.939    0.281    0.300    0.353    0.815
            0.000000  0.000000  0.185000
  -19.858  -13.563  -10.047   -8.853   -7.919    0.302    0.302    0.371    0.837
            0.000000  0.000000  0.187500
  -19.842  -13.552  -10.091   -8.855   -7.900    0.303    0.324    0.388    0.860
            0.000000  0.000000  0.190000
  -19.826  -13.541  -10.136   -8.858   -7.880    0.304    0.346    0.405    0.883
            0.000000  0.000000  0.192500
  -19.810  -13.529  -10.181   -8.861   -7.860    0.304    0.368    0.423    0.906
            0.000000  0.000000  0.195000
  -19.794  -13.518  -10.225   -8.864   -7.839    0.304    0.391    0.441    0.930
            0.000000  0.000000  0.197500
  -19.777  -13.506  -10.270   -8.866   -7.818    0.304    0.414    0.459    0.953
            0.000000  0.000000  0.200000
  -19.760  -13.495  -10.315   -8.870   -7.798    0.303    0.437    0.477    0.978
            0.000000  0.000000  0.202500
  -19.743  -13.483  -10.360   -8.873   -7.776    0.301    0.461    0.495    1.002
            0.000000  0.000000  0.205000
  -19.726  -13.472  -10.405   -8.876   -7.755    0.299    0.484    0.513    1.027
            0.000000  0.000000  0.207500
  -19.709  -13.460  -10.450   -8.880   -7.733    0.296    0.508    0.532    1.052
            0.000000  0.000000  0.210000
  -19.691  -13.448  -10.495   -8.883   -7.711    0.293    0.533    0.550    1.077
            0.000000  0.000000  0.212500
  -19.673  -13.437  -10.540   -8.887   -7.689    0.289    0.557    0.569    1.103
            0.000000  0.000000  0.215000
  -19.655  -13.426  -10.584   -8.891   -7.667    0.285    0.582    0.588    1.129
            0.000000  0.000000  0.217500
  -19.637  -13.414  -10.629   -8.895   -7.644    0.280    0.605    0.609    1.156
            0.000000  0.000000  0.220000
  -19.618  -13.403  -10.673   -8.899   -7.621    0.274    0.624    0.633    1.182
            0.000000  0.000000  0.222500
  -19.599  -13.392  -10.718   -8.903   -7.598    0.268    0.643    0.659    1.209
            0.000000  0.000000  0.225000
  -19.581  -13.381  -10.762   -8.908   -7.574    0.261    0.663    0.685    1.236
            0.000000  0.000000  0.227500
  -19.561  -13.370  -10.806   -8.913   -7.551    0.253    0.682    0.711    1.264
            0.000000  0.000000  0.230000
  -19.542  -13.359  -10.850   -8.917   -7.527    0.245    0.701    0.738    1.292
            0.000000  0.000000  0.232500
  -19.523  -13.348  -10.893   -8.922   -7.502    0.236    0.720    0.764    1.320
            0.000000  0.000000  0.235000
  -19.503  -13.338  -10.936   -8.928   -7.478    0.226    0.739    0.791    1.348
            0.000000  0.000000  0.237500
  -19.483  -13.327  -10.979   -8.933   -7.453    0.216    0.759    0.819    1.377
            0.000000  0.000000  0.240000
  -19.463  -13.317  -11.022   -8.938   -7.428    0.204    0.778    0.847    1.406
            0.000000  0.000000  0.242500
  -19.442  -13.308  -11.064   -8.944   -7.403    0.192    0.797    0.874    1.436
            0.000000  0.000000  0.245000
  -19.422  -13.298  -11.106   -8.950   -7.378    0.180    0.817    0.903    1.465
            0.000000  0.000000  0.247500
  -19.401  -13.289  -11.147   -8.956   -7.352    0.166    0.836    0.931    1.495
            0.000000  0.000000  0.250000
  -19.380  -13.281  -11.188   -8.962   -7.326    0.152    0.855    0.960    1.525
            0.000000  0.000000  0.252500
  -19.359  -13.272  -11.229   -8.968   -7.300    0.137    0.875    0.989    1.556
            0.000000  0.000000  0.255000
  -19.338  -13.265  -11.268   -8.975   -7.273    0.122    0.894    1.018    1.587
            0.000000  0.000000  0.257500
  -19.316  -13.257  -11.307   -8.982   -7.247    0.105    0.914    1.048    1.618
            0.000000  0.000000  0.260000
  -19.294  -13.251  -11.346   -8.989   -7.220    0.088    0.933    1.078    1.650
            0.000000  0.000000  0.262500
  -19.272  -13.245  -11.384   -8.996   -7.193    0.070    0.953    1.108    1.681
            0.000000  0.000000  0.265000
  -19.250  -13.239  -11.420   -9.003   -7.165    0.051    0.972    1.139    1.714
            0.000000  0.000000  0.267500
  -19.228  -13.235  -11.456   -9.010   -7.138    0.032    0.992    1.169    1.746
            0.000000  0.000000  0.270000
  -19.205  -13.231  -11.491   -9.018   -7.110    0.012    1.011    1.200    1.779
            0.000000  0.000000  0.272500
  -19.182  -13.228  -11.525   -9.026   -7.082   -0.009    1.031    1.232    1.812
            0.000000  0.000000  0.275000
  -19.159  -13.227  -11.558   -9.034   -7.053   -0.031    1.050    1.263    1.845
            0.000000  0.000000  0.277500
  -19.136  -13.226  -11.590   -9.042   -7.025   -0.053    1.070    1.295    1.879
            0.000000  0.000000  0.280000
  -19.113  -13.226  -11.620   -9.051   -6.996   -0.077    1.089    1.327    1.913
            0.000000  0.000000  0.282500
  -19.089  -13.228  -11.649   -9.060   -6.967   -0.100    1.108    1.360    1.947
            0.000000  0.000000  0.285000
  -19.065  -13.230  -11.677   -9.069   -6.937   -0.125    1.128    1.392    1.981
            0.000000  0.000000  0.287500
  -19.041  -13.235  -11.703   -9.078   -6.908   -0.150    1.147    1.425    2.016
            0.000000  0.000000  0.290000
  -19.017  -13.240  -11.727   -9.087   -6.878   -0.176    1.167    1.458    2.051
            0.000000  0.000000  0.292500
  -18.993  -13.247  -11.750   -9.096   -6.848   -0.203    1.186    1.492    2.087
            0.000000  0.000000  0.295000
  -18.968  -13.256  -11.771   -9.106   -6.818   -0.230    1.205    1.526    2.123
            0.000000  0.000000  0.297500
  -18.943  -13.266  -11.791   -9.116   -6.787   -0.258    1.225    1.560    2.159
            0.000000  0.000000  0.300000
  -18.918  -13.278  -11.808   -9.126   -6.756   -0.287    1.244    1.594    2.195
            0.000000  0.000000  0.302500
  -18.893  -13.291  -11.824   -9.137   -6.725   -0.316    1.263    1.629    2.232
            0.000000  0.000000  0.305000
  -18.868  -13.306  -11.838   -9.147   -6.694   -0.346    1.283    1.664    2.269
            0.000000  0.000000  0.307500
  -18.842  -13.323  -11.850   -9.158   -6.663   -0.377    1.302    1.699    2.306
            0.000000  0.000000  0.310000
  -18.816  -13.341  -11.861   -9.169   -6.631   -0.408    1.322    1.734    2.343
            0.000000  0.000000  0.312500
  -18.790  -13.361  -11.869   -9.181   -6.599   -0.440    1.341    1.770    2.381
            0.000000  0.000000  0.315000
  -18.764  -13.383  -11.876   -9.192   -6.567   -0.472    1.360    1.806    2.420
            0.000000  0.000000  0.317500
  -18.737  -13.406  -11.881   -9.204   -6.535   -0.505    1.380    1.842    2.458
            0.000000  0.000000  0.320000
  -18.711  -13.431  -11.885   -9.216   -6.502   -0.538    1.399    1.878    2.497
            0.000000  0.000000  0.322500
  -18.684  -13.457  -11.886   -9.228   -6.469   -0.572    1.419    1.915    2.536
            0.000000  0.000000  0.325000
  -18.657  -13.484  -11.887   -9.240   -6.436   -0.607    1.438    1.952    2.575
            0.000000  0.000000  0.327500
  -18.630  -13.513  -11.885   -9.253   -6.403   -0.642    1.458    1.989    2.615
            0.000000  0.000000  0.330000
  -18.602  -13.543  -11.883   -9.266   -6.370   -0.677    1.478    2.027    2.655
            0.000000  0.000000  0.332500
  -18.575  -13.574  -11.879   -9.279   -6.336   -0.713    1.498    2.065    2.695
            0.000000  0.000000  0.335000
  -18.547  -13.606  -11.874   -9.292   -6.302   -0.750    1.517    2.103    2.736
            0.000000  0.000000  0.337500
  -18.519  -13.639  -11.867   -9.305   -6.268   -0.787    1.537    2.141    2.777
            0.000000  0.000000  0.340000
  -18.491  -13.674  -11.860   -9.319   -6.234   -0.824    1.557    2.180    2.818
            0.000000  0.000000  0.342500
  -18.462  -13.708  -11.852   -9.333   -6.199   -0.862    1.577    2.218    2.860
            0.000000  0.000000  0.345000
  -18.434  -13.744  -11.842   -9.347   -6.164   -0.900    1.598    2.258    2.902
            0.000000  0.000000  0.347500
  -18.405  -13.781  -11.832   -9.361   -6.129   -0.939    1.618    2.297    2.944
            0.000000  0.000000  0.350000
  -18.376  -13.818  -11.820   -9.376   -6.094   -0.978    1.638    2.337    2.986
            0.000000  0.000000  0.352500
  -18.347  -13.855  -11.808   -9.391   -6.059   -1.017    1.659    2.376    3.029
            0.000000  0.000000  0.355000
  -18.318  -13.894  -11.796   -9.406   -6.023   -1.057    1.680    2.417    3.072
            0.000000  0.000000  0.357500
  -18.288  -13.932  -11.782   -9.421   -5.987   -1.097    1.700    2.457    3.115
            0.000000  0.000000  0.360000
  -18.258  -13.972  -11.768   -9.436   -5.951   -1.137    1.722    2.498    3.159
            0.000000  0.000000  0.362500
  -18.228  -14.011  -11.753   -9.452   -5.915   -1.178    1.743    2.539    3.203
            0.000000  0.000000  0.365000
  -18.198  -14.051  -11.738   -9.468   -5.878   -1.219    1.764    2.580    3.247
            0.000000  0.000000  0.367500
  -18.168  -14.092  -11.722   -9.484   -5.842   -1.261    1.786    2.621    3.292
            0.000000  0.000000  0.370000
  -18.138  -14.133  -11.706   -9.500   -5.805   -1.302    1.807    2.663    3.337
            0.000000  0.000000  0.372500
  -18.107  -14.174  -11.689   -9.516   -5.768   -1.344    1.829    2.705    3.382
            0.000000  0.000000  0.375000
  -18.076  -14.215  -11.672   -9.533   -5.730   -1.387    1.851    2.747    3.427
            0.000000  0.000000  0.377500
  -18.045  -14.256  -11.654   -9.550   -5.693   -1.429    1.874    2.790    3.473
            0.000000  0.000000  0.380000
  -18.014  -14.298  -11.636   -9.567   -5.655   -1.472    1.896    2.832    3.519
            0.000000  0.000000  0.382500
  -17.982  -14.340  -11.618   -9.584   -5.617   -1.515    1.919    2.875    3.566
            0.000000  0.000000  0.385000
  -17.951  -14.382  -11.599   -9.602   -5.579   -1.558    1.942    2.918    3.612
            0.000000  0.000000  0.387500
  -17.919  -14.424  -11.580   -9.619   -5.541   -1.601    1.965    2.962    3.659
            0.000000  0.000000  0.390000
  -17.887  -14.467  -11.561   -9.637   -5.502   -1.645    1.989    3.005    3.707
            0.000000  0.000000  0.392500
  -17.855  -14.509  -11.541   -9.655   -5.464   -1.689    2.012    3.049    3.754
            0.000000  0.000000  0.395000
  -17.822  -14.551  -11.521   -9.674   -5.425   -1.733    2.036    3.093    3.802
            0.000000  0.000000  0.397500
  -17.790  -14.594  -11.501   -9.692   -5.386   -1.777    2.061    3.138    3.850
            0.000000  0.000000  0.400000
  -17.757  -14.637  -11.480   -9.711   -5.346   -1.821    2.085    3.182    3.899
            0.000000  0.000000  0.402500
  -17.724  -14.679  -11.460   -9.729   -5.307   -1.866    2.110    3.227    3.948
            0.000000  0.000000  0.405000
  -17.691  -14.722  -11.439   -9.748   -5.267   -1.910    2.135    3.272    3.997
            0.000000  0.000000  0.407500
  -17.658  -14.765  -11.418   -9.767   -5.227   -1.955    2.160    3.318    4.046
            0.000000  0.000000  0.410000
  -17.624  -14.808  -11.396   -9.787   -5.187   -2.000    2.186    3.363    4.096
            0.000000  0.000000  0.412500
  -17.590  -14.850  -11.375   -9.806   -5.147   -2.045    2.212    3.409    4.146
            0.000000  0.000000  0.415000
  -17.557  -14.893  -11.353   -9.826   -5.107   -2.090    2.238    3.455    4.196
            0.000000  0.000000  0.417500
  -17.523  -14.936  -11.331   -9.846   -5.066   -2.135    2.265    3.501    4.247
            0.000000  0.000000  0.420000
  -17.488  -14.979  -11.309   -9.866   -5.026   -2.181    2.292    3.548    4.298
            0.000000  0.000000  0.422500
  -17.454  -15.021  -11.287   -9.886   -4.985   -2.226    2.319    3.594    4.349
            0.000000  0.000000  0.425000
  -17.419  -15.064  -11.265   -9.906   -4.944   -2.272    2.346    3.641    4.400
            0.000000  0.000000  0.427500
  -17.385  -15.107  -11.243   -9.926   -4.903   -2.317    2.374    3.688    4.452
            0.000000  0.000000  0.430000
  -17.350  -15.149  -11.220   -9.947   -4.861   -2.363    2.402    3.735    4.470
            0.000000  0.000000  0.432500
  -17.315  -15.192  -11.198   -9.968   -4.820   -2.409    2.430    3.782    4.428
            0.000000  0.000000  0.435000
  -17.279  -15.234  -11.175   -9.989   -4.778   -2.454    2.459    3.830    4.386
            0.000000  0.000000  0.437500
  -17.244  -15.277  -11.152  -10.010   -4.736   -2.500    2.488    3.877    4.344
            0.000000  0.000000  0.440000
  -17.208  -15.319  -11.130  -10.031   -4.694   -2.546    2.518    3.925    4.302
            0.000000  0.000000  0.442500
  -17.173  -15.361  -11.107  -10.052   -4.652   -2.592    2.547    3.972    4.261
            0.000000  0.000000  0.445000
  -17.137  -15.403  -11.084  -10.073   -4.609   -2.638    2.577    4.019    4.220
            0.000000  0.000000  0.447500
  -17.101  -15.446  -11.060  -10.095   -4.567   -2.684    2.608    4.062    4.183
            0.000000  0.000000  0.450000
  -17.064  -15.488  -11.037  -10.117   -4.524   -2.730    2.638    4.089    4.162
            0.000000  0.000000  0.452500
  -17.028  -15.529  -11.014  -10.138   -4.482   -2.776    2.670    4.073    4.186
            0.000000  0.000000  0.455000
  -16.991  -15.571  -10.991  -10.160   -4.439   -2.822    2.701    4.037    4.229
            0.000000  0.000000  0.457500
  -16.954  -15.613  -10.968  -10.182   -4.396   -2.868    2.733    3.997    4.276
            0.000000  0.000000  0.460000
  -16.917  -15.655  -10.944  -10.204   -4.352   -2.914    2.765    3.957    4.324
            0.000000  0.000000  0.462500
  -16.880  -15.696  -10.921  -10.227   -4.309   -2.959    2.797    3.916    4.373
            0.000000  0.000000  0.465000
  -16.843  -15.738  -10.897  -10.249   -4.265   -3.005    2.830    3.875    4.423
            0.000000  0.000000  0.467500
  -16.805  -15.779  -10.874  -10.271   -4.222   -3.051    2.863    3.834    4.472
            0.000000  0.000000  0.470000
  -16.768  -15.820  -10.851  -10.294   -4.178   -3.097    2.896    3.793    4.522
            0.000000  0.000000  0.472500
  -16.730  -15.861  -10.827  -10.316   -4.134   -3.143    2.930    3.753    4.573
            0.000000  0.000000  0.475000
  -16.692  -15.902  -10.804  -10.339   -4.090   -3.189    2.964    3.712    4.623
            0.000000  0.000000  0.477500
  -16.654  -15.943  -10.780  -10.362   -4.046   -3.234    2.998    3.672    4.673
            0.000000  0.000000  0.480000
  -16.616  -15.983  -10.757  -10.384   -4.002   -3.280    3.033    3.632    4.724
            0.000000  0.000000  0.482500
  -16.577  -16.024  -10.733  -10.407   -3.958   -3.326    3.068    3.593    4.774
            0.000000  0.000000  0.485000
  -16.539  -16.064  -10.710  -10.430   -3.913   -3.371    3.104    3.553    4.825
            0.000000  0.000000  0.487500
  -16.500  -16.105  -10.686  -10.453   -3.869   -3.416    3.139    3.514    4.875
            0.000000  0.000000  0.490000
  -16.461  -16.145  -10.663  -10.476   -3.825   -3.462    3.175    3.476    4.926
            0.000000  0.000000  0.492500
  -16.422  -16.185  -10.640  -10.499   -3.780   -3.507    3.211    3.437    4.977
            0.000000  0.000000  0.495000
  -16.383  -16.225  -10.616  -10.523   -3.736   -3.551    3.248    3.399    5.027
            0.000000  0.000000  0.497500
  -16.344  -16.264  -10.593  -10.546   -3.693   -3.594    3.284    3.362    5.077
            0.000000  0.000000  0.500000
  -16.311  -16.298  -10.574  -10.565   -3.664   -3.624    3.313    3.333    5.126
            0.000000  0.000000  0.497500
  -16.344  -16.264  -10.593  -10.546   -3.693   -3.594    3.284    3.362    5.077
            0.000000  0.000000  0.495000
  -16.383  -16.225  -10.616  -10.523   -3.736   -3.551    3.248    3.399    5.027
            0.000000  0.000000  0.492500
  -16.422  -16.185  -10.640  -10.499   -3.780   -3.507    3.211    3.437    4.977
            0.000000  0.000000  0.490000
  -16.461  -16.145  -10.663  -10.476   -3.825   -3.462    3.175    3.476    4.926
            0.000000  0.000000  0.487500
  -16.500  -16.105  -10.686  -10.453   -3.869   -3.416    3.139    3.514    4.875
            0.000000  0.000000  0.485000
  -16.539  -16.064  -10.710  -10.430   -3.913   -3.371    3.104    3.553    4.825
            0.000000  0.000000  0.482500
  -16.577  -16.024  -10.733  -10.407   -3.958   -3.326    3.068    3.593    4.774
            0.000000  0.000000  0.480000
  -16.616  -15.983  -10.757  -10.384   -4.002   -3.280    3.033    3.632    4.724
            0.000000  0.000000  0.477500
  -16.654  -15.943  -10.780  -10.362   -4.046   -3.234    2.998    3.672    4.673
            0.000000  0.000000  0.475000
  -16.692  -15.902  -10.804  -10.339   -4.090   -3.189    2.964    3.712    4.623
            0.000000  0.000000  0.472500
  -16.730  -15.861  -10.827  -10.316   -4.134   -3.143    2.930    3.753    4.573
            0.000000  0.000000  0.470000
  -16.768  -15.820  -10.851  -10.294   -4.178   -3.097    2.896    3.793    4.522
            0.000000  0.000000  0.467500
  -16.805  -15.779  -10.874  -10.271   -4.222   -3.051    2.863    3.834    4.472
            0.000000  0.000000  0.465000
  -16.843  -15.738  -10.897  -10.249   -4.265   -3.005    2.830    3.875    4.423
            0.000000  0.000000  0.462500
  -16.880  -15.696  -10.921  -10.227   -4.309   -2.959    2.797    3.916    4.373
            0.000000  0.000000  0.460000
  -16.917  -15.655  -10.944  -10.204   -4.352   -2.914    2.765    3.957    4.324
            0.000000  0.000000  0.457500
  -16.954  -15.613  -10.968  -10.182   -4.396   -2.868    2.733    3.997    4.276
            0.000000  0.000000  0.455000
  -16.991  -15.571  -10.991  -10.160   -4.439   -2.822    2.701    4.037    4.229
            0.000000  0.000000  0.452500
  -17.028  -15.529  -11.014  -10.138   -4.482   -2.776    2.670    4.073    4.186
            0.000000  0.000000  0.450000
  -17.064  -15.488  -11.037  -10.117   -4.524   -2.730    2.638    4.089    4.162
            0.000000  0.000000  0.447500
  -17.101  -15.446  -11.060  -10.095   -4.567   -2.684    2.608    4.062    4.183
            0.000000  0.000000  0.445000
  -17.137  -15.403  -11.084  -10.073   -4.609   -2.638    2.577    4.019    4.220
            0.000000  0.000000  0.442500
  -17.173  -15.361  -11.107  -10.052   -4.652   -2.592    2.547    3.972    4.261
            0.000000  0.000000  0.440000
  -17.208  -15.319  -11.130  -10.031   -4.694   -2.546    2.518    3.925    4.302
            0.000000  0.000000  0.437500
  -17.244  -15.277  -11.152  -10.010   -4.736   -2.500    2.488    3.877    4.344
            0.000000  0.000000  0.435000
  -17.279  -15.234  -11.175   -9.989   -4.778   -2.454    2.459    3.830    4.386
            0.000000  0.000000  0.432500
  -17.315  -15.192  -11.198   -9.968   -4.820   -2.409    2.430    3.782    4.428
            0.000000  0.000000  0.430000
  -17.350  -15.149  -11.220   -9.947   -4.861   -2.363    2.402    3.735    4.470
            0.000000  0.000000  0.427500
  -17.385  -15.107  -11.243   -9.926   -4.903   -2.317    2.374    3.688    4.452
            0.000000  0.000000  0.425000
  -17.419  -15.064  -11.265   -9.906   -4.944   -2.272    2.346    3.641    4.400
            0.000000  0.000000  0.422500
  -17.454  -15.021  -11.287   -9.886   -4.985   -2.226    2.319    3.594    4.349
            0.000000  0.000000  0.420000
  -17.488  -14.979  -11.309   -9.866   -5.026   -2.181    2.292    3.548    4.298
            0.000000  0.000000  0.417500
  -17.523  -14.936  -11.331   -9.846   -5.066   -2.135    2.265    3.501    4.247
            0.000000  0.000000  0.415000
  -17.557  -14.893  -11.353   -9.826   -5.107   -2.090    2.238    3.455    4.196
            0.000000  0.000000  0.412500
  -17.590  -14.850  -11.375   -9.806   -5.147   -2.045    2.212    3.409    4.146
            0.000000  0.000000  0.410000
  -17.624  -14.808  -11.396   -9.787   -5.187   -2.000    2.186    3.363    4.096
            0.000000  0.000000  0.407500
  -17.658  -14.765  -11.418   -9.767   -5.227   -1.955    2.160    3.318    4.046
            0.000000  0.000000  0.405000
  -17.691  -14.722  -11.439   -9.748   -5.267   -1.910    2.135    3.272    3.997
            0.000000  0.000000  0.402500
  -17.724  -14.679  -11.460   -9.729   -5.307   -1.866    2.110    3.227    3.948
            0.000000  0.000000  0.400000
  -17.757  -14.637  -11.480   -9.711   -5.346   -1.821    2.085    3.182    3.899
            0.000000  0.000000  0.397500
  -17.790  -14.594  -11.501   -9.692   -5.386   -1.777    2.061    3.138    3.850
            0.000000  0.000000  0.395000
  -17.822  -14.551  -11.521   -9.674   -5.425   -1.733    2.036    3.093    3.802
            0.000000  0.000000  0.392500
  -17.855  -14.509  -11.541   -9.655   -5.464   -1.689    2.012    3.049    3.754
            0.000000  0.000000  0.390000
  -17.887  -14.467  -11.561   -9.637   -5.502   -1.645    1.989    3.005    3.707
            0.000000  0.000000  0.387500
  -17.919  -14.424  -11.580   -9.619   -5.541   -1.601    1.965    2.962    3.659
            0.000000  0.000000  0.385000
  -17.951  -14.382  -11.599   -9.602   -5.579   -1.558    1.942    2.918    3.612
            0.000000  0.000000  0.382500
  -17.982  -14.340  -11.618   -9.584   -5.617   -1.515    1.919    2.875    3.566
            0.000000  0.000000  0.380000
  -18.014  -14.298  -11.636   -9.567   -5.655   -1.472    1.896    2.832    3.519
            0.000000  0.000000  0.377500
  -18.045  -14.256  -11.654   -9.550   -5.693   -1.429    1.874    2.790    3.473
            0.000000  0.000000  0.375000
  -18.076  -14.215  -11.672   -9.533   -5.730   -1.387    1.851    2.747    3.427
            0.000000  0.000000  0.372500
  -18.107  -14.174  -11.689   -9.516   -5.768   -1.344    1.829    2.705    3.382
            0.000000  0.000000  0.370000
  -18.138  -14.133  -11.706   -9.500   -5.805   -1.302    1.807    2.663    3.337
            0.000000  0.000000  0.367500
  -18.168  -14.092  -11.722   -9.484   -5.842   -1.261    1.786    2.621    3.292
            0.000000  0.000000  0.365000
  -18.198  -14.051  -11.738   -9.468   -5.878   -1.219    1.764    2.580    3.247
            0.000000  0.000000  0.362500
  -18.228  -14.011  -11.753   -9.452   -5.915   -1.178    1.743    2.539    3.203
            0.000000  0.000000  0.360000
  -18.258  -13.972  -11.768   -9.436   -5.951   -1.137    1.722    2.498    3.159
            0.000000  0.000000  0.357500
  -18.288  -13.932  -11.782   -9.421   -5.987   -1.097    1.700    2.457    3.115
            0.000000  0.000000  0.355000
  -18.318  -13.894  -11.796   -9.406   -6.023   -1.057    1.680    2.417    3.072
            0.000000  0.000000  0.352500
  -18.347  -13.855  -11.808   -9.391   -6.059   -1.017    1.659    2.376    3.029
            0.000000  0.000000  0.350000
  -18.376  -13.818  -11.820   -9.376   -6.094   -0.978    1.638    2.337    2.986
            0.000000  0.000000  0.347500
  -18.405  -13.781  -11.832   -9.361   -6.129   -0.939    1.618    2.297    2.944
            0.000000  0.000000  0.345000
  -18.434  -13.744  -11.842   -9.347   -6.164   -0.900    1.598    2.258    2.902
            0.000000  0.000000  0.342500
  -18.462  -13.708  -11.852   -9.333   -6.199   -0.862    1.577    2.218    2.860
            0.000000  0.000000  0.340000
  -18.491  -13.674  -11.860   -9.319   -6.234   -0.824    1.557    2.180    2.818
            0.000000  0.000000  0.337500
  -18.519  -13.639  -11.867   -9.305   -6.268   -0.787    1.537    2.141    2.777
            0.000000  0.000000  0.335000
  -18.547  -13.606  -11.874   -9.292   -6.302   -0.750    1.517    2.103    2.736
            0.000000  0.000000  0.332500
  -18.575  -13.574  -11.879   -9.279   -6.336   -0.713    1.498    2.065    2.695
            0.000000  0.000000  0.330000
  -18.602  -13.543  -11.883   -9.266   -6.370   -0.677    1.478    2.027    2.655
            0.000000  0.000000  0.327500
  -18.630  -13.513  -11.885   -9.253   -6.403   -0.642    1.458    1.989    2.615
            0.000000  0.000000  0.325000
  -18.657  -13.484  -11.887   -9.240   -6.436   -0.607    1.438    1.952    2.575
            0.000000  0.000000  0.322500
  -18.684  -13.457  -11.886   -9.228   -6.469   -0.572    1.419    1.915    2.536
            0.000000  0.000000  0.320000
  -18.711  -13.431  -11.885   -9.216   -6.502   -0.538    1.399    1.878    2.497
            0.000000  0.000000  0.317500
  -18.737  -13.406  -11.881   -9.204   -6.535   -0.505    1.380    1.842    2.458
            0.000000  0.000000  0.315000
  -18.764  -13.383  -11.876   -9.192   -6.567   -0.472    1.360    1.806    2.420
            0.000000  0.000000  0.312500
  -18.790  -13.361  -11.869   -9.181   -6.599   -0.440    1.341    1.770    2.381
            0.000000  0.000000  0.310000
  -18.816  -13.341  -11.861   -9.169   -6.631   -0.408    1.322    1.734    2.343
            0.000000  0.000000  0.307500
  -18.842  -13.323  -11.850   -9.158   -6.663   -0.377    1.302    1.699    2.306
            0.000000  0.000000  0.305000
  -18.868  -13.306  -11.838   -9.147   -6.694   -0.346    1.283    1.664    2.269
            0.000000  0.000000  0.302500
  -18.893  -13.291  -11.824   -9.137   -6.725   -0.316    1.263    1.629    2.232
            0.000000  0.000000  0.300000
  -18.918  -13.278  -11.808   -9.126   -6.756   -0.287    1.244    1.594    2.195
            0.000000  0.000000  0.297500
  -18.943  -13.266  -11.791   -9.116   -6.787   -0.258    1.225    1.560    2.159
            0.000000  0.000000  0.295000
  -18.968  -13.256  -11.771   -9.106   -6.818   -0.230    1.205    1.526    2.123
            0.000000  0.000000  0.292500
  -18.993  -13.247  -11.750   -9.096   -6.848   -0.203    1.186    1.492    2.087
            0.000000  0.000000  0.290000
  -19.017  -13.240  -11.727   -9.087   -6.878   -0.176    1.167    1.458    2.051
            0.000000  0.000000  0.287500
  -19.041  -13.235  -11.703   -9.078   -6.908   -0.150    1.147    1.425    2.016
            0.000000  0.000000  0.285000
  -19.065  -13.230  -11.677   -9.069   -6.937   -0.125    1.128    1.392    1.981
            0.000000  0.000000  0.282500
  -19.089  -13.228  -11.649   -9.060   -6.967   -0.100    1.108    1.360    1.947
            0.000000  0.000000  0.280000
  -19.113  -13.226  -11.620   -9.051   -6.996   -0.077    1.089    1.327    1.913
            0.000000  0.000000  0.277500
  -19.136  -13.226  -11.590   -9.042   -7.025   -0.053    1.070    1.295    1.879
            0.000000  0.000000  0.275000
  -19.159  -13.227  -11.558   -9.034   -7.053   -0.031    1.050    1.263    1.845
            0.000000  0.000000  0.272500
  -19.182  -13.228  -11.525   -9.026   -7.082   -0.009    1.031    1.232    1.812
            0.000000  0.000000  0.270000
  -19.205  -13.231  -11.491   -9.018   -7.110    0.012    1.011    1.200    1.779
            0.000000  0.000000  0.267500
  -19.228  -13.235  -11.456   -9.010   -7.138    0.032    0.992    1.169    1.746
            0.000000  0.000000  0.265000
  -19.250  -13.239  -11.420   -9.003   -7.165    0.051    0.972    1.139    1.714
            0.000000  0.000000  0.262500
  -19.272  -13.245  -11.384   -8.996   -7.193    0.070    0.953    1.108    1.681
            0.000000  0.000000  0.260000
  -19.294  -13.251  -11.346   -8.989   -7.220    0.088    0.933    1.078    1.650
            0.000000  0.000000  0.257500
  -19.316  -13.257  -11.307   -8.982   -7.247    0.105    0.914    1.048    1.618
            0.000000  0.000000  0.255000
  -19.338  -13.265  -11.268   -8.975   -7.273    0.122    0.894    1.018    1.587
            0.000000  0.000000  0.252500
  -19.359  -13.272  -11.229   -8.968   -7.300    0.137    0.875    0.989    1.556
            0.000000  0.000000  0.250000
  -19.380  -13.281  -11.188   -8.962   -7.326    0.152    0.855    0.960    1.525
            0.000000  0.000000  0.247500
  -19.401  -13.289  -11.147   -8.956   -7.352    0.166    0.836    0.931    1.495
            0.000000  0.000000  0.245000
  -19.422  -13.298  -11.106   -8.950   -7.378    0.180    0.817    0.903    1.465
            0.000000  0.000000  0.242500
  -19.442  -13.308  -11.064   -8.944   -7.403    0.192    0.797    0.874    1.436
            0.000000  0.000000  0.240000
  -19.463  -13.317  -11.022   -8.938   -7.428    0.204    0.778    0.847    1.406
            0.000000  0.000000  0.237500
  -19.483  -13.327  -10.979   -8.933   -7.453    0.216    0.759    0.819    1.377
            0.000000  0.000000  0.235000
  -19.503  -13.338  -10.936   -8.928   -7.478    0.226    0.739    0.791    1.348
            0.000000  0.000000  0.232500
  -19.523  -13.348  -10.893   -8.922   -7.502    0.236    0.720    0.764    1.320
            0.000000  0.000000  0.230000
  -19.542  -13.359  -10.850   -8.917   -7.527    0.245    0.701    0.738    1.292
            0.000000  0.000000  0.227500
  -19.561  -13.370  -10.806   -8.913   -7.551    0.253    0.682    0.711    1.264
            0.000000  0.000000  0.225000
  -19.581  -13.381  -10.762   -8.908   -7.574    0.261    0.663    0.685    1.236
            0.000000  0.000000  0.222500
  -19.599  -13.392  -10.718   -8.903   -7.598    0.268    0.643    0.659    1.209
            0.000000  0.000000  0.220000
  -19.618  -13.403  -10.673   -8.899   -7.621    0.274    0.624    0.633    1.182
            0.000000  0.000000  0.217500
  -19.637  -13.414  -10.629   -8.895   -7.644    0.280    0.605    0.609    1.156
            0.000000  0.000000  0.215000
  -19.655  -13.426  -10.584   -8.891   -7.667    0.285    0.582    0.588    1.129
            0.000000  0.000000  0.212500
  -19.673  -13.437  -10.540   -8.887   -7.689    0.289    0.557    0.569    1.103
            0.000000  0.000000  0.210000
  -19.691  -13.448  -10.495   -8.883   -7.711    0.293    0.533    0.550    1.077
            0.000000  0.000000  0.207500
  -19.709  -13.460  -10.450   -8.880   -7.733    0.296    0.508    0.532    1.052
            0.000000  0.000000  0.205000
  -19.726  -13.472  -10.405   -8.876   -7.755    0.299    0.484    0.513    1.027
            0.000000  0.000000  0.202500
  -19.743  -13.483  -10.360   -8.873   -7.776    0.301    0.461    0.495    1.002
            0.000000  0.000000  0.200000
  -19.760  -13.495  -10.315   -8.870   -7.798    0.303    0.437    0.477    0.978
            0.000000  0.000000  0.197500
  -19.777  -13.506  -10.270   -8.866   -7.818    0.304    0.414    0.459    0.953
            0.000000  0.000000  0.195000
  -19.794  -13.518  -10.225   -8.864   -7.839    0.304    0.391    0.441    0.930
            0.000000  0.000000  0.192500
  -19.810  -13.529  -10.181   -8.861   -7.860    0.304    0.368    0.423    0.906
            0.000000  0.000000  0.190000
  -19.826  -13.541  -10.136   -8.858   -7.880    0.304    0.346    0.405    0.883
            0.000000  0.000000  0.187500
  -19.842  -13.552  -10.091   -8.855   -7.900    0.303    0.324    0.388    0.860
            0.000000  0.000000  0.185000
  -19.858  -13.563  -10.047   -8.853   -7.919    0.302    0.302    0.371    0.837
            0.000000  0.000000  0.182500
  -19.874  -13.574  -10.002   -8.851   -7.939    0.281    0.300    0.353    0.815
            0.000000  0.000000  0.180000
  -19.889  -13.586   -9.958   -8.848   -7.958    0.260    0.298    0.336    0.793
            0.000000  0.000000  0.177500
  -19.904  -13.597   -9.913   -8.846   -7.977    0.239    0.296    0.319    0.771
            0.000000  0.000000  0.175000
  -19.919  -13.608   -9.869   -8.844   -7.995    0.218    0.293    0.303    0.749
            0.000000  0.000000  0.172500
  -19.934  -13.619   -9.825   -8.842   -8.014    0.198    0.286    0.290    0.728
            0.000000  0.000000  0.170000
  -19.948  -13.630   -9.782   -8.840   -8.032    0.178    0.270    0.286    0.707
            0.000000  0.000000  0.167500
  -19.963  -13.640   -9.738   -8.838   -8.050    0.158    0.253    0.283    0.687
            0.000000  0.000000  0.165000
  -19.977  -13.651   -9.695   -8.837   -8.067    0.139    0.237    0.279    0.667
            0.000000  0.000000  0.162500
  -19.991  -13.662   -9.652   -8.835   -8.085    0.119    0.221    0.274    0.647
            0.000000  0.000000  0.160000
  -20.004  -13.672   -9.609   -8.834   -8.102    0.100    0.206    0.270    0.627
            0.000000  0.000000  0.157500
  -20.018  -13.682   -9.566   -8.832   -8.119    0.082    0.190    0.265    0.608
            0.000000  0.000000  0.155000
  -20.031  -13.693   -9.524   -8.831   -8.135    0.063    0.175    0.260    0.589
            0.000000  0.000000  0.152500
  -20.044  -13.703   -9.482   -8.830   -8.151    0.045    0.160    0.255    0.570
            0.000000  0.000000  0.150000
  -20.057  -13.713   -9.440   -8.829   -8.167    0.028    0.145    0.250    0.552
            0.000000  0.000000  0.147500
  -20.070  -13.723   -9.398   -8.827   -8.183    0.010    0.130    0.244    0.533
            0.000000  0.000000  0.145000
  -20.082  -13.732   -9.357   -8.826   -8.199   -0.007    0.116    0.239    0.516
            0.000000  0.000000  0.142500
  -20.094  -13.742   -9.316   -8.825   -8.214   -0.024    0.101    0.233    0.498
            0.000000  0.000000  0.140000
  -20.106  -13.752   -9.275   -8.825   -8.229   -0.041    0.087    0.227    0.481
            0.000000  0.000000  0.137500
  -20.118  -13.761   -9.235   -8.824   -8.244   -0.057    0.073    0.221    0.464
            0.000000  0.000000  0.135000
  -20.130  -13.770   -9.195   -8.823   -8.258   -0.073    0.060    0.215    0.447
            0.000000  0.000000  0.132500
  -20.141  -13.779   -9.156   -8.822   -8.272   -0.089    0.046    0.209    0.431
            0.000000  0.000000  0.130000
  -20.152  -13.788   -9.117   -8.821   -8.286   -0.104    0.033    0.203    0.415
            0.000000  0.000000  0.127500
  -20.163  -13.797   -9.078   -8.821   -8.300   -0.119    0.020    0.196    0.400
            0.000000  0.000000  0.125000
  -20.174  -13.806   -9.040   -8.820   -8.314   -0.134    0.007    0.190    0.384
            0.000000  0.000000  0.122500
  -20.185  -13.814   -9.002   -8.820   -8.327   -0.149   -0.006    0.184    0.369
            0.000000  0.000000  0.120000
  -20.195  -13.822   -8.965   -8.819   -8.340   -0.163   -0.018    0.177    0.354
            0.000000  0.000000  0.117500
  -20.205  -13.831   -8.928   -8.819   -8.352   -0.177   -0.030    0.171    0.340
            0.000000  0.000000  0.115000
  -20.215  -13.839   -8.892   -8.818   -8.365   -0.191   -0.042    0.164    0.326
            0.000000  0.000000  0.112500
  -20.225  -13.847   -8.857   -8.817   -8.377   -0.204   -0.054    0.158    0.312
            0.000000  0.000000  0.110000
  -20.234  -13.854   -8.826   -8.812   -8.389   -0.218   -0.065    0.152    0.298
            0.000000  0.000000  0.107500
  -20.243  -13.862   -8.819   -8.784   -8.400   -0.230   -0.076    0.145    0.285
            0.000000  0.000000  0.105000
  -20.252  -13.869   -8.818   -8.750   -8.411   -0.243   -0.087    0.139    0.272
            0.000000  0.000000  0.102500
  -20.261  -13.876   -8.818   -8.716   -8.423   -0.255   -0.098    0.133    0.260
            0.000000  0.000000  0.100000
  -20.270  -13.884   -8.818   -8.683   -8.433   -0.267   -0.108    0.127    0.247
            0.000000  0.000000  0.097500
  -20.278  -13.891   -8.818   -8.651   -8.444   -0.279   -0.119    0.120    0.235
            0.000000  0.000000  0.095000
  -20.286  -13.897   -8.817   -8.619   -8.454   -0.290   -0.129    0.114    0.223
            0.000000  0.000000  0.092500
  -20.294  -13.904   -8.817   -8.587   -8.464   -0.302   -0.138    0.108    0.212
            0.000000  0.000000  0.090000
  -20.302  -13.910   -8.817   -8.556   -8.474   -0.312   -0.148    0.102    0.201
            0.000000  0.000000  0.087500
  -20.310  -13.917   -8.817   -8.526   -8.483   -0.323   -0.157    0.097    0.190
            0.000000  0.000000  0.085000
  -20.317  -13.923   -8.817   -8.497   -8.492   -0.333   -0.166    0.091    0.180
            0.000000  0.000000  0.082500
  -20.324  -13.929   -8.817   -8.501   -8.468   -0.343   -0.175    0.085    0.169
            0.000000  0.000000  0.080000
  -20.331  -13.934   -8.817   -8.510   -8.440   -0.353   -0.184    0.080    0.160
            0.000000  0.000000  0.077500
  -20.338  -13.940   -8.817   -8.518   -8.412   -0.362   -0.192    0.074    0.150
            0.000000  0.000000  0.075000
  -20.344  -13.945   -8.817   -8.527   -8.385   -0.371   -0.200    0.069    0.141
            0.000000  0.000000  0.072500
  -20.351  -13.951   -8.817   -8.535   -8.359   -0.380   -0.208    0.064    0.132
            0.000000  0.000000  0.070000
  -20.357  -13.956   -8.817   -8.542   -8.334   -0.388   -0.215    0.059    0.123
            0.000000  0.000000  0.067500
  -20.363  -13.961   -8.817   -8.549   -8.309   -0.397   -0.222    0.054    0.115
            0.000000  0.000000  0.065000
  -20.368  -13.965   -8.818   -8.557   -8.286   -0.405   -0.229    0.049    0.107
            0.000000  0.000000  0.062500
  -20.374  -13.970   -8.818   -8.563   -8.263   -0.412   -0.236    0.045    0.099
            0.000000  0.000000  0.060000
  -20.379  -13.974   -8.818   -8.570   -8.240   -0.420   -0.243    0.040    0.091
            0.000000  0.000000  0.057500
  -20.384  -13.979   -8.818   -8.576   -8.219   -0.427   -0.249    0.036    0.084
            0.000000  0.000000  0.055000
  -20.389  -13.983   -8.818   -8.582   -8.198   -0.433   -0.255    0.032    0.077
            0.000000  0.000000  0.052500
  -20.393  -13.987   -8.818   -8.588   -8.178   -0.440   -0.260    0.028    0.071
            0.000000  0.000000  0.050000
  -20.398  -13.990   -8.818   -8.593   -8.159   -0.446   -0.266    0.024    0.065
            0.000000  0.000000  0.047500
  -20.402  -13.994   -8.818   -8.599   -8.141   -0.452   -0.271    0.021    0.059
            0.000000  0.000000  0.045000
  -20.406  -13.997   -8.818   -8.604   -8.124   -0.457   -0.276    0.017    0.053
            0.000000  0.000000  0.042500
  -20.409  -14.000   -8.819   -8.608   -8.108   -0.462   -0.281    0.014    0.048
            0.000000  0.000000  0.040000
  -20.413  -14.003   -8.819   -8.613   -8.092   -0.467   -0.285    0.011    0.043
            0.000000  0.000000  0.037500
  -20.416  -14.006   -8.819   -8.617   -8.078   -0.472   -0.289    0.008    0.038
            0.000000  0.000000  0.035000
  -20.419  -14.009   -8.819   -8.621   -8.064   -0.476   -0.293    0.005    0.033
            0.000000  0.000000  0.032500
  -20.422  -14.011   -8.819   -8.624   -8.051   -0.480   -0.296    0.003    0.029
            0.000000  0.000000  0.030000
  -20.425  -14.013   -8.819   -8.628   -8.039   -0.484   -0.300    0.000    0.026
            0.000000  0.000000  0.027500
  -20.427  -14.015   -8.819   -8.631   -8.028   -0.488   -0.303   -0.002    0.022
            0.000000  0.000000  0.025000
  -20.430  -14.017   -8.819   -8.633   -8.018   -0.491   -0.306   -0.004    0.019
            0.000000  0.000000  0.022500
  -20.432  -14.019   -8.819   -8.636   -8.009   -0.494   -0.308   -0.006    0.016
            0.000000  0.000000  0.020000
  -20.433  -14.021   -8.819   -8.638   -8.001   -0.496   -0.310   -0.008    0.013
            0.000000  0.000000  0.017500
  -20.435  -14.022   -8.819   -8.640   -7.994   -0.498   -0.312   -0.009    0.011
            0.000000  0.000000  0.015000
  -20.436  -14.023   -8.820   -8.642   -7.987   -0.500   -0.314   -0.010    0.009
            0.000000  0.000000  0.012500
  -20.438  -14.024   -8.820   -8.644   -7.982   -0.502   -0.316   -0.011    0.007
            0.000000  0.000000  0.010000
  -20.439  -14.025   -8.820   -8.645   -7.978   -0.503   -0.317   -0.012    0.006
            0.000000  0.000000  0.007500
  -20.439  -14.026   -8.820   -8.646   -7.974   -0.504   -0.318   -0.013    0.005
            0.000000  0.000000  0.005000
  -20.440  -14.026   -8.820   -8.646   -7.972   -0.505   -0.318   -0.013    0.004
            0.000000  0.000000  0.002500
  -20.440  -14.026   -8.820   -8.647   -7.970   -0.506   -0.319   -0.014    0.004
            0.000000  0.000000  0.000000
  -20.440  -14.026   -8.820   -8.647   -7.970   -0.506   -0.319   -0.014    0.004
