    0.000000000    0.027481496    0.113244595
    0.094486306    0.027727829    0.103808243
    0.188972612    0.031052797    0.095049053
    0.283458919    0.030674725    0.087084608
    0.377945225    0.032943919    0.079762002
    0.472431531    0.033912623    0.073202653
    0.566917837    0.035023770    0.067340630
    0.661404143    0.036741969    0.062181133
    0.755890450    0.037564525    0.057770042
    0.850376756    0.039183257    0.054031815
    0.944863062    0.040343746    0.051043305
    1.039349368    0.041558101    0.048755371
    1.133835674    0.043043925    0.047166303
    1.228321981    0.044098088    0.046340316
    1.322808287    0.045563164    0.046154586
    1.417294593    0.046774865    0.046766509
    1.511780899    0.048024375    0.048052550
    1.606267205    0.049427061    0.049373451
    1.700753511    0.050570122    0.050626696
    1.795239818    0.051972547    0.051935375
    1.889726124    0.053205979    0.053211354
    1.984212430    0.054471966    0.054497509
    2.078698736    0.055834789    0.055790341
    2.173185042    0.057021902    0.057067677
    2.267671349    0.058392344    0.058361470
    2.362157655    0.059637087    0.059643634
    2.456643961    0.060912151    0.060929865
    2.551130267    0.062252738    0.062219252
    2.645616573    0.063464892    0.063500859
    2.740102880    0.064816834    0.064791285
    2.834589186    0.066068187    0.066075097
    2.929075492    0.067348766    0.067361378
    3.023561798    0.068675752    0.068649545
    3.118048104    0.069903401    0.069932767
    3.212534411    0.071243771    0.071221823
    3.307020717    0.072499275    0.072506327
    3.401507023    0.073783431    0.073792636
    3.495993329    0.075101576    0.075080206
    3.590479635    0.076339361    0.076364222
    3.684965942    0.077672113    0.077652572
    3.779452248    0.078930343    0.078937425
    3.873938554    0.080216922    0.080223746
    3.968424860    0.081529084    0.081510967
    4.062911166    0.082773738    0.082795422
    4.157397473    0.084101302    0.084083347
    4.251883779    0.085361335    0.085368386
    4.346370085    0.086649573    0.086654696
    4.440856391    0.087957560    0.087941678
    4.535342697    0.089206926    0.089226377
    4.629829003    0.090530884    0.090514004
    4.724315310    0.091792154    0.091799120
    4.818801616    0.093081575    0.093085378
    4.913287922    0.094386632    0.094372154
    5.007774228    0.095639284    0.095656947
    5.102260534    0.096960733    0.096944308
    5.196746841    0.098222798    0.098229387
    5.291233147    0.099513037    0.099515509
    5.385719453    0.100816001    0.100802028
    5.480205759    0.102070857    0.102086738
    5.574692065    0.103390555    0.103373753
    5.669178372    0.104653043    0.104658607
    5.763664678    0.105943788    0.105944399
    5.858150984    0.107245226    0.107230469
    5.952637290    0.108501408    0.108514790
    6.047123596    0.109819846    0.109801183
    6.141609903    0.111082373    0.111085419
    6.236096209    0.112373273    0.112370433
    6.330582515    0.113673488    0.113655547
    6.425068821    0.114930150    0.114938817
    6.519555127    0.116247544    0.116223867
    6.614041434    0.117509577    0.117506581
    6.708527740    0.118800099    0.118789759
    6.803014046    0.120099023    0.120072680
    6.897500352    0.121355098    0.121353386
    6.991986658    0.122671200    0.122635345
    7.086472964    0.123931773    0.123914426
    7.180959271    0.125220882    0.125193273
    7.275445577    0.126517759    0.126471058
    7.369931883    0.127771498    0.127745671
    7.464418189    0.129085119    0.129020396
    7.558904495    0.130342199    0.130290897
    7.653390802    0.131627597    0.131559550
    7.747877108    0.132920109    0.132825261
    7.842363414    0.134167998    0.134085518
    7.936849720    0.135475825    0.135343247
    8.031336026    0.136724876    0.136593568
    8.125822333    0.138001312    0.137838286
    8.220308639    0.139283583    0.139075650
    8.314794945    0.140517885    0.140302229
    8.409281251    0.141811580    0.141520098
    8.503767557    0.143042081    0.142723111
    8.598253864    0.144297282    0.143911752
    8.692740170    0.145555127    0.145082705
    8.787226476    0.146758252    0.146230469
    8.881712782    0.148017858    0.147355050
    8.976199088    0.149205387    0.148447417
    9.070685395    0.150410612    0.149504942
    9.165171701    0.151610308    0.150520576
    9.259658007    0.152741460    0.151484114
    9.354144313    0.153919743    0.152390529
    9.448630619    0.155007510    0.153224192
    9.543116926    0.156095823    0.153975107
    9.637603232    0.157158402    0.154627390
    9.732089538    0.158122957    0.155159949
    9.826575844    0.159109053    0.155555609
    9.921062150    0.159964593    0.155783403
   10.015548456    0.160779642    0.155815835
   10.110034763    0.161520413    0.155616079
   10.204521069    0.162098445    0.155137674
   10.299007375    0.162633521    0.154334451
   10.393493681    0.162948499    0.153139689
   10.487979987    0.163125458    0.151484608
   10.582466294    0.163112276    0.149283180
   10.676952600    0.162789783    0.146430043
   10.771438906    0.162266866    0.142811212
   10.865925212    0.161319365    0.138277844
   10.960411518    0.160003250    0.132666396
   11.054897825    0.158222073    0.125778985
   11.149384131    0.155792914    0.117378353
   11.243870437    0.152783345    0.107199426
   11.338356743    0.148873193    0.094914041
   11.432843049    0.144047470    0.080155654
   11.527329356    0.138104859    0.062491322
   11.621815662    0.130724556    0.041414648
   11.716301968    0.121858342    0.016363483
   11.810788274    0.110980232   -0.013327501
   11.905274580    0.097897898   -0.048389709
   11.999760887    0.082166342   -0.089718048
   12.094247193    0.063163062   -0.138265825
   12.188733499    0.040557678   -0.194533831
   12.283219805    0.013385356   -0.258510383
   12.377706111   -0.018947405   -0.329820655
   12.472192418   -0.057413914   -0.407606525
   12.566678724   -0.103261182   -0.490516819
   12.661165030   -0.157423776   -0.576726981
   12.755651336   -0.221737891   -0.664010414
   12.850137642   -0.297545406   -0.749985836
   12.944623948   -0.386814655   -0.832415364
   13.039110255   -0.491856466   -0.909460624
   13.133596561   -0.614487661   -0.979738442
   13.228082867   -0.757786992   -1.042355689
   13.322569173   -0.923979952   -1.096886661
   13.417055479   -1.118053050   -1.143254523
   13.511541786   -1.341868803   -1.181885412
   13.606028092   -1.581518415   -1.213631631
   13.700514398   -1.821006229   -1.239275974
   13.795000704   -2.049299094   -1.259408195
   13.889487010   -2.251358694   -1.274526067
   13.983973317   -2.411997042   -1.284997943
   14.078459623   -2.516722132   -1.291090954
   14.172945929   -2.553003049   -1.292968944
   14.267432235   -2.516364895   -1.290672180
   14.361918541   -2.411267908   -1.284153556
   14.456404848   -2.250298188   -1.273244838
   14.550891154   -2.047887807   -1.257670961
   14.645377460   -1.819276317   -1.237059733
   14.739863766   -1.579479902   -1.210907645
   14.834350072   -1.339505813   -1.178619674
   14.928836379   -1.115391231   -1.139410656
   15.023322685   -0.920969730   -1.092422676
   15.117808991   -0.754416945   -1.037228298
   15.212295297   -0.610713498   -0.973901218
   15.306781603   -0.487601425   -0.902864319
   15.401267910   -0.382042077   -0.825010581
   15.495754216   -0.292144530   -0.741719318
   15.590240522   -0.215641468   -0.654828948
   15.684726828   -0.150538203   -0.566575091
   15.779213134   -0.095468058   -0.479336685
   15.873699440   -0.048644417   -0.395340454
   15.968185747   -0.009066277   -0.316407145
   16.062672053    0.024460423   -0.243888044
   16.157158359    0.052927728   -0.178639137
   16.251644665    0.076947167   -0.121033198
   16.346130971    0.097426481   -0.071082720
   16.440617278    0.114758583   -0.028284081
   16.535103584    0.129507295    0.008314399
   16.629589890    0.142133273    0.039607897
   16.724076196    0.152844760    0.066327729
   16.818562502    0.162107199    0.089136012
   16.913048809    0.170032089    0.108595425
   17.007535115    0.176879350    0.125208412
   17.102021421    0.182866532    0.139406104
   17.196507727    0.188025678    0.151553150
   17.290994033    0.192615248    0.161972858
   17.385480340    0.196634397    0.170929662
   17.479966646    0.200204326    0.178655849
   17.574452952    0.203439799    0.185346834
   17.668939258    0.206304196    0.191163933
   17.763425564    0.208959028    0.196250893
   17.857911871    0.211366558    0.200721251
   17.952398177    0.213583144    0.204675584
   18.046884483    0.215681511    0.208197893
   18.141370789    0.217601306    0.211355335
   18.235857095    0.219455334    0.214210068
   18.330343402    0.221199712    0.216808657
   18.424829708    0.222858096    0.219193444
   18.519316014    0.224486972    0.221400033
   18.613802320    0.226020207    0.223455167
   18.708288626    0.227542897    0.225385887
   18.802774932    0.229016505    0.227210700
   18.897261239    0.230445538    0.228947196
   18.991747545    0.231880957    0.230610764
   19.086233851    0.233257777    0.232211402
   19.180720157    0.234642953    0.233761260
   19.275206463    0.236007577    0.235267474
   19.369692770    0.237342899    0.236737141
   19.464179076    0.238698854    0.238177332
   19.558665382    0.240014002    0.239591241
   19.653151688    0.241341469    0.240984613
   19.747637994    0.242663455    0.242360174
   19.842124301    0.243960505    0.243720474
   19.936610607    0.245283595    0.245069196
   20.031096913    0.246575682    0.246406835
   20.125583219    0.247878003    0.247736235
   20.220069525    0.249184455    0.249058579
   20.314555832    0.250465761    0.250374331
   20.409042138    0.251774929    0.251685830
   20.503528444    0.253059584    0.252992585
   20.598014750    0.254349784    0.254295983
   20.692501056    0.255651683    0.255596867
   20.786987363    0.256926222    0.256894619
   20.881473669    0.258229073    0.258191076
   20.975959975    0.259512689    0.259485485
   21.070446281    0.260795837    0.260778344
   21.164932587    0.262097740    0.262070688
   21.259418893    0.263368995    0.263361219
   21.353905200    0.264668484    0.264651620
   21.448391506    0.265953776    0.265941199
   21.542877812    0.267231594    0.267229753
   21.637364118    0.268535570    0.268518783
   21.731850424    0.269804811    0.269806430
   21.826336731    0.271102019    0.271094370
   21.920823037    0.272390370    0.272382155
   22.015309343    0.273663107    0.273668873
   22.109795649    0.274970342    0.274956694
   22.204281955    0.276237894    0.276243186
   22.298768262    0.277533082    0.277530079
   22.393254568    0.278825511    0.278817314
   22.487740874    0.280092628    0.280103131
   22.582227180    0.281404155    0.281390608
   22.676713486    0.282669911    0.282676625
   22.771199793    0.283962930    0.283962996
   22.865686099    0.285260548    0.285250235
   22.960172405    0.286520867    0.286535448
   23.054658711    0.287837936    0.287822970
   23.149145017    0.289101506    0.289108775
   23.243631324    0.290391906    0.290394764
   23.338117630    0.291696256    0.291682335
   23.432603936    0.292947829    0.292966923
   23.527090242    0.294272236    0.294254740
   23.621576548    0.295532930    0.295540429
   23.716062855    0.296819911    0.296825974
   23.810549161    0.298133354    0.298114239
   23.905035467    0.299373039    0.299397919
   23.999521773    0.300707599    0.300686334
   24.094008079    0.301964282    0.301971937
   24.188494385    0.303246484    0.303256737
   24.282980692    0.304572890    0.304546388
   24.377466998    0.305795382    0.305828370
   24.471953304    0.307144791    0.307118027
   24.566439610    0.308395510    0.308403545
   24.660925916    0.309670484    0.309686663
   24.755412223    0.311016725    0.310979712
   24.849898529    0.312212583    0.312257357
   24.944384835    0.313585455    0.313550491
   25.038871141    0.314826683    0.314835908
   25.133357447    0.316089794    0.316112815
   25.227843754    0.317469308    0.317420784
   25.322330060    0.318619577    0.318674279
   25.416816366    0.320033507    0.319995516
   25.511302672    0.321257846    0.321280796
   25.605788978    0.322498705    0.321893624
   25.700275285    0.323942112    0.321707219
   25.794761591    0.325001993    0.320881427
   25.889247897    0.326500231    0.319292730
   25.983734203    0.327689002    0.317004017
   26.078220509    0.328878152    0.314016394
   26.172706816    0.330476423    0.310277531
   26.267193122    0.331303239    0.305866584
   26.361679428    0.333035004    0.300707497
   26.456165734    0.334120152    0.294844679
   26.550652040    0.335117040    0.288286201
   26.645138347    0.337366953    0.280962998
   26.739624653    0.336991707    0.272998648
   26.834110959    0.340331382    0.264239906
   26.928597265    0.340551297    0.254802744
   27.023083571    0.320961936    0.245334034
   27.117569877    0.297467926    0.235932553
   27.212056184    0.278973325    0.226472315
   27.306542490    0.256545786    0.217051087
   27.401028796    0.236194701    0.207612777
   27.495515102    0.215779193    0.198171963
   27.590001408    0.193765728    0.188748215
   27.684487715    0.174277373    0.179299444
   27.778974021    0.152280887    0.169876219
   27.873460327    0.131838100    0.160434566
   27.967946633    0.111513859    0.150997080
   28.062432939    0.089070478    0.141575367
   28.156919246    0.070574468    0.132115081
   28.251405552    0.047098581    0.122714160
