#  E (eV)   dos(E)     Int dos(E) EFermi =   -1.724 eV
 -24.000  0.1312E-84  0.2623E-86
 -23.980  0.1312E-84  0.5247E-86
 -23.960  0.1312E-84  0.7870E-86
 -23.940  0.1312E-84  0.1049E-85
 -23.920  0.1312E-84  0.1312E-85
 -23.900  0.1312E-84  0.1574E-85
 -23.880  0.1312E-84  0.1836E-85
 -23.860  0.1312E-84  0.2099E-85
 -23.840  0.1312E-84  0.2361E-85
 -23.820  0.1312E-84  0.2623E-85
 -23.800  0.1312E-84  0.2886E-85
 -23.780  0.1312E-84  0.3148E-85
 -23.760  0.1312E-84  0.3410E-85
 -23.740  0.1312E-84  0.3673E-85
 -23.720  0.1312E-84  0.3935E-85
 -23.700  0.1312E-84  0.4197E-85
 -23.680  0.1312E-84  0.4460E-85
 -23.660  0.1312E-84  0.4722E-85
 -23.640  0.1312E-84  0.4984E-85
 -23.620  0.1312E-84  0.5247E-85
 -23.600  0.1312E-84  0.5509E-85
 -23.580  0.1312E-84  0.5771E-85
 -23.560  0.1312E-84  0.6034E-85
 -23.540  0.1312E-84  0.6296E-85
 -23.520  0.1312E-84  0.6558E-85
 -23.500  0.1312E-84  0.6821E-85
 -23.480  0.1312E-84  0.7083E-85
 -23.460  0.1312E-84  0.7345E-85
 -23.440  0.1312E-84  0.7608E-85
 -23.420  0.1312E-84  0.7870E-85
 -23.400  0.1312E-84  0.8132E-85
 -23.380  0.1312E-84  0.8395E-85
 -23.360  0.1312E-84  0.8657E-85
 -23.340  0.1312E-84  0.8919E-85
 -23.320  0.1312E-84  0.9182E-85
 -23.300  0.1312E-84  0.9444E-85
 -23.280  0.1312E-84  0.9706E-85
 -23.260  0.1312E-84  0.9969E-85
 -23.240  0.1312E-84  0.1023E-84
 -23.220  0.1312E-84  0.1049E-84
 -23.200  0.1312E-84  0.1076E-84
 -23.180  0.1312E-84  0.1102E-84
 -23.160  0.1312E-84  0.1128E-84
 -23.140  0.1312E-84  0.1154E-84
 -23.120  0.1312E-84  0.1181E-84
 -23.100  0.1312E-84  0.1207E-84
 -23.080  0.1312E-84  0.1233E-84
 -23.060  0.1312E-84  0.1259E-84
 -23.040  0.1312E-84  0.1285E-84
 -23.020  0.1312E-84  0.1312E-84
 -23.000  0.1312E-84  0.1338E-84
 -22.980  0.1312E-84  0.1364E-84
 -22.960  0.1312E-84  0.1390E-84
 -22.940  0.1312E-84  0.1417E-84
 -22.920  0.1312E-84  0.1443E-84
 -22.900  0.1312E-84  0.1469E-84
 -22.880  0.1312E-84  0.1495E-84
 -22.860  0.1312E-84  0.1522E-84
 -22.840  0.1312E-84  0.1548E-84
 -22.820  0.1312E-84  0.1574E-84
 -22.800  0.1312E-84  0.1600E-84
 -22.780  0.1312E-84  0.1626E-84
 -22.760  0.1312E-84  0.1653E-84
 -22.740  0.1312E-84  0.1679E-84
 -22.720  0.1312E-84  0.1705E-84
 -22.700  0.1312E-84  0.1731E-84
 -22.680  0.1312E-84  0.1758E-84
 -22.660  0.1312E-84  0.1784E-84
 -22.640  0.1312E-84  0.1810E-84
 -22.620  0.1312E-84  0.1836E-84
 -22.600  0.1312E-84  0.1863E-84
 -22.580  0.1312E-84  0.1889E-84
 -22.560  0.1430E-84  0.1917E-84
 -22.540  0.4076E-83  0.2733E-84
 -22.520  0.1196E-80  0.2420E-82
 -22.500  0.3321E-78  0.6666E-80
 -22.480  0.8444E-76  0.1696E-77
 -22.460  0.1966E-73  0.3950E-75
 -22.440  0.4194E-71  0.8427E-73
 -22.420  0.8191E-69  0.1647E-70
 -22.400  0.1465E-66  0.2947E-68
 -22.380  0.2400E-64  0.4830E-66
 -22.360  0.3601E-62  0.7251E-64
 -22.340  0.4949E-60  0.9970E-62
 -22.320  0.6229E-58  0.1256E-59
 -22.300  0.7180E-56  0.1448E-57
 -22.280  0.7580E-54  0.1530E-55
 -22.260  0.7330E-52  0.1481E-53
 -22.240  0.6492E-50  0.1313E-51
 -22.220  0.5266E-48  0.1066E-49
 -22.200  0.3913E-46  0.7932E-48
 -22.180  0.2663E-44  0.5405E-46
 -22.160  0.1660E-42  0.3374E-44
 -22.140  0.9480E-41  0.1930E-42
 -22.120  0.4959E-39  0.1011E-40
 -22.100  0.2376E-37  0.4854E-39
 -22.080  0.1043E-35  0.2135E-37
 -22.060  0.4194E-34  0.8602E-36
 -22.040  0.1545E-32  0.3176E-34
 -22.020  0.5214E-31  0.1075E-32
 -22.000  0.1612E-29  0.3331E-31
 -21.980  0.4566E-28  0.9466E-30
 -21.960  0.1185E-26  0.2465E-28
 -21.940  0.2818E-25  0.5883E-27
 -21.920  0.6140E-24  0.1287E-25
 -21.900  0.1226E-22  0.2581E-24
 -21.880  0.2243E-21  0.4744E-23
 -21.860  0.3761E-20  0.7996E-22
 -21.840  0.5779E-19  0.1236E-20
 -21.820  0.8138E-18  0.1751E-19
 -21.800  0.1051E-16  0.2276E-18
 -21.780  0.1243E-15  0.2714E-17
 -21.760  0.1348E-14  0.2968E-16
 -21.740  0.1341E-13  0.2979E-15
 -21.720  0.1223E-12  0.2743E-14
 -21.700  0.1022E-11  0.2319E-13
 -21.680  0.7840E-11  0.1800E-12
 -21.660  0.5515E-10  0.1283E-11
 -21.640  0.3558E-09  0.8400E-11
 -21.620  0.2107E-08  0.5053E-10
 -21.600  0.1145E-07  0.2795E-09
 -21.580  0.5709E-07  0.1421E-08
 -21.560  0.2614E-06  0.6650E-08
 -21.540  0.1099E-05  0.2864E-07
 -21.520  0.4248E-05  0.1136E-06
 -21.500  0.1509E-04  0.4153E-06
 -21.480  0.4927E-04  0.1401E-05
 -21.460  0.1480E-03  0.4361E-05
 -21.440  0.4094E-03  0.1255E-04
 -21.420  0.1043E-02  0.3341E-04
 -21.400  0.2451E-02  0.8243E-04
 -21.380  0.5316E-02  0.1888E-03
 -21.360  0.1066E-01  0.4019E-03
 -21.340  0.1979E-01  0.7977E-03
 -21.320  0.3407E-01  0.1479E-02
 -21.300  0.5456E-01  0.2570E-02
 -21.280  0.8147E-01  0.4200E-02
 -21.260  0.1139E+00  0.6477E-02
 -21.240  0.1496E+00  0.9468E-02
 -21.220  0.1857E+00  0.1318E-01
 -21.200  0.2191E+00  0.1756E-01
 -21.180  0.2474E+00  0.2251E-01
 -21.160  0.2695E+00  0.2790E-01
 -21.140  0.2852E+00  0.3361E-01
 -21.120  0.2954E+00  0.3951E-01
 -21.100  0.3016E+00  0.4555E-01
 -21.080  0.3050E+00  0.5165E-01
 -21.060  0.3067E+00  0.5778E-01
 -21.040  0.3076E+00  0.6393E-01
 -21.020  0.3080E+00  0.7009E-01
 -21.000  0.3082E+00  0.7625E-01
 -20.980  0.3083E+00  0.8242E-01
 -20.960  0.3084E+00  0.8859E-01
 -20.940  0.3084E+00  0.9475E-01
 -20.920  0.3085E+00  0.1009E+00
 -20.900  0.3086E+00  0.1071E+00
 -20.880  0.3086E+00  0.1133E+00
 -20.860  0.3087E+00  0.1194E+00
 -20.840  0.3088E+00  0.1256E+00
 -20.820  0.3088E+00  0.1318E+00
 -20.800  0.3089E+00  0.1380E+00
 -20.780  0.3090E+00  0.1442E+00
 -20.760  0.3091E+00  0.1503E+00
 -20.740  0.3091E+00  0.1565E+00
 -20.720  0.3092E+00  0.1627E+00
 -20.700  0.3093E+00  0.1689E+00
 -20.680  0.3093E+00  0.1751E+00
 -20.660  0.3094E+00  0.1813E+00
 -20.640  0.3095E+00  0.1875E+00
 -20.620  0.3096E+00  0.1936E+00
 -20.600  0.3096E+00  0.1998E+00
 -20.580  0.3097E+00  0.2060E+00
 -20.560  0.3098E+00  0.2122E+00
 -20.540  0.3099E+00  0.2184E+00
 -20.520  0.3099E+00  0.2246E+00
 -20.500  0.3100E+00  0.2308E+00
 -20.480  0.3101E+00  0.2370E+00
 -20.460  0.3102E+00  0.2432E+00
 -20.440  0.3102E+00  0.2494E+00
 -20.420  0.3103E+00  0.2556E+00
 -20.400  0.3104E+00  0.2618E+00
 -20.380  0.3105E+00  0.2681E+00
 -20.360  0.3105E+00  0.2743E+00
 -20.340  0.3106E+00  0.2805E+00
 -20.320  0.3107E+00  0.2867E+00
 -20.300  0.3108E+00  0.2929E+00
 -20.280  0.3109E+00  0.2991E+00
 -20.260  0.3109E+00  0.3053E+00
 -20.240  0.3110E+00  0.3116E+00
 -20.220  0.3111E+00  0.3178E+00
 -20.200  0.3112E+00  0.3240E+00
 -20.180  0.3113E+00  0.3302E+00
 -20.160  0.3113E+00  0.3365E+00
 -20.140  0.3114E+00  0.3427E+00
 -20.120  0.3115E+00  0.3489E+00
 -20.100  0.3116E+00  0.3551E+00
 -20.080  0.3117E+00  0.3614E+00
 -20.060  0.3118E+00  0.3676E+00
 -20.040  0.3118E+00  0.3739E+00
 -20.020  0.3119E+00  0.3801E+00
 -20.000  0.3120E+00  0.3863E+00
 -19.980  0.3121E+00  0.3926E+00
 -19.960  0.3122E+00  0.3988E+00
 -19.940  0.3123E+00  0.4051E+00
 -19.920  0.3124E+00  0.4113E+00
 -19.900  0.3124E+00  0.4176E+00
 -19.880  0.3125E+00  0.4238E+00
 -19.860  0.3126E+00  0.4301E+00
 -19.840  0.3127E+00  0.4363E+00
 -19.820  0.3128E+00  0.4426E+00
 -19.800  0.3129E+00  0.4488E+00
 -19.780  0.3130E+00  0.4551E+00
 -19.760  0.3131E+00  0.4614E+00
 -19.740  0.3132E+00  0.4676E+00
 -19.720  0.3133E+00  0.4739E+00
 -19.700  0.3133E+00  0.4801E+00
 -19.680  0.3134E+00  0.4864E+00
 -19.660  0.3135E+00  0.4927E+00
 -19.640  0.3136E+00  0.4990E+00
 -19.620  0.3137E+00  0.5052E+00
 -19.600  0.3138E+00  0.5115E+00
 -19.580  0.3139E+00  0.5178E+00
 -19.560  0.3140E+00  0.5241E+00
 -19.540  0.3141E+00  0.5304E+00
 -19.520  0.3142E+00  0.5366E+00
 -19.500  0.3143E+00  0.5429E+00
 -19.480  0.3144E+00  0.5492E+00
 -19.460  0.3145E+00  0.5555E+00
 -19.440  0.3146E+00  0.5618E+00
 -19.420  0.3147E+00  0.5681E+00
 -19.400  0.3148E+00  0.5744E+00
 -19.380  0.3149E+00  0.5807E+00
 -19.360  0.3150E+00  0.5870E+00
 -19.340  0.3151E+00  0.5933E+00
 -19.320  0.3152E+00  0.5996E+00
 -19.300  0.3153E+00  0.6059E+00
 -19.280  0.3154E+00  0.6122E+00
 -19.260  0.3155E+00  0.6185E+00
 -19.240  0.3156E+00  0.6248E+00
 -19.220  0.3157E+00  0.6311E+00
 -19.200  0.3158E+00  0.6375E+00
 -19.180  0.3159E+00  0.6438E+00
 -19.160  0.3161E+00  0.6501E+00
 -19.140  0.3162E+00  0.6564E+00
 -19.120  0.3163E+00  0.6627E+00
 -19.100  0.3164E+00  0.6691E+00
 -19.080  0.3165E+00  0.6754E+00
 -19.060  0.3166E+00  0.6817E+00
 -19.040  0.3167E+00  0.6881E+00
 -19.020  0.3168E+00  0.6944E+00
 -19.000  0.3170E+00  0.7007E+00
 -18.980  0.3171E+00  0.7071E+00
 -18.960  0.3172E+00  0.7134E+00
 -18.940  0.3173E+00  0.7198E+00
 -18.920  0.3174E+00  0.7261E+00
 -18.900  0.3176E+00  0.7325E+00
 -18.880  0.3177E+00  0.7388E+00
 -18.860  0.3178E+00  0.7452E+00
 -18.840  0.3179E+00  0.7515E+00
 -18.820  0.3180E+00  0.7579E+00
 -18.800  0.3182E+00  0.7643E+00
 -18.780  0.3183E+00  0.7706E+00
 -18.760  0.3184E+00  0.7770E+00
 -18.740  0.3185E+00  0.7834E+00
 -18.720  0.3187E+00  0.7897E+00
 -18.700  0.3188E+00  0.7961E+00
 -18.680  0.3189E+00  0.8025E+00
 -18.660  0.3191E+00  0.8089E+00
 -18.640  0.3192E+00  0.8153E+00
 -18.620  0.3193E+00  0.8216E+00
 -18.600  0.3195E+00  0.8280E+00
 -18.580  0.3196E+00  0.8344E+00
 -18.560  0.3197E+00  0.8408E+00
 -18.540  0.3199E+00  0.8472E+00
 -18.520  0.3200E+00  0.8536E+00
 -18.500  0.3202E+00  0.8600E+00
 -18.480  0.3203E+00  0.8664E+00
 -18.460  0.3205E+00  0.8728E+00
 -18.440  0.3206E+00  0.8793E+00
 -18.420  0.3208E+00  0.8857E+00
 -18.400  0.3209E+00  0.8921E+00
 -18.380  0.3211E+00  0.8985E+00
 -18.360  0.3212E+00  0.9049E+00
 -18.340  0.3214E+00  0.9114E+00
 -18.320  0.3215E+00  0.9178E+00
 -18.300  0.3217E+00  0.9242E+00
 -18.280  0.3218E+00  0.9307E+00
 -18.260  0.3220E+00  0.9371E+00
 -18.240  0.3221E+00  0.9435E+00
 -18.220  0.3223E+00  0.9500E+00
 -18.200  0.3225E+00  0.9564E+00
 -18.180  0.3227E+00  0.9629E+00
 -18.160  0.3228E+00  0.9693E+00
 -18.140  0.3230E+00  0.9758E+00
 -18.120  0.3232E+00  0.9823E+00
 -18.100  0.3233E+00  0.9887E+00
 -18.080  0.3235E+00  0.9952E+00
 -18.060  0.3237E+00  0.1002E+01
 -18.040  0.3239E+00  0.1008E+01
 -18.020  0.3241E+00  0.1015E+01
 -18.000  0.3242E+00  0.1021E+01
 -17.980  0.3244E+00  0.1028E+01
 -17.960  0.3246E+00  0.1034E+01
 -17.940  0.3248E+00  0.1041E+01
 -17.920  0.3250E+00  0.1047E+01
 -17.900  0.3252E+00  0.1054E+01
 -17.880  0.3254E+00  0.1060E+01
 -17.860  0.3256E+00  0.1067E+01
 -17.840  0.3258E+00  0.1073E+01
 -17.820  0.3260E+00  0.1080E+01
 -17.800  0.3262E+00  0.1086E+01
 -17.780  0.3265E+00  0.1093E+01
 -17.760  0.3267E+00  0.1099E+01
 -17.740  0.3269E+00  0.1106E+01
 -17.720  0.3271E+00  0.1112E+01
 -17.700  0.3274E+00  0.1119E+01
 -17.680  0.3276E+00  0.1125E+01
 -17.660  0.3278E+00  0.1132E+01
 -17.640  0.3280E+00  0.1139E+01
 -17.620  0.3283E+00  0.1145E+01
 -17.600  0.3286E+00  0.1152E+01
 -17.580  0.3288E+00  0.1158E+01
 -17.560  0.3291E+00  0.1165E+01
 -17.540  0.3293E+00  0.1171E+01
 -17.520  0.3296E+00  0.1178E+01
 -17.500  0.3299E+00  0.1185E+01
 -17.480  0.3301E+00  0.1191E+01
 -17.460  0.3304E+00  0.1198E+01
 -17.440  0.3307E+00  0.1204E+01
 -17.420  0.3310E+00  0.1211E+01
 -17.400  0.3313E+00  0.1218E+01
 -17.380  0.3316E+00  0.1224E+01
 -17.360  0.3319E+00  0.1231E+01
 -17.340  0.3322E+00  0.1238E+01
 -17.320  0.3325E+00  0.1244E+01
 -17.300  0.3329E+00  0.1251E+01
 -17.280  0.3332E+00  0.1258E+01
 -17.260  0.3336E+00  0.1264E+01
 -17.240  0.3339E+00  0.1271E+01
 -17.220  0.3342E+00  0.1278E+01
 -17.200  0.3346E+00  0.1284E+01
 -17.180  0.3350E+00  0.1291E+01
 -17.160  0.3354E+00  0.1298E+01
 -17.140  0.3358E+00  0.1304E+01
 -17.120  0.3362E+00  0.1311E+01
 -17.100  0.3366E+00  0.1318E+01
 -17.080  0.3370E+00  0.1325E+01
 -17.060  0.3375E+00  0.1331E+01
 -17.040  0.3379E+00  0.1338E+01
 -17.020  0.3384E+00  0.1345E+01
 -17.000  0.3388E+00  0.1352E+01
 -16.980  0.3393E+00  0.1358E+01
 -16.960  0.3399E+00  0.1365E+01
 -16.940  0.3404E+00  0.1372E+01
 -16.920  0.3409E+00  0.1379E+01
 -16.900  0.3414E+00  0.1386E+01
 -16.880  0.3420E+00  0.1393E+01
 -16.860  0.3427E+00  0.1399E+01
 -16.840  0.3433E+00  0.1406E+01
 -16.820  0.3439E+00  0.1413E+01
 -16.800  0.3446E+00  0.1420E+01
 -16.780  0.3452E+00  0.1427E+01
 -16.760  0.3460E+00  0.1434E+01
 -16.740  0.3468E+00  0.1441E+01
 -16.720  0.3476E+00  0.1448E+01
 -16.700  0.3483E+00  0.1455E+01
 -16.680  0.3491E+00  0.1462E+01
 -16.660  0.3500E+00  0.1469E+01
 -16.640  0.3510E+00  0.1476E+01
 -16.620  0.3520E+00  0.1483E+01
 -16.600  0.3530E+00  0.1490E+01
 -16.580  0.3540E+00  0.1497E+01
 -16.560  0.3552E+00  0.1504E+01
 -16.540  0.3564E+00  0.1511E+01
 -16.520  0.3577E+00  0.1518E+01
 -16.500  0.3591E+00  0.1525E+01
 -16.480  0.3605E+00  0.1533E+01
 -16.460  0.3620E+00  0.1540E+01
 -16.440  0.3636E+00  0.1547E+01
 -16.420  0.3654E+00  0.1555E+01
 -16.400  0.3674E+00  0.1562E+01
 -16.380  0.3694E+00  0.1569E+01
 -16.360  0.3715E+00  0.1577E+01
 -16.340  0.3739E+00  0.1584E+01
 -16.320  0.3766E+00  0.1592E+01
 -16.300  0.3796E+00  0.1599E+01
 -16.280  0.3829E+00  0.1607E+01
 -16.260  0.3866E+00  0.1615E+01
 -16.240  0.3907E+00  0.1622E+01
 -16.220  0.3956E+00  0.1630E+01
 -16.200  0.4015E+00  0.1638E+01
 -16.180  0.4085E+00  0.1647E+01
 -16.160  0.4168E+00  0.1655E+01
 -16.140  0.4266E+00  0.1663E+01
 -16.120  0.4380E+00  0.1672E+01
 -16.100  0.4506E+00  0.1681E+01
 -16.080  0.4632E+00  0.1690E+01
 -16.060  0.4743E+00  0.1700E+01
 -16.040  0.4820E+00  0.1710E+01
 -16.020  0.4846E+00  0.1719E+01
 -16.000  0.4810E+00  0.1729E+01
 -15.980  0.4713E+00  0.1738E+01
 -15.960  0.4562E+00  0.1747E+01
 -15.940  0.4375E+00  0.1756E+01
 -15.920  0.4170E+00  0.1765E+01
 -15.900  0.3967E+00  0.1773E+01
 -15.880  0.3776E+00  0.1780E+01
 -15.860  0.3605E+00  0.1787E+01
 -15.840  0.3453E+00  0.1794E+01
 -15.820  0.3318E+00  0.1801E+01
 -15.800  0.3198E+00  0.1807E+01
 -15.780  0.3090E+00  0.1813E+01
 -15.760  0.2993E+00  0.1819E+01
 -15.740  0.2903E+00  0.1825E+01
 -15.720  0.2819E+00  0.1831E+01
 -15.700  0.2740E+00  0.1836E+01
 -15.680  0.2664E+00  0.1842E+01
 -15.660  0.2593E+00  0.1847E+01
 -15.640  0.2526E+00  0.1852E+01
 -15.620  0.2462E+00  0.1857E+01
 -15.600  0.2400E+00  0.1862E+01
 -15.580  0.2340E+00  0.1866E+01
 -15.560  0.2281E+00  0.1871E+01
 -15.540  0.2226E+00  0.1875E+01
 -15.520  0.2172E+00  0.1880E+01
 -15.500  0.2121E+00  0.1884E+01
 -15.480  0.2070E+00  0.1888E+01
 -15.460  0.2019E+00  0.1892E+01
 -15.440  0.1971E+00  0.1896E+01
 -15.420  0.1924E+00  0.1900E+01
 -15.400  0.1879E+00  0.1904E+01
 -15.380  0.1835E+00  0.1907E+01
 -15.360  0.1790E+00  0.1911E+01
 -15.340  0.1746E+00  0.1914E+01
 -15.320  0.1704E+00  0.1918E+01
 -15.300  0.1664E+00  0.1921E+01
 -15.280  0.1624E+00  0.1924E+01
 -15.260  0.1584E+00  0.1927E+01
 -15.240  0.1544E+00  0.1931E+01
 -15.220  0.1506E+00  0.1934E+01
 -15.200  0.1468E+00  0.1937E+01
 -15.180  0.1433E+00  0.1939E+01
 -15.160  0.1398E+00  0.1942E+01
 -15.140  0.1367E+00  0.1945E+01
 -15.120  0.1343E+00  0.1948E+01
 -15.100  0.1332E+00  0.1950E+01
 -15.080  0.1342E+00  0.1953E+01
 -15.060  0.1382E+00  0.1956E+01
 -15.040  0.1463E+00  0.1959E+01
 -15.020  0.1591E+00  0.1962E+01
 -15.000  0.1769E+00  0.1965E+01
 -14.980  0.1987E+00  0.1969E+01
 -14.960  0.2229E+00  0.1974E+01
 -14.940  0.2473E+00  0.1979E+01
 -14.920  0.2697E+00  0.1984E+01
 -14.900  0.2885E+00  0.1990E+01
 -14.880  0.3030E+00  0.1996E+01
 -14.860  0.3132E+00  0.2002E+01
 -14.840  0.3198E+00  0.2009E+01
 -14.820  0.3238E+00  0.2015E+01
 -14.800  0.3260E+00  0.2022E+01
 -14.780  0.3271E+00  0.2028E+01
 -14.760  0.3277E+00  0.2035E+01
 -14.740  0.3281E+00  0.2041E+01
 -14.720  0.3283E+00  0.2048E+01
 -14.700  0.3284E+00  0.2054E+01
 -14.680  0.3286E+00  0.2061E+01
 -14.660  0.3287E+00  0.2068E+01
 -14.640  0.3289E+00  0.2074E+01
 -14.620  0.3290E+00  0.2081E+01
 -14.600  0.3292E+00  0.2087E+01
 -14.580  0.3293E+00  0.2094E+01
 -14.560  0.3295E+00  0.2100E+01
 -14.540  0.3296E+00  0.2107E+01
 -14.520  0.3298E+00  0.2114E+01
 -14.500  0.3300E+00  0.2120E+01
 -14.480  0.3302E+00  0.2127E+01
 -14.460  0.3305E+00  0.2133E+01
 -14.440  0.3310E+00  0.2140E+01
 -14.420  0.3318E+00  0.2147E+01
 -14.400  0.3330E+00  0.2153E+01
 -14.380  0.3350E+00  0.2160E+01
 -14.360  0.3378E+00  0.2167E+01
 -14.340  0.3418E+00  0.2174E+01
 -14.320  0.3473E+00  0.2181E+01
 -14.300  0.3544E+00  0.2188E+01
 -14.280  0.3633E+00  0.2195E+01
 -14.260  0.3741E+00  0.2202E+01
 -14.240  0.3870E+00  0.2210E+01
 -14.220  0.4018E+00  0.2218E+01
 -14.200  0.4182E+00  0.2227E+01
 -14.180  0.4356E+00  0.2235E+01
 -14.160  0.4526E+00  0.2244E+01
 -14.140  0.4678E+00  0.2254E+01
 -14.120  0.4794E+00  0.2263E+01
 -14.100  0.4862E+00  0.2273E+01
 -14.080  0.4875E+00  0.2283E+01
 -14.060  0.4836E+00  0.2292E+01
 -14.040  0.4756E+00  0.2302E+01
 -14.020  0.4651E+00  0.2311E+01
 -14.000  0.4536E+00  0.2320E+01
 -13.980  0.4423E+00  0.2329E+01
 -13.960  0.4319E+00  0.2338E+01
 -13.940  0.4229E+00  0.2346E+01
 -13.920  0.4151E+00  0.2355E+01
 -13.900  0.4084E+00  0.2363E+01
 -13.880  0.4025E+00  0.2371E+01
 -13.860  0.3974E+00  0.2379E+01
 -13.840  0.3928E+00  0.2387E+01
 -13.820  0.3886E+00  0.2394E+01
 -13.800  0.3847E+00  0.2402E+01
 -13.780  0.3811E+00  0.2410E+01
 -13.760  0.3778E+00  0.2417E+01
 -13.740  0.3746E+00  0.2425E+01
 -13.720  0.3716E+00  0.2432E+01
 -13.700  0.3687E+00  0.2440E+01
 -13.680  0.3660E+00  0.2447E+01
 -13.660  0.3633E+00  0.2454E+01
 -13.640  0.3608E+00  0.2461E+01
 -13.620  0.3584E+00  0.2469E+01
 -13.600  0.3560E+00  0.2476E+01
 -13.580  0.3537E+00  0.2483E+01
 -13.560  0.3515E+00  0.2490E+01
 -13.540  0.3494E+00  0.2497E+01
 -13.520  0.3473E+00  0.2504E+01
 -13.500  0.3452E+00  0.2511E+01
 -13.480  0.3432E+00  0.2517E+01
 -13.460  0.3413E+00  0.2524E+01
 -13.440  0.3394E+00  0.2531E+01
 -13.420  0.3375E+00  0.2538E+01
 -13.400  0.3357E+00  0.2545E+01
 -13.380  0.3339E+00  0.2551E+01
 -13.360  0.3322E+00  0.2558E+01
 -13.340  0.3305E+00  0.2564E+01
 -13.320  0.3288E+00  0.2571E+01
 -13.300  0.3271E+00  0.2578E+01
 -13.280  0.3255E+00  0.2584E+01
 -13.260  0.3239E+00  0.2591E+01
 -13.240  0.3223E+00  0.2597E+01
 -13.220  0.3208E+00  0.2603E+01
 -13.200  0.3192E+00  0.2610E+01
 -13.180  0.3177E+00  0.2616E+01
 -13.160  0.3162E+00  0.2622E+01
 -13.140  0.3148E+00  0.2629E+01
 -13.120  0.3133E+00  0.2635E+01
 -13.100  0.3119E+00  0.2641E+01
 -13.080  0.3105E+00  0.2648E+01
 -13.060  0.3091E+00  0.2654E+01
 -13.040  0.3077E+00  0.2660E+01
 -13.020  0.3063E+00  0.2666E+01
 -13.000  0.3050E+00  0.2672E+01
 -12.980  0.3037E+00  0.2678E+01
 -12.960  0.3024E+00  0.2684E+01
 -12.940  0.3010E+00  0.2690E+01
 -12.920  0.2998E+00  0.2696E+01
 -12.900  0.2985E+00  0.2702E+01
 -12.880  0.2972E+00  0.2708E+01
 -12.860  0.2960E+00  0.2714E+01
 -12.840  0.2947E+00  0.2720E+01
 -12.820  0.2935E+00  0.2726E+01
 -12.800  0.2923E+00  0.2732E+01
 -12.780  0.2911E+00  0.2737E+01
 -12.760  0.2899E+00  0.2743E+01
 -12.740  0.2887E+00  0.2749E+01
 -12.720  0.2875E+00  0.2755E+01
 -12.700  0.2864E+00  0.2761E+01
 -12.680  0.2852E+00  0.2766E+01
 -12.660  0.2841E+00  0.2772E+01
 -12.640  0.2830E+00  0.2778E+01
 -12.620  0.2818E+00  0.2783E+01
 -12.600  0.2807E+00  0.2789E+01
 -12.580  0.2796E+00  0.2794E+01
 -12.560  0.2785E+00  0.2800E+01
 -12.540  0.2774E+00  0.2806E+01
 -12.520  0.2764E+00  0.2811E+01
 -12.500  0.2753E+00  0.2817E+01
 -12.480  0.2744E+00  0.2822E+01
 -12.460  0.2735E+00  0.2828E+01
 -12.440  0.2730E+00  0.2833E+01
 -12.420  0.2729E+00  0.2838E+01
 -12.400  0.2736E+00  0.2844E+01
 -12.380  0.2755E+00  0.2849E+01
 -12.360  0.2791E+00  0.2855E+01
 -12.340  0.2847E+00  0.2861E+01
 -12.320  0.2922E+00  0.2867E+01
 -12.300  0.3013E+00  0.2873E+01
 -12.280  0.3115E+00  0.2879E+01
 -12.260  0.3218E+00  0.2885E+01
 -12.240  0.3313E+00  0.2892E+01
 -12.220  0.3394E+00  0.2899E+01
 -12.200  0.3457E+00  0.2906E+01
 -12.180  0.3502E+00  0.2913E+01
 -12.160  0.3532E+00  0.2920E+01
 -12.140  0.3552E+00  0.2927E+01
 -12.120  0.3564E+00  0.2934E+01
 -12.100  0.3572E+00  0.2941E+01
 -12.080  0.3577E+00  0.2948E+01
 -12.060  0.3581E+00  0.2955E+01
 -12.040  0.3585E+00  0.2962E+01
 -12.020  0.3589E+00  0.2970E+01
 -12.000  0.3592E+00  0.2977E+01
 -11.980  0.3596E+00  0.2984E+01
 -11.960  0.3599E+00  0.2991E+01
 -11.940  0.3603E+00  0.2998E+01
 -11.920  0.3607E+00  0.3006E+01
 -11.900  0.3610E+00  0.3013E+01
 -11.880  0.3614E+00  0.3020E+01
 -11.860  0.3618E+00  0.3027E+01
 -11.840  0.3622E+00  0.3035E+01
 -11.820  0.3625E+00  0.3042E+01
 -11.800  0.3629E+00  0.3049E+01
 -11.780  0.3633E+00  0.3056E+01
 -11.760  0.3637E+00  0.3064E+01
 -11.740  0.3641E+00  0.3071E+01
 -11.720  0.3645E+00  0.3078E+01
 -11.700  0.3649E+00  0.3086E+01
 -11.680  0.3653E+00  0.3093E+01
 -11.660  0.3657E+00  0.3100E+01
 -11.640  0.3662E+00  0.3107E+01
 -11.620  0.3666E+00  0.3115E+01
 -11.600  0.3670E+00  0.3122E+01
 -11.580  0.3674E+00  0.3129E+01
 -11.560  0.3678E+00  0.3137E+01
 -11.540  0.3683E+00  0.3144E+01
 -11.520  0.3687E+00  0.3152E+01
 -11.500  0.3692E+00  0.3159E+01
 -11.480  0.3696E+00  0.3166E+01
 -11.460  0.3700E+00  0.3174E+01
 -11.440  0.3705E+00  0.3181E+01
 -11.420  0.3710E+00  0.3189E+01
 -11.400  0.3714E+00  0.3196E+01
 -11.380  0.3719E+00  0.3203E+01
 -11.360  0.3723E+00  0.3211E+01
 -11.340  0.3727E+00  0.3218E+01
 -11.320  0.3733E+00  0.3226E+01
 -11.300  0.3738E+00  0.3233E+01
 -11.280  0.3743E+00  0.3241E+01
 -11.260  0.3748E+00  0.3248E+01
 -11.240  0.3752E+00  0.3256E+01
 -11.220  0.3757E+00  0.3263E+01
 -11.200  0.3762E+00  0.3271E+01
 -11.180  0.3768E+00  0.3278E+01
 -11.160  0.3774E+00  0.3286E+01
 -11.140  0.3778E+00  0.3293E+01
 -11.120  0.3782E+00  0.3301E+01
 -11.100  0.3787E+00  0.3309E+01
 -11.080  0.3794E+00  0.3316E+01
 -11.060  0.3800E+00  0.3324E+01
 -11.040  0.3806E+00  0.3331E+01
 -11.020  0.3811E+00  0.3339E+01
 -11.000  0.3815E+00  0.3347E+01
 -10.980  0.3820E+00  0.3354E+01
 -10.960  0.3827E+00  0.3362E+01
 -10.940  0.3834E+00  0.3370E+01
 -10.920  0.3840E+00  0.3377E+01
 -10.900  0.3845E+00  0.3385E+01
 -10.880  0.3849E+00  0.3393E+01
 -10.860  0.3855E+00  0.3400E+01
 -10.840  0.3862E+00  0.3408E+01
 -10.820  0.3870E+00  0.3416E+01
 -10.800  0.3877E+00  0.3424E+01
 -10.780  0.3882E+00  0.3431E+01
 -10.760  0.3887E+00  0.3439E+01
 -10.740  0.3892E+00  0.3447E+01
 -10.720  0.3900E+00  0.3455E+01
 -10.700  0.3908E+00  0.3463E+01
 -10.680  0.3915E+00  0.3470E+01
 -10.660  0.3921E+00  0.3478E+01
 -10.640  0.3926E+00  0.3486E+01
 -10.620  0.3932E+00  0.3494E+01
 -10.600  0.3940E+00  0.3502E+01
 -10.580  0.3949E+00  0.3510E+01
 -10.560  0.3957E+00  0.3518E+01
 -10.540  0.3963E+00  0.3526E+01
 -10.520  0.3969E+00  0.3533E+01
 -10.500  0.3975E+00  0.3541E+01
 -10.480  0.3983E+00  0.3549E+01
 -10.460  0.3992E+00  0.3557E+01
 -10.440  0.4001E+00  0.3565E+01
 -10.420  0.4008E+00  0.3573E+01
 -10.400  0.4014E+00  0.3581E+01
 -10.380  0.4021E+00  0.3589E+01
 -10.360  0.4030E+00  0.3598E+01
 -10.340  0.4039E+00  0.3606E+01
 -10.320  0.4049E+00  0.3614E+01
 -10.300  0.4056E+00  0.3622E+01
 -10.280  0.4064E+00  0.3630E+01
 -10.260  0.4071E+00  0.3638E+01
 -10.240  0.4080E+00  0.3646E+01
 -10.220  0.4090E+00  0.3654E+01
 -10.200  0.4100E+00  0.3663E+01
 -10.180  0.4109E+00  0.3671E+01
 -10.160  0.4117E+00  0.3679E+01
 -10.140  0.4125E+00  0.3687E+01
 -10.120  0.4134E+00  0.3696E+01
 -10.100  0.4145E+00  0.3704E+01
 -10.080  0.4155E+00  0.3712E+01
 -10.060  0.4165E+00  0.3721E+01
 -10.040  0.4174E+00  0.3729E+01
 -10.020  0.4183E+00  0.3737E+01
 -10.000  0.4193E+00  0.3746E+01
  -9.980  0.4205E+00  0.3754E+01
  -9.960  0.4216E+00  0.3762E+01
  -9.940  0.4226E+00  0.3771E+01
  -9.920  0.4236E+00  0.3779E+01
  -9.900  0.4247E+00  0.3788E+01
  -9.880  0.4258E+00  0.3796E+01
  -9.860  0.4270E+00  0.3805E+01
  -9.840  0.4282E+00  0.3813E+01
  -9.820  0.4293E+00  0.3822E+01
  -9.800  0.4304E+00  0.3831E+01
  -9.780  0.4316E+00  0.3839E+01
  -9.760  0.4328E+00  0.3848E+01
  -9.740  0.4341E+00  0.3857E+01
  -9.720  0.4354E+00  0.3865E+01
  -9.700  0.4367E+00  0.3874E+01
  -9.680  0.4379E+00  0.3883E+01
  -9.660  0.4392E+00  0.3892E+01
  -9.640  0.4406E+00  0.3900E+01
  -9.620  0.4420E+00  0.3909E+01
  -9.600  0.4434E+00  0.3918E+01
  -9.580  0.4448E+00  0.3927E+01
  -9.560  0.4463E+00  0.3936E+01
  -9.540  0.4480E+00  0.3945E+01
  -9.520  0.4500E+00  0.3954E+01
  -9.500  0.4525E+00  0.3963E+01
  -9.480  0.4561E+00  0.3972E+01
  -9.460  0.4615E+00  0.3981E+01
  -9.440  0.4699E+00  0.3991E+01
  -9.420  0.4825E+00  0.4000E+01
  -9.400  0.5001E+00  0.4010E+01
  -9.380  0.5232E+00  0.4021E+01
  -9.360  0.5510E+00  0.4032E+01
  -9.340  0.5822E+00  0.4044E+01
  -9.320  0.6144E+00  0.4056E+01
  -9.300  0.6450E+00  0.4069E+01
  -9.280  0.6718E+00  0.4082E+01
  -9.260  0.6934E+00  0.4096E+01
  -9.240  0.7097E+00  0.4110E+01
  -9.220  0.7212E+00  0.4125E+01
  -9.200  0.7292E+00  0.4139E+01
  -9.180  0.7347E+00  0.4154E+01
  -9.160  0.7387E+00  0.4169E+01
  -9.140  0.7418E+00  0.4184E+01
  -9.120  0.7444E+00  0.4198E+01
  -9.100  0.7470E+00  0.4213E+01
  -9.080  0.7496E+00  0.4228E+01
  -9.060  0.7522E+00  0.4243E+01
  -9.040  0.7549E+00  0.4258E+01
  -9.020  0.7576E+00  0.4274E+01
  -9.000  0.7604E+00  0.4289E+01
  -8.980  0.7632E+00  0.4304E+01
  -8.960  0.7661E+00  0.4319E+01
  -8.940  0.7692E+00  0.4335E+01
  -8.920  0.7724E+00  0.4350E+01
  -8.900  0.7756E+00  0.4366E+01
  -8.880  0.7789E+00  0.4381E+01
  -8.860  0.7822E+00  0.4397E+01
  -8.840  0.7857E+00  0.4413E+01
  -8.820  0.7894E+00  0.4428E+01
  -8.800  0.7932E+00  0.4444E+01
  -8.780  0.7972E+00  0.4460E+01
  -8.760  0.8012E+00  0.4476E+01
  -8.740  0.8053E+00  0.4492E+01
  -8.720  0.8096E+00  0.4509E+01
  -8.700  0.8142E+00  0.4525E+01
  -8.680  0.8190E+00  0.4541E+01
  -8.660  0.8240E+00  0.4558E+01
  -8.640  0.8291E+00  0.4574E+01
  -8.620  0.8344E+00  0.4591E+01
  -8.600  0.8400E+00  0.4608E+01
  -8.580  0.8460E+00  0.4625E+01
  -8.560  0.8524E+00  0.4642E+01
  -8.540  0.8591E+00  0.4659E+01
  -8.520  0.8661E+00  0.4676E+01
  -8.500  0.8735E+00  0.4694E+01
  -8.480  0.8815E+00  0.4711E+01
  -8.460  0.8901E+00  0.4729E+01
  -8.440  0.8995E+00  0.4747E+01
  -8.420  0.9097E+00  0.4765E+01
  -8.400  0.9209E+00  0.4784E+01
  -8.380  0.9332E+00  0.4802E+01
  -8.360  0.9472E+00  0.4821E+01
  -8.340  0.9632E+00  0.4841E+01
  -8.320  0.9819E+00  0.4860E+01
  -8.300  0.1004E+01  0.4880E+01
  -8.280  0.1029E+01  0.4901E+01
  -8.260  0.1057E+01  0.4922E+01
  -8.240  0.1087E+01  0.4944E+01
  -8.220  0.1117E+01  0.4966E+01
  -8.200  0.1144E+01  0.4989E+01
  -8.180  0.1164E+01  0.5012E+01
  -8.160  0.1174E+01  0.5036E+01
  -8.140  0.1171E+01  0.5059E+01
  -8.120  0.1158E+01  0.5082E+01
  -8.100  0.1134E+01  0.5105E+01
  -8.080  0.1105E+01  0.5127E+01
  -8.060  0.1073E+01  0.5149E+01
  -8.040  0.1042E+01  0.5169E+01
  -8.020  0.1013E+01  0.5190E+01
  -8.000  0.9872E+00  0.5209E+01
  -7.980  0.9650E+00  0.5229E+01
  -7.960  0.9459E+00  0.5248E+01
  -7.940  0.9293E+00  0.5266E+01
  -7.920  0.9147E+00  0.5285E+01
  -7.900  0.9015E+00  0.5303E+01
  -7.880  0.8894E+00  0.5320E+01
  -7.860  0.8784E+00  0.5338E+01
  -7.840  0.8683E+00  0.5355E+01
  -7.820  0.8589E+00  0.5373E+01
  -7.800  0.8500E+00  0.5390E+01
  -7.780  0.8417E+00  0.5406E+01
  -7.760  0.8337E+00  0.5423E+01
  -7.740  0.8261E+00  0.5440E+01
  -7.720  0.8190E+00  0.5456E+01
  -7.700  0.8123E+00  0.5472E+01
  -7.680  0.8058E+00  0.5488E+01
  -7.660  0.7996E+00  0.5504E+01
  -7.640  0.7936E+00  0.5520E+01
  -7.620  0.7878E+00  0.5536E+01
  -7.600  0.7822E+00  0.5552E+01
  -7.580  0.7769E+00  0.5567E+01
  -7.560  0.7719E+00  0.5583E+01
  -7.540  0.7669E+00  0.5598E+01
  -7.520  0.7620E+00  0.5613E+01
  -7.500  0.7573E+00  0.5628E+01
  -7.480  0.7527E+00  0.5643E+01
  -7.460  0.7484E+00  0.5658E+01
  -7.440  0.7442E+00  0.5673E+01
  -7.420  0.7401E+00  0.5688E+01
  -7.400  0.7360E+00  0.5703E+01
  -7.380  0.7320E+00  0.5717E+01
  -7.360  0.7281E+00  0.5732E+01
  -7.340  0.7244E+00  0.5746E+01
  -7.320  0.7209E+00  0.5761E+01
  -7.300  0.7173E+00  0.5775E+01
  -7.280  0.7138E+00  0.5789E+01
  -7.260  0.7104E+00  0.5804E+01
  -7.240  0.7070E+00  0.5818E+01
  -7.220  0.7038E+00  0.5832E+01
  -7.200  0.7007E+00  0.5846E+01
  -7.180  0.6976E+00  0.5860E+01
  -7.160  0.6945E+00  0.5874E+01
  -7.140  0.6915E+00  0.5888E+01
  -7.120  0.6885E+00  0.5901E+01
  -7.100  0.6857E+00  0.5915E+01
  -7.080  0.6830E+00  0.5929E+01
  -7.060  0.6803E+00  0.5942E+01
  -7.040  0.6775E+00  0.5956E+01
  -7.020  0.6748E+00  0.5969E+01
  -7.000  0.6722E+00  0.5983E+01
  -6.980  0.6697E+00  0.5996E+01
  -6.960  0.6672E+00  0.6010E+01
  -6.940  0.6648E+00  0.6023E+01
  -6.920  0.6624E+00  0.6036E+01
  -6.900  0.6599E+00  0.6049E+01
  -6.880  0.6576E+00  0.6062E+01
  -6.860  0.6553E+00  0.6076E+01
  -6.840  0.6531E+00  0.6089E+01
  -6.820  0.6509E+00  0.6102E+01
  -6.800  0.6487E+00  0.6115E+01
  -6.780  0.6465E+00  0.6127E+01
  -6.760  0.6444E+00  0.6140E+01
  -6.740  0.6423E+00  0.6153E+01
  -6.720  0.6403E+00  0.6166E+01
  -6.700  0.6383E+00  0.6179E+01
  -6.680  0.6363E+00  0.6192E+01
  -6.660  0.6343E+00  0.6204E+01
  -6.640  0.6324E+00  0.6217E+01
  -6.620  0.6306E+00  0.6229E+01
  -6.600  0.6287E+00  0.6242E+01
  -6.580  0.6269E+00  0.6255E+01
  -6.560  0.6251E+00  0.6267E+01
  -6.540  0.6233E+00  0.6280E+01
  -6.520  0.6216E+00  0.6292E+01
  -6.500  0.6199E+00  0.6304E+01
  -6.480  0.6182E+00  0.6317E+01
  -6.460  0.6165E+00  0.6329E+01
  -6.440  0.6148E+00  0.6341E+01
  -6.420  0.6132E+00  0.6354E+01
  -6.400  0.6117E+00  0.6366E+01
  -6.380  0.6101E+00  0.6378E+01
  -6.360  0.6086E+00  0.6390E+01
  -6.340  0.6070E+00  0.6402E+01
  -6.320  0.6055E+00  0.6414E+01
  -6.300  0.6041E+00  0.6427E+01
  -6.280  0.6026E+00  0.6439E+01
  -6.260  0.6012E+00  0.6451E+01
  -6.240  0.5998E+00  0.6463E+01
  -6.220  0.5984E+00  0.6475E+01
  -6.200  0.5970E+00  0.6487E+01
  -6.180  0.5957E+00  0.6498E+01
  -6.160  0.5944E+00  0.6510E+01
  -6.140  0.5931E+00  0.6522E+01
  -6.120  0.5918E+00  0.6534E+01
  -6.100  0.5906E+00  0.6546E+01
  -6.080  0.5893E+00  0.6558E+01
  -6.060  0.5881E+00  0.6569E+01
  -6.040  0.5869E+00  0.6581E+01
  -6.020  0.5858E+00  0.6593E+01
  -6.000  0.5846E+00  0.6605E+01
  -5.980  0.5835E+00  0.6616E+01
  -5.960  0.5824E+00  0.6628E+01
  -5.940  0.5813E+00  0.6640E+01
  -5.920  0.5802E+00  0.6651E+01
  -5.900  0.5792E+00  0.6663E+01
  -5.880  0.5781E+00  0.6674E+01
  -5.860  0.5771E+00  0.6686E+01
  -5.840  0.5761E+00  0.6697E+01
  -5.820  0.5751E+00  0.6709E+01
  -5.800  0.5742E+00  0.6720E+01
  -5.780  0.5733E+00  0.6732E+01
  -5.760  0.5724E+00  0.6743E+01
  -5.740  0.5715E+00  0.6755E+01
  -5.720  0.5706E+00  0.6766E+01
  -5.700  0.5698E+00  0.6777E+01
  -5.680  0.5690E+00  0.6789E+01
  -5.660  0.5682E+00  0.6800E+01
  -5.640  0.5674E+00  0.6812E+01
  -5.620  0.5666E+00  0.6823E+01
  -5.600  0.5658E+00  0.6834E+01
  -5.580  0.5652E+00  0.6845E+01
  -5.560  0.5645E+00  0.6857E+01
  -5.540  0.5638E+00  0.6868E+01
  -5.520  0.5631E+00  0.6879E+01
  -5.500  0.5625E+00  0.6891E+01
  -5.480  0.5619E+00  0.6902E+01
  -5.460  0.5613E+00  0.6913E+01
  -5.440  0.5608E+00  0.6924E+01
  -5.420  0.5602E+00  0.6935E+01
  -5.400  0.5597E+00  0.6947E+01
  -5.380  0.5592E+00  0.6958E+01
  -5.360  0.5588E+00  0.6969E+01
  -5.340  0.5584E+00  0.6980E+01
  -5.320  0.5579E+00  0.6991E+01
  -5.300  0.5575E+00  0.7002E+01
  -5.280  0.5571E+00  0.7014E+01
  -5.260  0.5569E+00  0.7025E+01
  -5.240  0.5566E+00  0.7036E+01
  -5.220  0.5563E+00  0.7047E+01
  -5.200  0.5561E+00  0.7058E+01
  -5.180  0.5558E+00  0.7069E+01
  -5.160  0.5557E+00  0.7080E+01
  -5.140  0.5556E+00  0.7091E+01
  -5.120  0.5555E+00  0.7103E+01
  -5.100  0.5554E+00  0.7114E+01
  -5.080  0.5553E+00  0.7125E+01
  -5.060  0.5553E+00  0.7136E+01
  -5.040  0.5554E+00  0.7147E+01
  -5.020  0.5555E+00  0.7158E+01
  -5.000  0.5556E+00  0.7169E+01
  -4.980  0.5555E+00  0.7180E+01
  -4.960  0.5551E+00  0.7191E+01
  -4.940  0.5542E+00  0.7203E+01
  -4.920  0.5522E+00  0.7214E+01
  -4.900  0.5484E+00  0.7225E+01
  -4.880  0.5416E+00  0.7235E+01
  -4.860  0.5312E+00  0.7246E+01
  -4.840  0.5166E+00  0.7256E+01
  -4.820  0.4978E+00  0.7266E+01
  -4.800  0.4758E+00  0.7276E+01
  -4.780  0.4522E+00  0.7285E+01
  -4.760  0.4290E+00  0.7293E+01
  -4.740  0.4083E+00  0.7302E+01
  -4.720  0.3917E+00  0.7309E+01
  -4.700  0.3797E+00  0.7317E+01
  -4.680  0.3722E+00  0.7324E+01
  -4.660  0.3682E+00  0.7332E+01
  -4.640  0.3669E+00  0.7339E+01
  -4.620  0.3675E+00  0.7347E+01
  -4.600  0.3692E+00  0.7354E+01
  -4.580  0.3717E+00  0.7361E+01
  -4.560  0.3746E+00  0.7369E+01
  -4.540  0.3776E+00  0.7376E+01
  -4.520  0.3808E+00  0.7384E+01
  -4.500  0.3844E+00  0.7392E+01
  -4.480  0.3882E+00  0.7399E+01
  -4.460  0.3923E+00  0.7407E+01
  -4.440  0.3967E+00  0.7415E+01
  -4.420  0.4013E+00  0.7423E+01
  -4.400  0.4062E+00  0.7431E+01
  -4.380  0.4117E+00  0.7440E+01
  -4.360  0.4178E+00  0.7448E+01
  -4.340  0.4245E+00  0.7456E+01
  -4.320  0.4320E+00  0.7465E+01
  -4.300  0.4403E+00  0.7474E+01
  -4.280  0.4499E+00  0.7483E+01
  -4.260  0.4613E+00  0.7492E+01
  -4.240  0.4748E+00  0.7502E+01
  -4.220  0.4906E+00  0.7511E+01
  -4.200  0.5087E+00  0.7522E+01
  -4.180  0.5287E+00  0.7532E+01
  -4.160  0.5496E+00  0.7543E+01
  -4.140  0.5694E+00  0.7555E+01
  -4.120  0.5854E+00  0.7566E+01
  -4.100  0.5949E+00  0.7578E+01
  -4.080  0.5958E+00  0.7590E+01
  -4.060  0.5878E+00  0.7602E+01
  -4.040  0.5718E+00  0.7613E+01
  -4.020  0.5501E+00  0.7624E+01
  -4.000  0.5251E+00  0.7635E+01
  -3.980  0.4993E+00  0.7645E+01
  -3.960  0.4746E+00  0.7654E+01
  -3.940  0.4522E+00  0.7663E+01
  -3.920  0.4326E+00  0.7672E+01
  -3.900  0.4156E+00  0.7680E+01
  -3.880  0.4008E+00  0.7688E+01
  -3.860  0.3874E+00  0.7696E+01
  -3.840  0.3753E+00  0.7704E+01
  -3.820  0.3644E+00  0.7711E+01
  -3.800  0.3545E+00  0.7718E+01
  -3.780  0.3454E+00  0.7725E+01
  -3.760  0.3367E+00  0.7732E+01
  -3.740  0.3284E+00  0.7738E+01
  -3.720  0.3204E+00  0.7745E+01
  -3.700  0.3131E+00  0.7751E+01
  -3.680  0.3062E+00  0.7757E+01
  -3.660  0.2996E+00  0.7763E+01
  -3.640  0.2931E+00  0.7769E+01
  -3.620  0.2867E+00  0.7775E+01
  -3.600  0.2806E+00  0.7780E+01
  -3.580  0.2749E+00  0.7786E+01
  -3.560  0.2695E+00  0.7791E+01
  -3.540  0.2642E+00  0.7796E+01
  -3.520  0.2588E+00  0.7801E+01
  -3.500  0.2536E+00  0.7807E+01
  -3.480  0.2487E+00  0.7812E+01
  -3.460  0.2440E+00  0.7816E+01
  -3.440  0.2394E+00  0.7821E+01
  -3.420  0.2348E+00  0.7826E+01
  -3.400  0.2303E+00  0.7830E+01
  -3.380  0.2258E+00  0.7835E+01
  -3.360  0.2216E+00  0.7839E+01
  -3.340  0.2175E+00  0.7844E+01
  -3.320  0.2135E+00  0.7848E+01
  -3.300  0.2095E+00  0.7852E+01
  -3.280  0.2055E+00  0.7856E+01
  -3.260  0.2016E+00  0.7860E+01
  -3.240  0.1979E+00  0.7864E+01
  -3.220  0.1943E+00  0.7868E+01
  -3.200  0.1907E+00  0.7872E+01
  -3.180  0.1870E+00  0.7876E+01
  -3.160  0.1835E+00  0.7879E+01
  -3.140  0.1800E+00  0.7883E+01
  -3.120  0.1766E+00  0.7887E+01
  -3.100  0.1733E+00  0.7890E+01
  -3.080  0.1700E+00  0.7893E+01
  -3.060  0.1667E+00  0.7897E+01
  -3.040  0.1635E+00  0.7900E+01
  -3.020  0.1603E+00  0.7903E+01
  -3.000  0.1572E+00  0.7906E+01
  -2.980  0.1542E+00  0.7909E+01
  -2.960  0.1511E+00  0.7913E+01
  -2.940  0.1481E+00  0.7915E+01
  -2.920  0.1451E+00  0.7918E+01
  -2.900  0.1422E+00  0.7921E+01
  -2.880  0.1393E+00  0.7924E+01
  -2.860  0.1364E+00  0.7927E+01
  -2.840  0.1336E+00  0.7929E+01
  -2.820  0.1307E+00  0.7932E+01
  -2.800  0.1279E+00  0.7935E+01
  -2.780  0.1252E+00  0.7937E+01
  -2.760  0.1225E+00  0.7940E+01
  -2.740  0.1198E+00  0.7942E+01
  -2.720  0.1171E+00  0.7944E+01
  -2.700  0.1144E+00  0.7947E+01
  -2.680  0.1118E+00  0.7949E+01
  -2.660  0.1092E+00  0.7951E+01
  -2.640  0.1066E+00  0.7953E+01
  -2.620  0.1040E+00  0.7955E+01
  -2.600  0.1014E+00  0.7957E+01
  -2.580  0.9890E-01  0.7959E+01
  -2.560  0.9640E-01  0.7961E+01
  -2.540  0.9392E-01  0.7963E+01
  -2.520  0.9143E-01  0.7965E+01
  -2.500  0.8895E-01  0.7967E+01
  -2.480  0.8649E-01  0.7968E+01
  -2.460  0.8407E-01  0.7970E+01
  -2.440  0.8166E-01  0.7972E+01
  -2.420  0.7926E-01  0.7973E+01
  -2.400  0.7686E-01  0.7975E+01
  -2.380  0.7447E-01  0.7976E+01
  -2.360  0.7210E-01  0.7978E+01
  -2.340  0.6975E-01  0.7979E+01
  -2.320  0.6741E-01  0.7980E+01
  -2.300  0.6507E-01  0.7982E+01
  -2.280  0.6274E-01  0.7983E+01
  -2.260  0.6042E-01  0.7984E+01
  -2.240  0.5812E-01  0.7985E+01
  -2.220  0.5582E-01  0.7986E+01
  -2.200  0.5353E-01  0.7988E+01
  -2.180  0.5124E-01  0.7989E+01
  -2.160  0.4896E-01  0.7990E+01
  -2.140  0.4669E-01  0.7991E+01
  -2.120  0.4443E-01  0.7991E+01
  -2.100  0.4217E-01  0.7992E+01
  -2.080  0.3991E-01  0.7993E+01
  -2.060  0.3765E-01  0.7994E+01
  -2.040  0.3541E-01  0.7994E+01
  -2.020  0.3317E-01  0.7995E+01
  -2.000  0.3092E-01  0.7996E+01
  -1.980  0.2868E-01  0.7996E+01
  -1.960  0.2644E-01  0.7997E+01
  -1.940  0.2421E-01  0.7997E+01
  -1.920  0.2198E-01  0.7998E+01
  -1.900  0.1976E-01  0.7998E+01
  -1.880  0.1755E-01  0.7999E+01
  -1.860  0.1538E-01  0.7999E+01
  -1.840  0.1329E-01  0.7999E+01
  -1.820  0.1131E-01  0.7999E+01
  -1.800  0.9527E-02  0.8000E+01
  -1.780  0.8023E-02  0.8000E+01
  -1.760  0.6895E-02  0.8000E+01
  -1.740  0.6230E-02  0.8000E+01
  -1.720  0.6080E-02  0.8000E+01
  -1.700  0.6460E-02  0.8000E+01
  -1.680  0.7342E-02  0.8000E+01
  -1.660  0.8661E-02  0.8001E+01
  -1.640  0.1033E-01  0.8001E+01
  -1.620  0.1225E-01  0.8001E+01
  -1.600  0.1434E-01  0.8001E+01
  -1.580  0.1654E-01  0.8002E+01
  -1.560  0.1880E-01  0.8002E+01
  -1.540  0.2111E-01  0.8002E+01
  -1.520  0.2344E-01  0.8003E+01
  -1.500  0.2579E-01  0.8003E+01
  -1.480  0.2815E-01  0.8004E+01
  -1.460  0.3053E-01  0.8005E+01
  -1.440  0.3292E-01  0.8005E+01
  -1.420  0.3533E-01  0.8006E+01
  -1.400  0.3775E-01  0.8007E+01
  -1.380  0.4020E-01  0.8007E+01
  -1.360  0.4266E-01  0.8008E+01
  -1.340  0.4514E-01  0.8009E+01
  -1.320  0.4764E-01  0.8010E+01
  -1.300  0.5016E-01  0.8011E+01
  -1.280  0.5271E-01  0.8012E+01
  -1.260  0.5528E-01  0.8013E+01
  -1.240  0.5788E-01  0.8015E+01
  -1.220  0.6051E-01  0.8016E+01
  -1.200  0.6315E-01  0.8017E+01
  -1.180  0.6583E-01  0.8018E+01
  -1.160  0.6855E-01  0.8020E+01
  -1.140  0.7131E-01  0.8021E+01
  -1.120  0.7409E-01  0.8023E+01
  -1.100  0.7690E-01  0.8024E+01
  -1.080  0.7975E-01  0.8026E+01
  -1.060  0.8266E-01  0.8027E+01
  -1.040  0.8562E-01  0.8029E+01
  -1.020  0.8861E-01  0.8031E+01
  -1.000  0.9164E-01  0.8033E+01
  -0.980  0.9472E-01  0.8035E+01
  -0.960  0.9787E-01  0.8037E+01
  -0.940  0.1011E+00  0.8039E+01
  -0.920  0.1044E+00  0.8041E+01
  -0.900  0.1077E+00  0.8043E+01
  -0.880  0.1111E+00  0.8045E+01
  -0.860  0.1145E+00  0.8047E+01
  -0.840  0.1181E+00  0.8050E+01
  -0.820  0.1218E+00  0.8052E+01
  -0.800  0.1255E+00  0.8055E+01
  -0.780  0.1293E+00  0.8057E+01
  -0.760  0.1332E+00  0.8060E+01
  -0.740  0.1372E+00  0.8063E+01
  -0.720  0.1414E+00  0.8065E+01
  -0.700  0.1457E+00  0.8068E+01
  -0.680  0.1500E+00  0.8071E+01
  -0.660  0.1546E+00  0.8074E+01
  -0.640  0.1593E+00  0.8078E+01
  -0.620  0.1642E+00  0.8081E+01
  -0.600  0.1693E+00  0.8084E+01
  -0.580  0.1745E+00  0.8088E+01
  -0.560  0.1800E+00  0.8091E+01
  -0.540  0.1857E+00  0.8095E+01
  -0.520  0.1918E+00  0.8099E+01
  -0.500  0.1981E+00  0.8103E+01
  -0.480  0.2047E+00  0.8107E+01
  -0.460  0.2116E+00  0.8111E+01
  -0.440  0.2190E+00  0.8116E+01
  -0.420  0.2269E+00  0.8120E+01
  -0.400  0.2354E+00  0.8125E+01
  -0.380  0.2445E+00  0.8130E+01
  -0.360  0.2542E+00  0.8135E+01
  -0.340  0.2648E+00  0.8140E+01
  -0.320  0.2765E+00  0.8146E+01
  -0.300  0.2895E+00  0.8151E+01
  -0.280  0.3042E+00  0.8158E+01
  -0.260  0.3208E+00  0.8164E+01
  -0.240  0.3402E+00  0.8171E+01
  -0.220  0.3632E+00  0.8178E+01
  -0.200  0.3909E+00  0.8186E+01
  -0.180  0.4241E+00  0.8194E+01
  -0.160  0.4629E+00  0.8204E+01
  -0.140  0.5065E+00  0.8214E+01
  -0.120  0.5528E+00  0.8225E+01
  -0.100  0.5981E+00  0.8237E+01
  -0.080  0.6374E+00  0.8249E+01
  -0.060  0.6660E+00  0.8263E+01
  -0.040  0.6801E+00  0.8276E+01
  -0.020  0.6789E+00  0.8290E+01
  -0.000  0.6639E+00  0.8303E+01
   0.020  0.6389E+00  0.8316E+01
   0.040  0.6087E+00  0.8328E+01
   0.060  0.5772E+00  0.8340E+01
   0.080  0.5474E+00  0.8351E+01
   0.100  0.5209E+00  0.8361E+01
   0.120  0.4982E+00  0.8371E+01
   0.140  0.4792E+00  0.8381E+01
   0.160  0.4632E+00  0.8390E+01
   0.180  0.4496E+00  0.8399E+01
   0.200  0.4378E+00  0.8408E+01
   0.220  0.4272E+00  0.8416E+01
   0.240  0.4177E+00  0.8425E+01
   0.260  0.4092E+00  0.8433E+01
   0.280  0.4016E+00  0.8441E+01
   0.300  0.3946E+00  0.8449E+01
   0.320  0.3880E+00  0.8456E+01
   0.340  0.3818E+00  0.8464E+01
   0.360  0.3760E+00  0.8472E+01
   0.380  0.3706E+00  0.8479E+01
   0.400  0.3657E+00  0.8486E+01
   0.420  0.3611E+00  0.8494E+01
   0.440  0.3566E+00  0.8501E+01
   0.460  0.3522E+00  0.8508E+01
   0.480  0.3480E+00  0.8515E+01
   0.500  0.3441E+00  0.8522E+01
   0.520  0.3405E+00  0.8528E+01
   0.540  0.3372E+00  0.8535E+01
   0.560  0.3339E+00  0.8542E+01
   0.580  0.3306E+00  0.8548E+01
   0.600  0.3273E+00  0.8555E+01
   0.620  0.3242E+00  0.8561E+01
   0.640  0.3214E+00  0.8568E+01
   0.660  0.3187E+00  0.8574E+01
   0.680  0.3162E+00  0.8581E+01
   0.700  0.3136E+00  0.8587E+01
   0.720  0.3109E+00  0.8593E+01
   0.740  0.3083E+00  0.8599E+01
   0.760  0.3060E+00  0.8605E+01
   0.780  0.3038E+00  0.8611E+01
   0.800  0.3018E+00  0.8617E+01
   0.820  0.2996E+00  0.8623E+01
   0.840  0.2974E+00  0.8629E+01
   0.860  0.2952E+00  0.8635E+01
   0.880  0.2931E+00  0.8641E+01
   0.900  0.2913E+00  0.8647E+01
   0.920  0.2896E+00  0.8653E+01
   0.940  0.2879E+00  0.8659E+01
   0.960  0.2860E+00  0.8664E+01
   0.980  0.2840E+00  0.8670E+01
   1.000  0.2822E+00  0.8676E+01
   1.020  0.2805E+00  0.8681E+01
   1.040  0.2791E+00  0.8687E+01
   1.060  0.2777E+00  0.8692E+01
   1.080  0.2761E+00  0.8698E+01
   1.100  0.2744E+00  0.8703E+01
   1.120  0.2727E+00  0.8709E+01
   1.140  0.2711E+00  0.8714E+01
   1.160  0.2698E+00  0.8720E+01
   1.180  0.2686E+00  0.8725E+01
   1.200  0.2673E+00  0.8730E+01
   1.220  0.2658E+00  0.8736E+01
   1.240  0.2643E+00  0.8741E+01
   1.260  0.2628E+00  0.8746E+01
   1.280  0.2615E+00  0.8751E+01
   1.300  0.2605E+00  0.8757E+01
   1.320  0.2597E+00  0.8762E+01
   1.340  0.2590E+00  0.8767E+01
   1.360  0.2588E+00  0.8772E+01
   1.380  0.2597E+00  0.8777E+01
   1.400  0.2627E+00  0.8783E+01
   1.420  0.2689E+00  0.8788E+01
   1.440  0.2791E+00  0.8794E+01
   1.460  0.2940E+00  0.8799E+01
   1.480  0.3133E+00  0.8806E+01
   1.500  0.3363E+00  0.8812E+01
   1.520  0.3614E+00  0.8820E+01
   1.540  0.3867E+00  0.8827E+01
   1.560  0.4099E+00  0.8836E+01
   1.580  0.4292E+00  0.8844E+01
   1.600  0.4438E+00  0.8853E+01
   1.620  0.4535E+00  0.8862E+01
   1.640  0.4592E+00  0.8871E+01
   1.660  0.4621E+00  0.8881E+01
   1.680  0.4633E+00  0.8890E+01
   1.700  0.4637E+00  0.8899E+01
   1.720  0.4635E+00  0.8908E+01
   1.740  0.4629E+00  0.8918E+01
   1.760  0.4619E+00  0.8927E+01
   1.780  0.4607E+00  0.8936E+01
   1.800  0.4596E+00  0.8945E+01
   1.820  0.4587E+00  0.8954E+01
   1.840  0.4581E+00  0.8964E+01
   1.860  0.4575E+00  0.8973E+01
   1.880  0.4567E+00  0.8982E+01
   1.900  0.4556E+00  0.8991E+01
   1.920  0.4544E+00  0.9000E+01
   1.940  0.4534E+00  0.9009E+01
   1.960  0.4527E+00  0.9018E+01
   1.980  0.4522E+00  0.9027E+01
   2.000  0.4516E+00  0.9036E+01
   2.020  0.4508E+00  0.9045E+01
   2.040  0.4498E+00  0.9054E+01
   2.060  0.4487E+00  0.9063E+01
   2.080  0.4477E+00  0.9072E+01
   2.100  0.4471E+00  0.9081E+01
   2.120  0.4466E+00  0.9090E+01
   2.140  0.4462E+00  0.9099E+01
   2.160  0.4454E+00  0.9108E+01
   2.180  0.4445E+00  0.9117E+01
   2.200  0.4435E+00  0.9126E+01
   2.220  0.4428E+00  0.9135E+01
   2.240  0.4428E+00  0.9143E+01
   2.260  0.4437E+00  0.9152E+01
   2.280  0.4458E+00  0.9161E+01
   2.300  0.4498E+00  0.9170E+01
   2.320  0.4565E+00  0.9179E+01
   2.340  0.4671E+00  0.9189E+01
   2.360  0.4826E+00  0.9198E+01
   2.380  0.5030E+00  0.9208E+01
   2.400  0.5272E+00  0.9219E+01
   2.420  0.5532E+00  0.9230E+01
   2.440  0.5785E+00  0.9242E+01
   2.460  0.6009E+00  0.9254E+01
   2.480  0.6193E+00  0.9266E+01
   2.500  0.6330E+00  0.9279E+01
   2.520  0.6427E+00  0.9291E+01
   2.540  0.6489E+00  0.9304E+01
   2.560  0.6523E+00  0.9317E+01
   2.580  0.6538E+00  0.9331E+01
   2.600  0.6539E+00  0.9344E+01
   2.620  0.6534E+00  0.9357E+01
   2.640  0.6528E+00  0.9370E+01
   2.660  0.6526E+00  0.9383E+01
   2.680  0.6530E+00  0.9396E+01
   2.700  0.6540E+00  0.9409E+01
   2.720  0.6559E+00  0.9422E+01
   2.740  0.6594E+00  0.9435E+01
   2.760  0.6658E+00  0.9449E+01
   2.780  0.6762E+00  0.9462E+01
   2.800  0.6915E+00  0.9476E+01
   2.820  0.7117E+00  0.9490E+01
   2.840  0.7356E+00  0.9505E+01
   2.860  0.7613E+00  0.9520E+01
   2.880  0.7864E+00  0.9536E+01
   2.900  0.8089E+00  0.9552E+01
   2.920  0.8276E+00  0.9569E+01
   2.940  0.8419E+00  0.9585E+01
   2.960  0.8521E+00  0.9602E+01
   2.980  0.8586E+00  0.9620E+01
   3.000  0.8622E+00  0.9637E+01
   3.020  0.8637E+00  0.9654E+01
   3.040  0.8638E+00  0.9671E+01
   3.060  0.8634E+00  0.9689E+01
   3.080  0.8630E+00  0.9706E+01
   3.100  0.8628E+00  0.9723E+01
   3.120  0.8628E+00  0.9740E+01
   3.140  0.8626E+00  0.9758E+01
   3.160  0.8621E+00  0.9775E+01
   3.180  0.8613E+00  0.9792E+01
   3.200  0.8604E+00  0.9809E+01
   3.220  0.8597E+00  0.9827E+01
   3.240  0.8594E+00  0.9844E+01
   3.260  0.8594E+00  0.9861E+01
   3.280  0.8593E+00  0.9878E+01
   3.300  0.8589E+00  0.9895E+01
   3.320  0.8582E+00  0.9912E+01
   3.340  0.8573E+00  0.9930E+01
   3.360  0.8565E+00  0.9947E+01
   3.380  0.8562E+00  0.9964E+01
   3.400  0.8561E+00  0.9981E+01
   3.420  0.8561E+00  0.9998E+01
   3.440  0.8559E+00  0.1002E+02
   3.460  0.8553E+00  0.1003E+02
   3.480  0.8544E+00  0.1005E+02
   3.500  0.8536E+00  0.1007E+02
   3.520  0.8532E+00  0.1008E+02
   3.540  0.8531E+00  0.1010E+02
   3.560  0.8532E+00  0.1012E+02
   3.580  0.8531E+00  0.1013E+02
   3.600  0.8526E+00  0.1015E+02
   3.620  0.8519E+00  0.1017E+02
   3.640  0.8510E+00  0.1019E+02
   3.660  0.8505E+00  0.1020E+02
   3.680  0.8503E+00  0.1022E+02
   3.700  0.8504E+00  0.1024E+02
   3.720  0.8505E+00  0.1025E+02
   3.740  0.8502E+00  0.1027E+02
   3.760  0.8496E+00  0.1029E+02
   3.780  0.8488E+00  0.1030E+02
   3.800  0.8482E+00  0.1032E+02
   3.820  0.8479E+00  0.1034E+02
   3.840  0.8480E+00  0.1036E+02
   3.860  0.8482E+00  0.1037E+02
   3.880  0.8482E+00  0.1039E+02
   3.900  0.8477E+00  0.1041E+02
   3.920  0.8470E+00  0.1042E+02
   3.940  0.8463E+00  0.1044E+02
   3.960  0.8460E+00  0.1046E+02
   3.980  0.8461E+00  0.1047E+02
   4.000  0.8464E+00  0.1049E+02
   4.020  0.8466E+00  0.1051E+02
   4.040  0.8464E+00  0.1053E+02
   4.060  0.8459E+00  0.1054E+02
   4.080  0.8453E+00  0.1056E+02
   4.100  0.8450E+00  0.1058E+02
   4.120  0.8450E+00  0.1059E+02
   4.140  0.8454E+00  0.1061E+02
   4.160  0.8459E+00  0.1063E+02
   4.180  0.8461E+00  0.1064E+02
   4.200  0.8460E+00  0.1066E+02
   4.220  0.8456E+00  0.1068E+02
   4.240  0.8454E+00  0.1069E+02
   4.260  0.8456E+00  0.1071E+02
   4.280  0.8463E+00  0.1073E+02
   4.300  0.8473E+00  0.1075E+02
   4.320  0.8482E+00  0.1076E+02
   4.340  0.8487E+00  0.1078E+02
   4.360  0.8491E+00  0.1080E+02
   4.380  0.8497E+00  0.1081E+02
   4.400  0.8509E+00  0.1083E+02
   4.420  0.8527E+00  0.1085E+02
   4.440  0.8553E+00  0.1086E+02
   4.460  0.8584E+00  0.1088E+02
   4.480  0.8620E+00  0.1090E+02
   4.500  0.8664E+00  0.1092E+02
   4.520  0.8720E+00  0.1093E+02
   4.540  0.8792E+00  0.1095E+02
   4.560  0.8881E+00  0.1097E+02
   4.580  0.8982E+00  0.1099E+02
   4.600  0.9082E+00  0.1100E+02
   4.620  0.9160E+00  0.1102E+02
   4.640  0.9200E+00  0.1104E+02
   4.660  0.9189E+00  0.1106E+02
   4.680  0.9128E+00  0.1108E+02
   4.700  0.9028E+00  0.1110E+02
   4.720  0.8904E+00  0.1111E+02
   4.740  0.8768E+00  0.1113E+02
   4.760  0.8625E+00  0.1115E+02
   4.780  0.8477E+00  0.1117E+02
   4.800  0.8326E+00  0.1118E+02
   4.820  0.8181E+00  0.1120E+02
   4.840  0.8063E+00  0.1121E+02
   4.860  0.8000E+00  0.1123E+02
   4.880  0.8024E+00  0.1125E+02
   4.900  0.8164E+00  0.1126E+02
   4.920  0.8435E+00  0.1128E+02
   4.940  0.8835E+00  0.1130E+02
   4.960  0.9336E+00  0.1132E+02
   4.980  0.9886E+00  0.1134E+02
   5.000  0.1042E+01  0.1136E+02
   5.020  0.1087E+01  0.1138E+02
   5.040  0.1120E+01  0.1140E+02
   5.060  0.1139E+01  0.1142E+02
   5.080  0.1144E+01  0.1145E+02
   5.100  0.1140E+01  0.1147E+02
   5.120  0.1129E+01  0.1149E+02
   5.140  0.1117E+01  0.1151E+02
   5.160  0.1106E+01  0.1154E+02
   5.180  0.1096E+01  0.1156E+02
   5.200  0.1089E+01  0.1158E+02
   5.220  0.1083E+01  0.1160E+02
   5.240  0.1078E+01  0.1162E+02
   5.260  0.1074E+01  0.1165E+02
   5.280  0.1070E+01  0.1167E+02
   5.300  0.1068E+01  0.1169E+02
   5.320  0.1066E+01  0.1171E+02
   5.340  0.1065E+01  0.1173E+02
   5.360  0.1065E+01  0.1175E+02
   5.380  0.1064E+01  0.1177E+02
   5.400  0.1062E+01  0.1179E+02
   5.420  0.1061E+01  0.1182E+02
   5.440  0.1061E+01  0.1184E+02
   5.460  0.1063E+01  0.1186E+02
   5.480  0.1068E+01  0.1188E+02
   5.500  0.1076E+01  0.1190E+02
   5.520  0.1090E+01  0.1192E+02
   5.540  0.1111E+01  0.1194E+02
   5.560  0.1144E+01  0.1197E+02
   5.580  0.1188E+01  0.1199E+02
   5.600  0.1245E+01  0.1202E+02
   5.620  0.1310E+01  0.1204E+02
   5.640  0.1378E+01  0.1207E+02
   5.660  0.1443E+01  0.1210E+02
   5.680  0.1499E+01  0.1213E+02
   5.700  0.1544E+01  0.1216E+02
   5.720  0.1574E+01  0.1219E+02
   5.740  0.1589E+01  0.1222E+02
   5.760  0.1590E+01  0.1225E+02
   5.780  0.1579E+01  0.1229E+02
   5.800  0.1560E+01  0.1232E+02
   5.820  0.1539E+01  0.1235E+02
   5.840  0.1521E+01  0.1238E+02
   5.860  0.1510E+01  0.1241E+02
   5.880  0.1509E+01  0.1244E+02
   5.900  0.1518E+01  0.1247E+02
   5.920  0.1533E+01  0.1250E+02
   5.940  0.1549E+01  0.1253E+02
   5.960  0.1562E+01  0.1256E+02
   5.980  0.1569E+01  0.1259E+02
   6.000  0.1567E+01  0.1263E+02
   6.020  0.1556E+01  0.1266E+02
   6.040  0.1539E+01  0.1269E+02
   6.060  0.1518E+01  0.1272E+02
   6.080  0.1497E+01  0.1275E+02
   6.100  0.1476E+01  0.1278E+02
   6.120  0.1455E+01  0.1281E+02
   6.140  0.1435E+01  0.1283E+02
   6.160  0.1410E+01  0.1286E+02
   6.180  0.1380E+01  0.1289E+02
   6.200  0.1341E+01  0.1292E+02
   6.220  0.1294E+01  0.1294E+02
   6.240  0.1240E+01  0.1297E+02
   6.260  0.1182E+01  0.1299E+02
   6.280  0.1124E+01  0.1301E+02
   6.300  0.1068E+01  0.1304E+02
   6.320  0.1018E+01  0.1306E+02
   6.340  0.9761E+00  0.1308E+02
   6.360  0.9424E+00  0.1309E+02
   6.380  0.9169E+00  0.1311E+02
   6.400  0.8982E+00  0.1313E+02
   6.420  0.8844E+00  0.1315E+02
   6.440  0.8740E+00  0.1317E+02
   6.460  0.8656E+00  0.1318E+02
   6.480  0.8585E+00  0.1320E+02
   6.500  0.8523E+00  0.1322E+02
   6.520  0.8466E+00  0.1323E+02
   6.540  0.8413E+00  0.1325E+02
   6.560  0.8362E+00  0.1327E+02
   6.580  0.8315E+00  0.1328E+02
   6.600  0.8272E+00  0.1330E+02
   6.620  0.8230E+00  0.1332E+02
   6.640  0.8186E+00  0.1333E+02
   6.660  0.8140E+00  0.1335E+02
   6.680  0.8093E+00  0.1337E+02
   6.700  0.8049E+00  0.1338E+02
   6.720  0.8015E+00  0.1340E+02
   6.740  0.7987E+00  0.1341E+02
   6.760  0.7959E+00  0.1343E+02
   6.780  0.7924E+00  0.1345E+02
   6.800  0.7880E+00  0.1346E+02
   6.820  0.7834E+00  0.1348E+02
   6.840  0.7796E+00  0.1349E+02
   6.860  0.7770E+00  0.1351E+02
   6.880  0.7754E+00  0.1352E+02
   6.900  0.7737E+00  0.1354E+02
   6.920  0.7709E+00  0.1356E+02
   6.940  0.7668E+00  0.1357E+02
   6.960  0.7623E+00  0.1359E+02
   6.980  0.7585E+00  0.1360E+02
   7.000  0.7563E+00  0.1362E+02
   7.020  0.7554E+00  0.1363E+02
   7.040  0.7548E+00  0.1365E+02
   7.060  0.7531E+00  0.1366E+02
   7.080  0.7496E+00  0.1368E+02
   7.100  0.7450E+00  0.1369E+02
   7.120  0.7408E+00  0.1371E+02
   7.140  0.7382E+00  0.1372E+02
   7.160  0.7376E+00  0.1374E+02
   7.180  0.7381E+00  0.1375E+02
   7.200  0.7378E+00  0.1377E+02
   7.220  0.7355E+00  0.1378E+02
   7.240  0.7311E+00  0.1379E+02
   7.260  0.7262E+00  0.1381E+02
   7.280  0.7226E+00  0.1382E+02
   7.300  0.7215E+00  0.1384E+02
   7.320  0.7225E+00  0.1385E+02
   7.340  0.7237E+00  0.1387E+02
   7.360  0.7233E+00  0.1388E+02
   7.380  0.7201E+00  0.1390E+02
   7.400  0.7150E+00  0.1391E+02
   7.420  0.7101E+00  0.1392E+02
   7.440  0.7074E+00  0.1394E+02
   7.460  0.7076E+00  0.1395E+02
   7.480  0.7098E+00  0.1397E+02
   7.500  0.7115E+00  0.1398E+02
   7.520  0.7107E+00  0.1400E+02
   7.540  0.7069E+00  0.1401E+02
   7.560  0.7014E+00  0.1402E+02
   7.580  0.6966E+00  0.1404E+02
   7.600  0.6945E+00  0.1405E+02
   7.620  0.6957E+00  0.1406E+02
   7.640  0.6987E+00  0.1408E+02
   7.660  0.7008E+00  0.1409E+02
   7.680  0.7001E+00  0.1411E+02
   7.700  0.6960E+00  0.1412E+02
   7.720  0.6901E+00  0.1413E+02
   7.740  0.6853E+00  0.1415E+02
   7.760  0.6836E+00  0.1416E+02
   7.780  0.6854E+00  0.1418E+02
   7.800  0.6890E+00  0.1419E+02
   7.820  0.6916E+00  0.1420E+02
   7.840  0.6911E+00  0.1422E+02
   7.860  0.6871E+00  0.1423E+02
   7.880  0.6813E+00  0.1424E+02
   7.900  0.6765E+00  0.1426E+02
   7.920  0.6748E+00  0.1427E+02
   7.940  0.6767E+00  0.1429E+02
   7.960  0.6805E+00  0.1430E+02
   7.980  0.6835E+00  0.1431E+02
   8.000  0.6836E+00  0.1433E+02
   8.020  0.6803E+00  0.1434E+02
   8.040  0.6751E+00  0.1435E+02
   8.060  0.6704E+00  0.1437E+02
   8.080  0.6684E+00  0.1438E+02
   8.100  0.6696E+00  0.1439E+02
   8.120  0.6731E+00  0.1441E+02
   8.140  0.6765E+00  0.1442E+02
   8.160  0.6777E+00  0.1443E+02
   8.180  0.6758E+00  0.1445E+02
   8.200  0.6715E+00  0.1446E+02
   8.220  0.6670E+00  0.1447E+02
   8.240  0.6645E+00  0.1449E+02
   8.260  0.6650E+00  0.1450E+02
   8.280  0.6680E+00  0.1451E+02
   8.300  0.6717E+00  0.1453E+02
   8.320  0.6738E+00  0.1454E+02
   8.340  0.6732E+00  0.1455E+02
   8.360  0.6701E+00  0.1457E+02
   8.380  0.6664E+00  0.1458E+02
   8.400  0.6641E+00  0.1459E+02
   8.420  0.6642E+00  0.1461E+02
   8.440  0.6667E+00  0.1462E+02
   8.460  0.6701E+00  0.1463E+02
   8.480  0.6726E+00  0.1465E+02
   8.500  0.6732E+00  0.1466E+02
   8.520  0.6719E+00  0.1467E+02
   8.540  0.6699E+00  0.1469E+02
   8.560  0.6685E+00  0.1470E+02
   8.580  0.6688E+00  0.1471E+02
   8.600  0.6710E+00  0.1473E+02
   8.620  0.6744E+00  0.1474E+02
   8.640  0.6776E+00  0.1476E+02
   8.660  0.6797E+00  0.1477E+02
   8.680  0.6807E+00  0.1478E+02
   8.700  0.6815E+00  0.1480E+02
   8.720  0.6835E+00  0.1481E+02
   8.740  0.6886E+00  0.1482E+02
   8.760  0.6981E+00  0.1484E+02
   8.780  0.7129E+00  0.1485E+02
   8.800  0.7336E+00  0.1487E+02
   8.820  0.7608E+00  0.1488E+02
   8.840  0.7948E+00  0.1490E+02
   8.860  0.8358E+00  0.1491E+02
   8.880  0.8833E+00  0.1493E+02
   8.900  0.9356E+00  0.1495E+02
   8.920  0.9897E+00  0.1497E+02
   8.940  0.1041E+01  0.1499E+02
   8.960  0.1084E+01  0.1501E+02
   8.980  0.1115E+01  0.1504E+02
   9.000  0.1130E+01  0.1506E+02
   9.020  0.1127E+01  0.1508E+02
   9.040  0.1110E+01  0.1510E+02
   9.060  0.1081E+01  0.1512E+02
   9.080  0.1046E+01  0.1515E+02
   9.100  0.1008E+01  0.1517E+02
   9.120  0.9702E+00  0.1518E+02
   9.140  0.9344E+00  0.1520E+02
   9.160  0.9009E+00  0.1522E+02
   9.180  0.8703E+00  0.1524E+02
   9.200  0.8433E+00  0.1526E+02
   9.220  0.8210E+00  0.1527E+02
   9.240  0.8038E+00  0.1529E+02
   9.260  0.7912E+00  0.1530E+02
   9.280  0.7813E+00  0.1532E+02
   9.300  0.7718E+00  0.1534E+02
   9.320  0.7604E+00  0.1535E+02
   9.340  0.7461E+00  0.1537E+02
   9.360  0.7296E+00  0.1538E+02
   9.380  0.7126E+00  0.1539E+02
   9.400  0.6974E+00  0.1541E+02
   9.420  0.6852E+00  0.1542E+02
   9.440  0.6761E+00  0.1544E+02
   9.460  0.6689E+00  0.1545E+02
   9.480  0.6616E+00  0.1546E+02
   9.500  0.6533E+00  0.1548E+02
   9.520  0.6440E+00  0.1549E+02
   9.540  0.6352E+00  0.1550E+02
   9.560  0.6286E+00  0.1551E+02
   9.580  0.6255E+00  0.1553E+02
   9.600  0.6254E+00  0.1554E+02
   9.620  0.6265E+00  0.1555E+02
   9.640  0.6264E+00  0.1556E+02
   9.660  0.6228E+00  0.1558E+02
   9.680  0.6155E+00  0.1559E+02
   9.700  0.6058E+00  0.1560E+02
   9.720  0.5963E+00  0.1561E+02
   9.740  0.5896E+00  0.1562E+02
   9.760  0.5864E+00  0.1564E+02
   9.780  0.5856E+00  0.1565E+02
   9.800  0.5846E+00  0.1566E+02
   9.820  0.5804E+00  0.1567E+02
   9.840  0.5710E+00  0.1568E+02
   9.860  0.5562E+00  0.1569E+02
   9.880  0.5374E+00  0.1570E+02
   9.900  0.5165E+00  0.1571E+02
   9.920  0.4951E+00  0.1572E+02
   9.940  0.4733E+00  0.1573E+02
   9.960  0.4499E+00  0.1574E+02
   9.980  0.4234E+00  0.1575E+02
  10.000  0.3929E+00  0.1576E+02
  10.020  0.3595E+00  0.1577E+02
  10.040  0.3255E+00  0.1577E+02
  10.060  0.2945E+00  0.1578E+02
  10.080  0.2691E+00  0.1578E+02
  10.100  0.2504E+00  0.1579E+02
  10.120  0.2376E+00  0.1579E+02
  10.140  0.2287E+00  0.1580E+02
  10.160  0.2213E+00  0.1580E+02
  10.180  0.2143E+00  0.1581E+02
  10.200  0.2075E+00  0.1581E+02
  10.220  0.2017E+00  0.1582E+02
  10.240  0.1977E+00  0.1582E+02
  10.260  0.1956E+00  0.1582E+02
  10.280  0.1950E+00  0.1583E+02
  10.300  0.1949E+00  0.1583E+02
  10.320  0.1945E+00  0.1583E+02
  10.340  0.1931E+00  0.1584E+02
  10.360  0.1905E+00  0.1584E+02
  10.380  0.1871E+00  0.1585E+02
  10.400  0.1834E+00  0.1585E+02
  10.420  0.1801E+00  0.1585E+02
  10.440  0.1781E+00  0.1586E+02
  10.460  0.1774E+00  0.1586E+02
  10.480  0.1778E+00  0.1586E+02
  10.500  0.1782E+00  0.1587E+02
  10.520  0.1774E+00  0.1587E+02
  10.540  0.1750E+00  0.1587E+02
  10.560  0.1711E+00  0.1588E+02
  10.580  0.1670E+00  0.1588E+02
  10.600  0.1642E+00  0.1588E+02
  10.620  0.1635E+00  0.1589E+02
  10.640  0.1645E+00  0.1589E+02
  10.660  0.1659E+00  0.1589E+02
  10.680  0.1661E+00  0.1590E+02
  10.700  0.1642E+00  0.1590E+02
  10.720  0.1609E+00  0.1590E+02
  10.740  0.1573E+00  0.1591E+02
  10.760  0.1551E+00  0.1591E+02
  10.780  0.1547E+00  0.1591E+02
  10.800  0.1557E+00  0.1592E+02
  10.820  0.1569E+00  0.1592E+02
  10.840  0.1573E+00  0.1592E+02
  10.860  0.1566E+00  0.1593E+02
  10.880  0.1551E+00  0.1593E+02
  10.900  0.1537E+00  0.1593E+02
  10.920  0.1528E+00  0.1594E+02
  10.940  0.1528E+00  0.1594E+02
  10.960  0.1536E+00  0.1594E+02
  10.980  0.1551E+00  0.1594E+02
  11.000  0.1570E+00  0.1595E+02
  11.020  0.1594E+00  0.1595E+02
  11.040  0.1624E+00  0.1595E+02
  11.060  0.1663E+00  0.1596E+02
  11.080  0.1712E+00  0.1596E+02
  11.100  0.1774E+00  0.1596E+02
  11.120  0.1843E+00  0.1597E+02
  11.140  0.1909E+00  0.1597E+02
  11.160  0.1957E+00  0.1598E+02
  11.180  0.1964E+00  0.1598E+02
  11.200  0.1913E+00  0.1598E+02
  11.220  0.1792E+00  0.1599E+02
  11.240  0.1603E+00  0.1599E+02
  11.260  0.1360E+00  0.1599E+02
  11.280  0.1089E+00  0.1600E+02
  11.300  0.8184E-01  0.1600E+02
  11.320  0.5757E-01  0.1600E+02
  11.340  0.3776E-01  0.1600E+02
  11.360  0.2303E-01  0.1600E+02
  11.380  0.1303E-01  0.1600E+02
  11.400  0.6823E-02  0.1600E+02
  11.420  0.3303E-02  0.1600E+02
  11.440  0.1476E-02  0.1600E+02
  11.460  0.6082E-03  0.1600E+02
  11.480  0.2309E-03  0.1600E+02
  11.500  0.8067E-04  0.1600E+02
  11.520  0.2593E-04  0.1600E+02
  11.540  0.7663E-05  0.1600E+02
  11.560  0.2081E-05  0.1600E+02
  11.580  0.5193E-06  0.1600E+02
  11.600  0.1190E-06  0.1600E+02
  11.620  0.2503E-07  0.1600E+02
  11.640  0.4832E-08  0.1600E+02
  11.660  0.8561E-09  0.1600E+02
  11.680  0.1391E-09  0.1600E+02
  11.700  0.2075E-10  0.1600E+02
  11.720  0.2837E-11  0.1600E+02
  11.740  0.3559E-12  0.1600E+02
  11.760  0.4092E-13  0.1600E+02
  11.780  0.4315E-14  0.1600E+02
  11.800  0.4171E-15  0.1600E+02
  11.820  0.3695E-16  0.1600E+02
  11.840  0.3001E-17  0.1600E+02
  11.860  0.2234E-18  0.1600E+02
  11.880  0.1524E-19  0.1600E+02
  11.900  0.9530E-21  0.1600E+02
  11.920  0.5460E-22  0.1600E+02
  11.940  0.2866E-23  0.1600E+02
  11.960  0.1379E-24  0.1600E+02
  11.980  0.6078E-26  0.1600E+02
  12.000  0.2455E-27  0.1600E+02
  12.020  0.9082E-29  0.1600E+02
  12.040  0.3079E-30  0.1600E+02
  12.060  0.9561E-32  0.1600E+02
  12.080  0.2720E-33  0.1600E+02
  12.100  0.7090E-35  0.1600E+02
  12.120  0.1693E-36  0.1600E+02
  12.140  0.3702E-38  0.1600E+02
  12.160  0.7418E-40  0.1600E+02
  12.180  0.1361E-41  0.1600E+02
  12.200  0.2289E-43  0.1600E+02
  12.220  0.3524E-45  0.1600E+02
  12.240  0.4971E-47  0.1600E+02
  12.260  0.6423E-49  0.1600E+02
  12.280  0.7600E-51  0.1600E+02
  12.300  0.8238E-53  0.1600E+02
  12.320  0.8179E-55  0.1600E+02
  12.340  0.7437E-57  0.1600E+02
  12.360  0.6194E-59  0.1600E+02
  12.380  0.4725E-61  0.1600E+02
  12.400  0.3301E-63  0.1600E+02
  12.420  0.2112E-65  0.1600E+02
  12.440  0.1238E-67  0.1600E+02
  12.460  0.6645E-70  0.1600E+02
  12.480  0.3267E-72  0.1600E+02
  12.500  0.1471E-74  0.1600E+02
  12.520  0.6065E-77  0.1600E+02
  12.540  0.2290E-79  0.1600E+02
  12.560  0.7935E-82  0.1600E+02
  12.580  0.3820E-84  0.1600E+02
  12.600  0.1319E-84  0.1600E+02
  12.620  0.1312E-84  0.1600E+02
  12.640  0.1312E-84  0.1600E+02
  12.660  0.1312E-84  0.1600E+02
  12.680  0.1312E-84  0.1600E+02
  12.700  0.1312E-84  0.1600E+02
  12.720  0.1312E-84  0.1600E+02
  12.740  0.1312E-84  0.1600E+02
  12.760  0.1312E-84  0.1600E+02
  12.780  0.1312E-84  0.1600E+02
  12.800  0.1312E-84  0.1600E+02
  12.820  0.1312E-84  0.1600E+02
  12.840  0.1312E-84  0.1600E+02
  12.860  0.1312E-84  0.1600E+02
  12.880  0.1312E-84  0.1600E+02
  12.900  0.1312E-84  0.1600E+02
  12.920  0.1312E-84  0.1600E+02
  12.940  0.1312E-84  0.1600E+02
  12.960  0.1312E-84  0.1600E+02
  12.980  0.1312E-84  0.1600E+02
  13.000  0.1312E-84  0.1600E+02
  13.020  0.1312E-84  0.1600E+02
  13.040  0.1312E-84  0.1600E+02
  13.060  0.1312E-84  0.1600E+02
  13.080  0.1312E-84  0.1600E+02
  13.100  0.1312E-84  0.1600E+02
  13.120  0.1312E-84  0.1600E+02
  13.140  0.1312E-84  0.1600E+02
  13.160  0.1312E-84  0.1600E+02
  13.180  0.1312E-84  0.1600E+02
  13.200  0.1312E-84  0.1600E+02
  13.220  0.1312E-84  0.1600E+02
  13.240  0.1312E-84  0.1600E+02
  13.260  0.1312E-84  0.1600E+02
  13.280  0.1312E-84  0.1600E+02
  13.300  0.1312E-84  0.1600E+02
  13.320  0.1312E-84  0.1600E+02
  13.340  0.1312E-84  0.1600E+02
  13.360  0.1312E-84  0.1600E+02
  13.380  0.1312E-84  0.1600E+02
  13.400  0.1312E-84  0.1600E+02
  13.420  0.1312E-84  0.1600E+02
  13.440  0.1312E-84  0.1600E+02
  13.460  0.1312E-84  0.1600E+02
  13.480  0.1312E-84  0.1600E+02
  13.500  0.1312E-84  0.1600E+02
  13.520  0.1312E-84  0.1600E+02
  13.540  0.1312E-84  0.1600E+02
  13.560  0.1312E-84  0.1600E+02
  13.580  0.1312E-84  0.1600E+02
  13.600  0.1312E-84  0.1600E+02
  13.620  0.1312E-84  0.1600E+02
  13.640  0.1312E-84  0.1600E+02
  13.660  0.1312E-84  0.1600E+02
  13.680  0.1312E-84  0.1600E+02
  13.700  0.1312E-84  0.1600E+02
  13.720  0.1312E-84  0.1600E+02
  13.740  0.1312E-84  0.1600E+02
  13.760  0.1312E-84  0.1600E+02
  13.780  0.1312E-84  0.1600E+02
  13.800  0.1312E-84  0.1600E+02
  13.820  0.1312E-84  0.1600E+02
  13.840  0.1312E-84  0.1600E+02
  13.860  0.1312E-84  0.1600E+02
  13.880  0.1312E-84  0.1600E+02
  13.900  0.1312E-84  0.1600E+02
  13.920  0.1312E-84  0.1600E+02
  13.940  0.1312E-84  0.1600E+02
  13.960  0.1312E-84  0.1600E+02
  13.980  0.1312E-84  0.1600E+02
  14.000  0.1312E-84  0.1600E+02
  14.020  0.1312E-84  0.1600E+02
  14.040  0.1312E-84  0.1600E+02
  14.060  0.1312E-84  0.1600E+02
  14.080  0.1312E-84  0.1600E+02
  14.100  0.1312E-84  0.1600E+02
  14.120  0.1312E-84  0.1600E+02
  14.140  0.1312E-84  0.1600E+02
  14.160  0.1312E-84  0.1600E+02
  14.180  0.1312E-84  0.1600E+02
  14.200  0.1312E-84  0.1600E+02
  14.220  0.1312E-84  0.1600E+02
  14.240  0.1312E-84  0.1600E+02
  14.260  0.1312E-84  0.1600E+02
  14.280  0.1312E-84  0.1600E+02
  14.300  0.1312E-84  0.1600E+02
  14.320  0.1312E-84  0.1600E+02
  14.340  0.1312E-84  0.1600E+02
  14.360  0.1312E-84  0.1600E+02
  14.380  0.1312E-84  0.1600E+02
  14.400  0.1312E-84  0.1600E+02
  14.420  0.1312E-84  0.1600E+02
  14.440  0.1312E-84  0.1600E+02
  14.460  0.1312E-84  0.1600E+02
  14.480  0.1312E-84  0.1600E+02
  14.500  0.1312E-84  0.1600E+02
  14.520  0.1312E-84  0.1600E+02
  14.540  0.1312E-84  0.1600E+02
  14.560  0.1312E-84  0.1600E+02
  14.580  0.1312E-84  0.1600E+02
  14.600  0.1312E-84  0.1600E+02
  14.620  0.1312E-84  0.1600E+02
  14.640  0.1312E-84  0.1600E+02
  14.660  0.1312E-84  0.1600E+02
  14.680  0.1312E-84  0.1600E+02
  14.700  0.1312E-84  0.1600E+02
  14.720  0.1312E-84  0.1600E+02
  14.740  0.1312E-84  0.1600E+02
  14.760  0.1312E-84  0.1600E+02
  14.780  0.1312E-84  0.1600E+02
  14.800  0.1312E-84  0.1600E+02
  14.820  0.1312E-84  0.1600E+02
  14.840  0.1312E-84  0.1600E+02
  14.860  0.1312E-84  0.1600E+02
  14.880  0.1312E-84  0.1600E+02
  14.900  0.1312E-84  0.1600E+02
  14.920  0.1312E-84  0.1600E+02
  14.940  0.1312E-84  0.1600E+02
  14.960  0.1312E-84  0.1600E+02
  14.980  0.1312E-84  0.1600E+02
  15.000  0.1312E-84  0.1600E+02
