 &plot nbnd=  17, nks=   401 /
            0.000000  0.000000  0.000000
  -22.596  -21.142  -19.068  -15.593  -12.627  -10.652   -9.702   -9.579   -9.103   -8.352
   -7.562   -7.138   -7.085   -0.996   -0.396   -0.325    0.067
            0.000000  0.000000  0.002500
  -22.596  -21.142  -19.068  -15.593  -12.627  -10.652   -9.702   -9.580   -9.103   -8.352
   -7.563   -7.138   -7.085   -0.996   -0.396   -0.325    0.067
            0.000000  0.000000  0.005000
  -22.596  -21.142  -19.068  -15.592  -12.627  -10.652   -9.703   -9.581   -9.102   -8.354
   -7.563   -7.140   -7.085   -0.996   -0.396   -0.325    0.068
            0.000000  0.000000  0.007500
  -22.595  -21.142  -19.067  -15.592  -12.627  -10.651   -9.704   -9.582   -9.102   -8.357
   -7.563   -7.142   -7.084   -0.996   -0.395   -0.324    0.068
            0.000000  0.000000  0.010000
  -22.595  -21.141  -19.067  -15.591  -12.626  -10.650   -9.705   -9.585   -9.101   -8.360
   -7.564   -7.145   -7.083   -0.996   -0.394   -0.323    0.069
            0.000000  0.000000  0.012500
  -22.594  -21.140  -19.066  -15.590  -12.626  -10.649   -9.706   -9.587   -9.100   -8.365
   -7.564   -7.149   -7.082   -0.996   -0.393   -0.322    0.071
            0.000000  0.000000  0.015000
  -22.593  -21.139  -19.065  -15.590  -12.625  -10.648   -9.708   -9.591   -9.098   -8.371
   -7.565   -7.155   -7.081   -0.996   -0.392   -0.320    0.072
            0.000000  0.000000  0.017500
  -22.591  -21.137  -19.063  -15.588  -12.624  -10.646   -9.711   -9.594   -9.097   -8.378
   -7.566   -7.161   -7.079   -0.996   -0.390   -0.318    0.074
            0.000000  0.000000  0.020000
  -22.589  -21.136  -19.062  -15.587  -12.623  -10.644   -9.714   -9.598   -9.095   -8.386
   -7.567   -7.168   -7.077   -0.996   -0.388   -0.316    0.077
            0.000000  0.000000  0.022500
  -22.588  -21.134  -19.060  -15.586  -12.622  -10.642   -9.718   -9.603   -9.092   -8.395
   -7.568   -7.175   -7.075   -0.996   -0.386   -0.314    0.079
            0.000000  0.000000  0.025000
  -22.586  -21.132  -19.058  -15.584  -12.621  -10.639   -9.723   -9.607   -9.090   -8.405
   -7.569   -7.184   -7.072   -0.996   -0.383   -0.311    0.082
            0.000000  0.000000  0.027500
  -22.583  -21.130  -19.056  -15.582  -12.620  -10.637   -9.728   -9.612   -9.087   -8.416
   -7.571   -7.194   -7.069   -0.997   -0.380   -0.308    0.085
            0.000000  0.000000  0.030000
  -22.581  -21.127  -19.054  -15.580  -12.618  -10.634   -9.735   -9.616   -9.084   -8.428
   -7.572   -7.204   -7.066   -0.997   -0.377   -0.305    0.088
            0.000000  0.000000  0.032500
  -22.578  -21.124  -19.051  -15.578  -12.617  -10.630   -9.743   -9.620   -9.081   -8.440
   -7.574   -7.216   -7.063   -0.997   -0.374   -0.302    0.092
            0.000000  0.000000  0.035000
  -22.575  -21.121  -19.048  -15.575  -12.615  -10.627   -9.752   -9.624   -9.078   -8.454
   -7.576   -7.228   -7.060   -0.997   -0.370   -0.298    0.096
            0.000000  0.000000  0.037500
  -22.572  -21.118  -19.045  -15.573  -12.613  -10.623   -9.762   -9.627   -9.074   -8.469
   -7.578   -7.241   -7.056   -0.997   -0.366   -0.294    0.100
            0.000000  0.000000  0.040000
  -22.568  -21.115  -19.042  -15.570  -12.611  -10.619   -9.774   -9.630   -9.070   -8.485
   -7.581   -7.255   -7.052   -0.997   -0.362   -0.290    0.105
            0.000000  0.000000  0.042500
  -22.565  -21.111  -19.039  -15.567  -12.609  -10.615   -9.787   -9.633   -9.066   -8.502
   -7.583   -7.270   -7.047   -0.997   -0.358   -0.285    0.110
            0.000000  0.000000  0.045000
  -22.561  -21.108  -19.035  -15.564  -12.607  -10.610   -9.801   -9.635   -9.061   -8.519
   -7.586   -7.286   -7.043   -0.998   -0.353   -0.280    0.115
            0.000000  0.000000  0.047500
  -22.557  -21.104  -19.031  -15.561  -12.605  -10.605   -9.816   -9.637   -9.056   -8.538
   -7.589   -7.302   -7.038   -0.998   -0.348   -0.275    0.121
            0.000000  0.000000  0.050000
  -22.553  -21.100  -19.027  -15.557  -12.602  -10.600   -9.833   -9.639   -9.051   -8.557
   -7.592   -7.320   -7.033   -0.998   -0.343   -0.270    0.126
            0.000000  0.000000  0.052500
  -22.548  -21.095  -19.023  -15.554  -12.600  -10.595   -9.851   -9.641   -9.046   -8.577
   -7.595   -7.338   -7.027   -0.999   -0.337   -0.264    0.132
            0.000000  0.000000  0.055000
  -22.543  -21.091  -19.019  -15.550  -12.597  -10.589   -9.869   -9.642   -9.041   -8.598
   -7.599   -7.357   -7.022   -0.999   -0.331   -0.258    0.139
            0.000000  0.000000  0.057500
  -22.539  -21.086  -19.014  -15.546  -12.594  -10.583   -9.889   -9.643   -9.035   -8.620
   -7.603   -7.376   -7.016   -0.999   -0.325   -0.252    0.145
            0.000000  0.000000  0.060000
  -22.533  -21.081  -19.010  -15.542  -12.592  -10.577   -9.910   -9.644   -9.029   -8.643
   -7.607   -7.397   -7.010   -1.000   -0.319   -0.245    0.152
            0.000000  0.000000  0.062500
  -22.528  -21.075  -19.005  -15.538  -12.589  -10.571   -9.932   -9.644   -9.022   -8.667
   -7.611   -7.418   -7.003   -1.000   -0.313   -0.239    0.159
            0.000000  0.000000  0.065000
  -22.523  -21.070  -18.999  -15.533  -12.585  -10.564   -9.954   -9.645   -9.016   -8.691
   -7.615   -7.440   -6.997   -1.001   -0.306   -0.232    0.167
            0.000000  0.000000  0.067500
  -22.517  -21.064  -18.994  -15.529  -12.582  -10.557   -9.978   -9.646   -9.009   -8.716
   -7.620   -7.463   -6.990   -1.002   -0.299   -0.224    0.175
            0.000000  0.000000  0.070000
  -22.511  -21.058  -18.988  -15.524  -12.579  -10.550  -10.002   -9.646   -9.002   -8.742
   -7.625   -7.486   -6.982   -1.002   -0.291   -0.217    0.183
            0.000000  0.000000  0.072500
  -22.504  -21.052  -18.983  -15.519  -12.576  -10.543  -10.028   -9.646   -8.995   -8.768
   -7.630   -7.510   -6.975   -1.003   -0.284   -0.209    0.191
            0.000000  0.000000  0.075000
  -22.498  -21.046  -18.977  -15.514  -12.572  -10.535  -10.054   -9.647   -8.987   -8.795
   -7.636   -7.535   -6.967   -1.004   -0.276   -0.201    0.200
            0.000000  0.000000  0.077500
  -22.491  -21.039  -18.970  -15.509  -12.568  -10.527  -10.081   -9.647   -8.979   -8.823
   -7.641   -7.560   -6.959   -1.005   -0.268   -0.192    0.209
            0.000000  0.000000  0.080000
  -22.484  -21.033  -18.964  -15.503  -12.565  -10.519  -10.108   -9.647   -8.971   -8.852
   -7.647   -7.587   -6.951   -1.006   -0.259   -0.184    0.218
            0.000000  0.000000  0.082500
  -22.477  -21.026  -18.957  -15.498  -12.561  -10.510  -10.137   -9.647   -8.963   -8.881
   -7.654   -7.613   -6.943   -1.007   -0.251   -0.175    0.227
            0.000000  0.000000  0.085000
  -22.470  -21.019  -18.951  -15.492  -12.557  -10.502  -10.166   -9.647   -8.954   -8.911
   -7.661   -7.640   -6.934   -1.008   -0.242   -0.165    0.237
            0.000000  0.000000  0.087500
  -22.462  -21.011  -18.944  -15.486  -12.553  -10.493  -10.196   -9.648   -8.945   -8.942
   -7.672   -7.664   -6.925   -1.009   -0.233   -0.156    0.247
            0.000000  0.000000  0.090000
  -22.455  -21.004  -18.936  -15.480  -12.549  -10.483  -10.226   -9.648   -8.973   -8.936
   -7.698   -7.673   -6.915   -1.011   -0.223   -0.146    0.258
            0.000000  0.000000  0.092500
  -22.447  -20.996  -18.929  -15.474  -12.545  -10.474  -10.257   -9.648   -9.004   -8.927
   -7.727   -7.680   -6.906   -1.012   -0.214   -0.136    0.268
            0.000000  0.000000  0.095000
  -22.439  -20.988  -18.921  -15.467  -12.540  -10.464  -10.289   -9.648   -9.037   -8.917
   -7.757   -7.688   -6.896   -1.014   -0.204   -0.126    0.279
            0.000000  0.000000  0.097500
  -22.430  -20.979  -18.913  -15.461  -12.536  -10.454  -10.322   -9.649   -9.070   -8.907
   -7.787   -7.696   -6.886   -1.016   -0.194   -0.115    0.290
            0.000000  0.000000  0.100000
  -22.422  -20.971  -18.905  -15.454  -12.531  -10.444  -10.355   -9.649   -9.103   -8.897
   -7.817   -7.704   -6.876   -1.017   -0.183   -0.105    0.302
            0.000000  0.000000  0.102500
  -22.413  -20.962  -18.897  -15.447  -12.527  -10.433  -10.389   -9.649   -9.137   -8.887
   -7.849   -7.712   -6.865   -1.019   -0.172   -0.094    0.314
            0.000000  0.000000  0.105000
  -22.404  -20.953  -18.889  -15.440  -12.522  -10.423  -10.423   -9.650   -9.171   -8.876
   -7.880   -7.721   -6.854   -1.021   -0.162   -0.082    0.326
            0.000000  0.000000  0.107500
  -22.394  -20.944  -18.880  -15.433  -12.518  -10.458  -10.412   -9.650   -9.206   -8.865
   -7.912   -7.730   -6.843   -1.024   -0.150   -0.071    0.338
            0.000000  0.000000  0.110000
  -22.385  -20.935  -18.871  -15.426  -12.513  -10.493  -10.400   -9.651   -9.241   -8.854
   -7.945   -7.739   -6.832   -1.026   -0.139   -0.059    0.350
            0.000000  0.000000  0.112500
  -22.375  -20.926  -18.862  -15.418  -12.508  -10.529  -10.389   -9.652   -9.277   -8.843
   -7.978   -7.748   -6.820   -1.029   -0.127   -0.047    0.363
            0.000000  0.000000  0.115000
  -22.365  -20.916  -18.853  -15.411  -12.503  -10.566  -10.377   -9.652   -9.313   -8.831
   -8.011   -7.758   -6.808   -1.031   -0.115   -0.034    0.376
            0.000000  0.000000  0.117500
  -22.355  -20.906  -18.843  -15.403  -12.498  -10.603  -10.365   -9.653   -9.350   -8.819
   -8.045   -7.768   -6.796   -1.034   -0.103   -0.022    0.390
            0.000000  0.000000  0.120000
  -22.345  -20.896  -18.834  -15.395  -12.493  -10.640  -10.353   -9.655   -9.387   -8.807
   -8.079   -7.778   -6.784   -1.037   -0.091   -0.009    0.403
            0.000000  0.000000  0.122500
  -22.334  -20.885  -18.824  -15.387  -12.488  -10.678  -10.340   -9.656   -9.424   -8.795
   -8.114   -7.788   -6.771   -1.040   -0.078    0.004    0.417
            0.000000  0.000000  0.125000
  -22.323  -20.875  -18.814  -15.379  -12.483  -10.717  -10.327   -9.657   -9.462   -8.782
   -8.149   -7.799   -6.758   -1.044   -0.065    0.018    0.432
            0.000000  0.000000  0.127500
  -22.312  -20.864  -18.804  -15.370  -12.478  -10.755  -10.314   -9.659   -9.499   -8.769
   -8.184   -7.810   -6.745   -1.047   -0.052    0.031    0.446
            0.000000  0.000000  0.130000
  -22.301  -20.853  -18.793  -15.362  -12.473  -10.795  -10.301   -9.661   -9.537   -8.756
   -8.219   -7.821   -6.732   -1.051   -0.039    0.045    0.461
            0.000000  0.000000  0.132500
  -22.290  -20.842  -18.783  -15.354  -12.468  -10.834  -10.287   -9.665   -9.575   -8.743
   -8.255   -7.833   -6.718   -1.055   -0.025    0.059    0.476
            0.000000  0.000000  0.135000
  -22.278  -20.830  -18.772  -15.345  -12.463  -10.874  -10.273   -9.669   -9.611   -8.729
   -8.290   -7.844   -6.704   -1.059   -0.011    0.074    0.491
            0.000000  0.000000  0.137500
  -22.266  -20.819  -18.761  -15.336  -12.458  -10.915  -10.259   -9.681   -9.641   -8.715
   -8.326   -7.856   -6.690   -1.064    0.003    0.088    0.506
            0.000000  0.000000  0.140000
  -22.254  -20.807  -18.749  -15.327  -12.453  -10.955  -10.245   -9.707   -9.657   -8.701
   -8.362   -7.869   -6.676   -1.068    0.017    0.103    0.522
            0.000000  0.000000  0.142500
  -22.242  -20.795  -18.738  -15.318  -12.448  -10.997  -10.230   -9.743   -9.664   -8.687
   -8.398   -7.881   -6.661   -1.073    0.032    0.118    0.538
            0.000000  0.000000  0.145000
  -22.229  -20.782  -18.726  -15.309  -12.443  -11.038  -10.216   -9.781   -9.669   -8.672
   -8.435   -7.894   -6.646   -1.078    0.047    0.134    0.555
            0.000000  0.000000  0.147500
  -22.216  -20.770  -18.714  -15.300  -12.438  -11.080  -10.201   -9.820   -9.673   -8.657
   -8.471   -7.907   -6.631   -1.084    0.062    0.149    0.571
            0.000000  0.000000  0.150000
  -22.203  -20.757  -18.702  -15.291  -12.433  -11.122  -10.185   -9.860   -9.677   -8.642
   -8.507   -7.921   -6.615   -1.089    0.077    0.165    0.588
            0.000000  0.000000  0.152500
  -22.190  -20.744  -18.690  -15.281  -12.428  -11.164  -10.170   -9.901   -9.682   -8.627
   -8.543   -7.934   -6.600   -1.095    0.092    0.182    0.605
            0.000000  0.000000  0.155000
  -22.177  -20.731  -18.678  -15.272  -12.423  -11.207  -10.154   -9.941   -9.687   -8.611
   -8.579   -7.948   -6.584   -1.101    0.108    0.198    0.622
            0.000000  0.000000  0.157500
  -22.163  -20.718  -18.665  -15.262  -12.418  -11.249  -10.138   -9.982   -9.692   -8.615
   -8.595   -7.962   -6.568   -1.108    0.124    0.215    0.640
            0.000000  0.000000  0.160000
  -22.149  -20.704  -18.652  -15.252  -12.413  -11.292  -10.121  -10.022   -9.698   -8.651
   -8.579   -7.977   -6.551   -1.115    0.140    0.231    0.658
            0.000000  0.000000  0.162500
  -22.135  -20.691  -18.639  -15.242  -12.409  -11.336  -10.105  -10.063   -9.704   -8.686
   -8.563   -7.992   -6.535   -1.122    0.157    0.248    0.676
            0.000000  0.000000  0.165000
  -22.121  -20.677  -18.626  -15.233  -12.404  -11.379  -10.104  -10.088   -9.711   -8.721
   -8.547   -8.007   -6.518   -1.129    0.173    0.266    0.695
            0.000000  0.000000  0.167500
  -22.107  -20.662  -18.612  -15.223  -12.400  -11.423  -10.145  -10.071   -9.718   -8.755
   -8.530   -8.022   -6.501   -1.137    0.190    0.283    0.713
            0.000000  0.000000  0.170000
  -22.092  -20.648  -18.599  -15.213  -12.396  -11.466  -10.186  -10.053   -9.727   -8.789
   -8.513   -8.037   -6.483   -1.145    0.207    0.301    0.732
            0.000000  0.000000  0.172500
  -22.077  -20.633  -18.585  -15.203  -12.392  -11.510  -10.227  -10.036   -9.736   -8.823
   -8.495   -8.053   -6.465   -1.153    0.224    0.319    0.752
            0.000000  0.000000  0.175000
  -22.062  -20.619  -18.571  -15.193  -12.388  -11.554  -10.267  -10.018   -9.746   -8.856
   -8.478   -8.069   -6.448   -1.162    0.242    0.338    0.771
            0.000000  0.000000  0.177500
  -22.047  -20.604  -18.556  -15.183  -12.385  -11.599  -10.308  -10.000   -9.758   -8.888
   -8.460   -8.086   -6.429   -1.171    0.260    0.356    0.791
            0.000000  0.000000  0.180000
  -22.031  -20.588  -18.542  -15.172  -12.382  -11.643  -10.348   -9.982   -9.770   -8.919
   -8.442   -8.102   -6.411   -1.180    0.277    0.375    0.811
            0.000000  0.000000  0.182500
  -22.015  -20.573  -18.527  -15.162  -12.379  -11.687  -10.388   -9.963   -9.783   -8.949
   -8.424   -8.119   -6.392   -1.190    0.296    0.394    0.831
            0.000000  0.000000  0.185000
  -21.999  -20.557  -18.512  -15.152  -12.376  -11.731  -10.428   -9.944   -9.798   -8.978
   -8.406   -8.136   -6.373   -1.200    0.314    0.413    0.852
            0.000000  0.000000  0.187500
  -21.983  -20.541  -18.497  -15.142  -12.374  -11.776  -10.468   -9.925   -9.814   -9.006
   -8.387   -8.154   -6.354   -1.210    0.333    0.432    0.873
            0.000000  0.000000  0.190000
  -21.967  -20.525  -18.482  -15.132  -12.373  -11.820  -10.507   -9.906   -9.832   -9.033
   -8.368   -8.171   -6.335   -1.221    0.351    0.452    0.894
            0.000000  0.000000  0.192500
  -21.950  -20.509  -18.467  -15.122  -12.371  -11.865  -10.546   -9.886   -9.850   -9.059
   -8.349   -8.189   -6.315   -1.232    0.370    0.472    0.915
            0.000000  0.000000  0.195000
  -21.933  -20.493  -18.451  -15.111  -12.371  -11.909  -10.585   -9.871   -9.866   -9.084
   -8.330   -8.207   -6.295   -1.243    0.390    0.492    0.937
            0.000000  0.000000  0.197500
  -21.916  -20.476  -18.435  -15.101  -12.370  -11.954  -10.623   -9.893   -9.846   -9.107
   -8.310   -8.226   -6.275   -1.255    0.409    0.512    0.959
            0.000000  0.000000  0.200000
  -21.899  -20.459  -18.419  -15.091  -12.371  -11.998  -10.660   -9.916   -9.826   -9.129
   -8.290   -8.244   -6.255   -1.268    0.429    0.533    0.981
            0.000000  0.000000  0.202500
  -21.882  -20.442  -18.403  -15.081  -12.372  -12.042  -10.697   -9.941   -9.806   -9.149
   -8.270   -8.263   -6.234   -1.280    0.448    0.553    1.004
            0.000000  0.000000  0.205000
  -21.864  -20.425  -18.386  -15.071  -12.373  -12.086  -10.733   -9.968   -9.785   -9.168
   -8.283   -8.250   -6.214   -1.293    0.468    0.574    1.023
            0.000000  0.000000  0.207500
  -21.846  -20.407  -18.370  -15.062  -12.376  -12.130  -10.769   -9.996   -9.764   -9.186
   -8.302   -8.229   -6.193   -1.307    0.489    0.595    1.033
            0.000000  0.000000  0.210000
  -21.828  -20.389  -18.353  -15.052  -12.379  -12.174  -10.803  -10.025   -9.743   -9.202
   -8.322   -8.209   -6.171   -1.321    0.509    0.617    1.041
            0.000000  0.000000  0.212500
  -21.810  -20.372  -18.336  -15.043  -12.383  -12.218  -10.837  -10.056   -9.721   -9.218
   -8.342   -8.188   -6.150   -1.335    0.530    0.638    1.048
            0.000000  0.000000  0.215000
  -21.791  -20.353  -18.318  -15.033  -12.388  -12.261  -10.870  -10.088   -9.699   -9.232
   -8.362   -8.166   -6.128   -1.350    0.550    0.660    1.053
            0.000000  0.000000  0.217500
  -21.772  -20.335  -18.301  -15.024  -12.394  -12.304  -10.902  -10.121   -9.677   -9.245
   -8.382   -8.145   -6.106   -1.365    0.572    0.682    1.056
            0.000000  0.000000  0.220000
  -21.753  -20.317  -18.283  -15.015  -12.402  -12.347  -10.933  -10.156   -9.655   -9.257
   -8.403   -8.123   -6.084   -1.381    0.593    0.704    1.057
            0.000000  0.000000  0.222500
  -21.734  -20.298  -18.265  -15.006  -12.411  -12.389  -10.962  -10.192   -9.633   -9.268
   -8.424   -8.102   -6.061   -1.397    0.614    0.726    1.056
            0.000000  0.000000  0.225000
  -21.715  -20.279  -18.247  -14.998  -12.434  -12.417  -10.991  -10.228   -9.610   -9.279
   -8.445   -8.080   -6.039   -1.413    0.636    0.749    1.053
            0.000000  0.000000  0.227500
  -21.695  -20.260  -18.229  -14.990  -12.475  -12.429  -11.018  -10.266   -9.587   -9.288
   -8.467   -8.057   -6.016   -1.430    0.658    0.772    1.047
            0.000000  0.000000  0.230000
  -21.675  -20.240  -18.211  -14.982  -12.516  -12.441  -11.044  -10.304   -9.564   -9.297
   -8.488   -8.035   -5.993   -1.447    0.680    0.794    1.040
            0.000000  0.000000  0.232500
  -21.655  -20.221  -18.192  -14.974  -12.557  -12.455  -11.068  -10.344   -9.541   -9.305
   -8.510   -8.012   -5.969   -1.465    0.702    0.817    1.031
            0.000000  0.000000  0.235000
  -21.635  -20.201  -18.173  -14.967  -12.597  -12.470  -11.091  -10.384   -9.517   -9.313
   -8.533   -7.989   -5.946   -1.483    0.724    0.841    1.020
            0.000000  0.000000  0.237500
  -21.615  -20.181  -18.154  -14.961  -12.637  -12.486  -11.112  -10.424   -9.493   -9.320
   -8.555   -7.966   -5.922   -1.502    0.747    0.864    1.007
            0.000000  0.000000  0.240000
  -21.594  -20.161  -18.135  -14.955  -12.677  -12.504  -11.132  -10.465   -9.469   -9.326
   -8.578   -7.943   -5.898   -1.521    0.770    0.888    0.992
            0.000000  0.000000  0.242500
  -21.573  -20.141  -18.116  -14.949  -12.716  -12.523  -11.151  -10.507   -9.445   -9.333
   -8.600   -7.919   -5.873   -1.541    0.793    0.911    0.976
            0.000000  0.000000  0.245000
  -21.552  -20.120  -18.096  -14.944  -12.754  -12.544  -11.168  -10.549   -9.420   -9.339
   -8.623   -7.896   -5.849   -1.561    0.816    0.935    0.958
            0.000000  0.000000  0.247500
  -21.531  -20.099  -18.076  -14.939  -12.791  -12.566  -11.183  -10.592   -9.396   -9.344
   -8.647   -7.872   -5.824   -1.581    0.839    0.939    0.959
            0.000000  0.000000  0.250000
  -21.510  -20.078  -18.056  -14.935  -12.828  -12.590  -11.196  -10.635   -9.371   -9.349
   -8.670   -7.847   -5.799   -1.602    0.863    0.919    0.983
            0.000000  0.000000  0.252500
  -21.488  -20.057  -18.036  -14.932  -12.864  -12.615  -11.209  -10.678   -9.354   -9.346
   -8.694   -7.823   -5.774   -1.624    0.886    0.897    1.008
            0.000000  0.000000  0.255000
  -21.466  -20.036  -18.016  -14.930  -12.898  -12.641  -11.219  -10.722   -9.359   -9.320
   -8.718   -7.799   -5.749   -1.645    0.874    0.910    1.032
            0.000000  0.000000  0.257500
  -21.444  -20.014  -17.995  -14.928  -12.932  -12.669  -11.229  -10.766   -9.363   -9.294
   -8.742   -7.774   -5.723   -1.668    0.850    0.935    1.057
            0.000000  0.000000  0.260000
  -21.422  -19.992  -17.974  -14.928  -12.965  -12.699  -11.237  -10.811   -9.368   -9.269
   -8.767   -7.749   -5.697   -1.690    0.825    0.959    1.081
            0.000000  0.000000  0.262500
  -21.399  -19.970  -17.953  -14.928  -12.997  -12.729  -11.243  -10.855   -9.372   -9.242
   -8.791   -7.724   -5.671   -1.713    0.799    0.983    1.106
            0.000000  0.000000  0.265000
  -21.376  -19.948  -17.932  -14.929  -13.028  -12.761  -11.248  -10.900   -9.376   -9.216
   -8.816   -7.699   -5.645   -1.737    0.773    1.008    1.131
            0.000000  0.000000  0.267500
  -21.353  -19.926  -17.911  -14.931  -13.057  -12.794  -11.252  -10.945   -9.380   -9.190
   -8.841   -7.673   -5.619   -1.761    0.745    1.033    1.156
            0.000000  0.000000  0.270000
  -21.330  -19.903  -17.889  -14.935  -13.085  -12.828  -11.255  -10.990   -9.384   -9.163
   -8.866   -7.648   -5.592   -1.785    0.716    1.058    1.181
            0.000000  0.000000  0.272500
  -21.307  -19.880  -17.868  -14.939  -13.112  -12.863  -11.257  -11.036   -9.388   -9.136
   -8.892   -7.622   -5.566   -1.810    0.687    1.083    1.207
            0.000000  0.000000  0.275000
  -21.283  -19.857  -17.846  -14.945  -13.137  -12.899  -11.258  -11.081   -9.391   -9.109
   -8.918   -7.596   -5.539   -1.835    0.657    1.109    1.232
            0.000000  0.000000  0.277500
  -21.260  -19.834  -17.824  -14.952  -13.161  -12.936  -11.258  -11.127   -9.395   -9.081
   -8.943   -7.569   -5.511   -1.861    0.626    1.135    1.258
            0.000000  0.000000  0.280000
  -21.236  -19.811  -17.801  -14.961  -13.184  -12.973  -11.257  -11.172   -9.399   -9.054
   -8.969   -7.543   -5.484   -1.887    0.595    1.160    1.283
            0.000000  0.000000  0.282500
  -21.212  -19.787  -17.779  -14.971  -13.205  -13.012  -11.257  -11.216   -9.402   -9.026
   -8.996   -7.517   -5.456   -1.914    0.563    1.187    1.309
            0.000000  0.000000  0.285000
  -21.187  -19.764  -17.756  -14.982  -13.224  -13.051  -11.272  -11.244   -9.406   -9.022
   -8.998   -7.490   -5.429   -1.940    0.530    1.213    1.335
            0.000000  0.000000  0.287500
  -21.163  -19.740  -17.733  -14.994  -13.242  -13.091  -11.313  -11.244   -9.410   -9.049
   -8.970   -7.463   -5.401   -1.968    0.497    1.239    1.360
            0.000000  0.000000  0.290000
  -21.138  -19.716  -17.710  -15.008  -13.258  -13.131  -11.359  -11.241   -9.413   -9.075
   -8.941   -7.436   -5.373   -1.995    0.463    1.266    1.386
            0.000000  0.000000  0.292500
  -21.113  -19.691  -17.687  -15.024  -13.272  -13.172  -11.405  -11.236   -9.417   -9.102
   -8.912   -7.409   -5.344   -2.023    0.429    1.293    1.412
            0.000000  0.000000  0.295000
  -21.088  -19.667  -17.664  -15.041  -13.285  -13.213  -11.451  -11.230   -9.421   -9.130
   -8.884   -7.382   -5.316   -2.052    0.394    1.320    1.438
            0.000000  0.000000  0.297500
  -21.062  -19.642  -17.640  -15.059  -13.297  -13.255  -11.497  -11.224   -9.424   -9.157
   -8.854   -7.354   -5.287   -2.081    0.359    1.347    1.464
            0.000000  0.000000  0.300000
  -21.037  -19.617  -17.616  -15.079  -13.308  -13.296  -11.543  -11.217   -9.428   -9.184
   -8.825   -7.327   -5.258   -2.110    0.323    1.374    1.490
            0.000000  0.000000  0.302500
  -21.011  -19.592  -17.592  -15.101  -13.342  -13.313  -11.589  -11.209   -9.432   -9.212
   -8.796   -7.299   -5.229   -2.139    0.287    1.402    1.516
            0.000000  0.000000  0.305000
  -20.985  -19.567  -17.568  -15.123  -13.385  -13.320  -11.636  -11.201   -9.436   -9.240
   -8.766   -7.271   -5.200   -2.169    0.251    1.430    1.543
            0.000000  0.000000  0.307500
  -20.959  -19.541  -17.544  -15.147  -13.428  -13.324  -11.682  -11.193   -9.440   -9.268
   -8.736   -7.243   -5.171   -2.199    0.214    1.458    1.569
            0.000000  0.000000  0.310000
  -20.932  -19.516  -17.519  -15.173  -13.472  -13.328  -11.728  -11.184   -9.444   -9.296
   -8.706   -7.215   -5.141   -2.229    0.177    1.486    1.595
            0.000000  0.000000  0.312500
  -20.906  -19.490  -17.495  -15.199  -13.516  -13.330  -11.774  -11.175   -9.448   -9.324
   -8.676   -7.187   -5.112   -2.260    0.139    1.515    1.621
            0.000000  0.000000  0.315000
  -20.879  -19.464  -17.470  -15.227  -13.560  -13.330  -11.820  -11.165   -9.452   -9.353
   -8.645   -7.158   -5.082   -2.291    0.101    1.543    1.647
            0.000000  0.000000  0.317500
  -20.852  -19.438  -17.445  -15.256  -13.605  -13.329  -11.867  -11.155   -9.456   -9.381
   -8.615   -7.130   -5.052   -2.322    0.063    1.572    1.673
            0.000000  0.000000  0.320000
  -20.825  -19.411  -17.419  -15.286  -13.650  -13.327  -11.913  -11.144   -9.461   -9.410
   -8.584   -7.101   -5.022   -2.354    0.025    1.601    1.699
            0.000000  0.000000  0.322500
  -20.797  -19.385  -17.394  -15.317  -13.695  -13.323  -11.959  -11.134   -9.465   -9.439
   -8.553   -7.073   -4.992   -2.386   -0.013    1.630    1.726
            0.000000  0.000000  0.325000
  -20.770  -19.358  -17.368  -15.349  -13.740  -13.319  -12.004  -11.123   -9.471   -9.466
   -8.521   -7.044   -4.962   -2.418   -0.052    1.660    1.752
            0.000000  0.000000  0.327500
  -20.742  -19.331  -17.343  -15.382  -13.785  -13.313  -12.050  -11.111   -9.497   -9.474
   -8.490   -7.015   -4.931   -2.450   -0.091    1.689    1.778
            0.000000  0.000000  0.330000
  -20.714  -19.304  -17.317  -15.416  -13.830  -13.306  -12.096  -11.100   -9.527   -9.479
   -8.458   -6.986   -4.901   -2.483   -0.130    1.719    1.804
            0.000000  0.000000  0.332500
  -20.686  -19.277  -17.290  -15.451  -13.876  -13.299  -12.141  -11.088   -9.556   -9.484
   -8.427   -6.958   -4.870   -2.516   -0.169    1.749    1.811
            0.000000  0.000000  0.335000
  -20.658  -19.249  -17.264  -15.486  -13.921  -13.290  -12.187  -11.076   -9.585   -9.489
   -8.395   -6.929   -4.840   -2.549   -0.209    1.761    1.780
            0.000000  0.000000  0.337500
  -20.629  -19.222  -17.238  -15.522  -13.967  -13.281  -12.232  -11.063   -9.615   -9.494
   -8.362   -6.900   -4.809   -2.582   -0.248    1.710    1.810
            0.000000  0.000000  0.340000
  -20.600  -19.194  -17.211  -15.559  -14.013  -13.270  -12.277  -11.051   -9.645   -9.499
   -8.330   -6.871   -4.778   -2.615   -0.287    1.659    1.841
            0.000000  0.000000  0.342500
  -20.571  -19.166  -17.184  -15.596  -14.058  -13.259  -12.322  -11.038   -9.675   -9.504
   -8.298   -6.841   -4.747   -2.648   -0.327    1.608    1.872
            0.000000  0.000000  0.345000
  -20.542  -19.138  -17.157  -15.634  -14.104  -13.248  -12.366  -11.025   -9.705   -9.510
   -8.265   -6.812   -4.716   -2.682   -0.367    1.557    1.903
            0.000000  0.000000  0.347500
  -20.513  -19.110  -17.130  -15.672  -14.150  -13.236  -12.410  -11.012   -9.735   -9.515
   -8.232   -6.783   -4.685   -2.716   -0.406    1.506    1.934
            0.000000  0.000000  0.350000
  -20.483  -19.082  -17.103  -15.711  -14.196  -13.224  -12.454  -10.999   -9.765   -9.521
   -8.199   -6.754   -4.654   -2.750   -0.446    1.455    1.966
            0.000000  0.000000  0.352500
  -20.454  -19.053  -17.075  -15.750  -14.241  -13.211  -12.497  -10.986   -9.796   -9.527
   -8.166   -6.725   -4.623   -2.783   -0.485    1.404    1.997
            0.000000  0.000000  0.355000
  -20.424  -19.024  -17.048  -15.790  -14.287  -13.198  -12.540  -10.972   -9.826   -9.532
   -8.133   -6.696   -4.592   -2.817   -0.525    1.352    2.029
            0.000000  0.000000  0.357500
  -20.394  -18.995  -17.020  -15.830  -14.333  -13.186  -12.582  -10.958   -9.856   -9.539
   -8.099   -6.667   -4.561   -2.851   -0.564    1.301    2.061
            0.000000  0.000000  0.360000
  -20.363  -18.967  -16.992  -15.870  -14.379  -13.173  -12.623  -10.945   -9.887   -9.545
   -8.066   -6.638   -4.530   -2.885   -0.603    1.250    2.094
            0.000000  0.000000  0.362500
  -20.333  -18.937  -16.964  -15.910  -14.424  -13.161  -12.662  -10.931   -9.918   -9.551
   -8.032   -6.610   -4.499   -2.920   -0.642    1.199    2.126
            0.000000  0.000000  0.365000
  -20.302  -18.908  -16.936  -15.951  -14.470  -13.151  -12.700  -10.917   -9.949   -9.558
   -7.998   -6.581   -4.468   -2.954   -0.681    1.148    2.157
            0.000000  0.000000  0.367500
  -20.271  -18.879  -16.907  -15.992  -14.515  -13.142  -12.736  -10.902   -9.979   -9.564
   -7.964   -6.552   -4.437   -2.988   -0.720    1.097    2.183
            0.000000  0.000000  0.370000
  -20.240  -18.849  -16.879  -16.033  -14.561  -13.135  -12.768  -10.888  -10.010   -9.571
   -7.930   -6.524   -4.406   -3.021   -0.759    1.046    2.208
            0.000000  0.000000  0.372500
  -20.209  -18.820  -16.850  -16.074  -14.606  -13.133  -12.796  -10.874  -10.041   -9.578
   -7.896   -6.495   -4.376   -3.055   -0.797    0.994    2.232
            0.000000  0.000000  0.375000
  -20.178  -18.790  -16.822  -16.116  -14.651  -13.135  -12.819  -10.859  -10.072   -9.585
   -7.861   -6.467   -4.345   -3.089   -0.835    0.943    2.256
            0.000000  0.000000  0.377500
  -20.146  -18.760  -16.793  -16.157  -14.696  -13.144  -12.835  -10.845  -10.104   -9.592
   -7.827   -6.439   -4.315   -3.122   -0.872    0.893    2.280
            0.000000  0.000000  0.380000
  -20.114  -18.730  -16.764  -16.198  -14.741  -13.159  -12.843  -10.830  -10.135   -9.599
   -7.792   -6.412   -4.284   -3.156   -0.910    0.842    2.304
            0.000000  0.000000  0.382500
  -20.082  -18.701  -16.735  -16.240  -14.786  -13.181  -12.845  -10.816  -10.166   -9.607
   -7.757   -6.384   -4.254   -3.189   -0.947    0.791    2.328
            0.000000  0.000000  0.385000
  -20.050  -18.671  -16.706  -16.281  -14.830  -13.208  -12.840  -10.801  -10.197   -9.614
   -7.722   -6.357   -4.225   -3.222   -0.983    0.740    2.352
            0.000000  0.000000  0.387500
  -20.018  -18.640  -16.677  -16.323  -14.875  -13.239  -12.832  -10.786  -10.229   -9.622
   -7.687   -6.330   -4.195   -3.255   -1.019    0.690    2.375
            0.000000  0.000000  0.390000
  -19.985  -18.610  -16.647  -16.364  -14.919  -13.274  -12.819  -10.772  -10.260   -9.630
   -7.652   -6.304   -4.166   -3.287   -1.055    0.639    2.399
            0.000000  0.000000  0.392500
  -19.953  -18.580  -16.618  -16.406  -14.963  -13.310  -12.804  -10.757  -10.291   -9.638
   -7.617   -6.278   -4.137   -3.319   -1.090    0.589    2.422
            0.000000  0.000000  0.395000
  -19.920  -18.550  -16.589  -16.447  -15.006  -13.348  -12.787  -10.742  -10.323   -9.646
   -7.582   -6.252   -4.108   -3.351   -1.124    0.538    2.445
            0.000000  0.000000  0.397500
  -19.887  -18.520  -16.560  -16.488  -15.050  -13.388  -12.768  -10.727  -10.354   -9.654
   -7.546   -6.227   -4.080   -3.382   -1.158    0.488    2.469
            0.000000  0.000000  0.400000
  -19.854  -18.490  -16.531  -16.528  -15.093  -13.428  -12.748  -10.712  -10.385   -9.663
   -7.511   -6.202   -4.052   -3.413   -1.191    0.438    2.492
            0.000000  0.000000  0.402500
  -19.820  -18.460  -16.570  -16.501  -15.135  -13.468  -12.728  -10.698  -10.416   -9.671
   -7.475   -6.178   -4.025   -3.443   -1.223    0.388    2.515
            0.000000  0.000000  0.405000
  -19.787  -18.430  -16.610  -16.472  -15.178  -13.509  -12.706  -10.683  -10.448   -9.680
   -7.440   -6.154   -3.998   -3.473   -1.255    0.339    2.538
            0.000000  0.000000  0.407500
  -19.753  -18.400  -16.650  -16.443  -15.219  -13.551  -12.683  -10.669  -10.478   -9.689
   -7.404   -6.131   -3.972   -3.502   -1.285    0.289    2.560
            0.000000  0.000000  0.410000
  -19.719  -18.370  -16.690  -16.415  -15.261  -13.592  -12.660  -10.656  -10.508   -9.698
   -7.369   -6.109   -3.946   -3.530   -1.315    0.240    2.583
            0.000000  0.000000  0.412500
  -19.685  -18.341  -16.729  -16.386  -15.301  -13.634  -12.637  -10.644  -10.537   -9.707
   -7.333   -6.087   -3.921   -3.558   -1.344    0.191    2.606
            0.000000  0.000000  0.415000
  -19.651  -18.312  -16.768  -16.359  -15.341  -13.676  -12.613  -10.636  -10.561   -9.717
   -7.297   -6.067   -3.897   -3.585   -1.371    0.142    2.628
            0.000000  0.000000  0.417500
  -19.617  -18.283  -16.807  -16.331  -15.380  -13.718  -12.588  -10.639  -10.575   -9.726
   -7.261   -6.047   -3.874   -3.611   -1.398    0.093    2.651
            0.000000  0.000000  0.420000
  -19.582  -18.255  -16.844  -16.305  -15.418  -13.760  -12.564  -10.658  -10.573   -9.736
   -7.225   -6.028   -3.851   -3.636   -1.423    0.044    2.673
            0.000000  0.000000  0.422500
  -19.548  -18.227  -16.882  -16.279  -15.455  -13.801  -12.538  -10.684  -10.563   -9.746
   -7.190   -6.010   -3.830   -3.661   -1.447   -0.004    2.696
            0.000000  0.000000  0.425000
  -19.513  -18.200  -16.918  -16.255  -15.490  -13.843  -12.513  -10.713  -10.550   -9.756
   -7.154   -5.993   -3.809   -3.684   -1.470   -0.052    2.718
            0.000000  0.000000  0.427500
  -19.478  -18.173  -16.953  -16.232  -15.523  -13.885  -12.487  -10.744  -10.537   -9.766
   -7.118   -5.977   -3.789   -3.706   -1.491   -0.100    2.741
            0.000000  0.000000  0.430000
  -19.443  -18.147  -16.987  -16.211  -15.554  -13.927  -12.461  -10.775  -10.522   -9.776
   -7.082   -5.962   -3.771   -3.727   -1.511   -0.148    2.763
            0.000000  0.000000  0.432500
  -19.408  -18.123  -17.020  -16.193  -15.582  -13.969  -12.435  -10.806  -10.508   -9.786
   -7.046   -5.949   -3.754   -3.747   -1.529   -0.195    2.786
            0.000000  0.000000  0.435000
  -19.372  -18.099  -17.051  -16.178  -15.607  -14.010  -12.408  -10.838  -10.493   -9.797
   -7.011   -5.937   -3.766   -3.737   -1.545   -0.242    2.808
            0.000000  0.000000  0.437500
  -19.337  -18.078  -17.081  -16.166  -15.627  -14.052  -12.381  -10.869  -10.478   -9.807
   -6.975   -5.926   -3.784   -3.723   -1.560   -0.289    2.830
            0.000000  0.000000  0.440000
  -19.301  -18.058  -17.109  -16.160  -15.642  -14.093  -12.354  -10.901  -10.463   -9.818
   -6.939   -5.916   -3.800   -3.710   -1.573   -0.335    2.853
            0.000000  0.000000  0.442500
  -19.265  -18.040  -17.134  -16.159  -15.652  -14.134  -12.327  -10.933  -10.448   -9.829
   -6.904   -5.909   -3.814   -3.698   -1.584   -0.381    2.876
            0.000000  0.000000  0.445000
  -19.230  -18.024  -17.157  -16.164  -15.655  -14.175  -12.299  -10.964  -10.433   -9.840
   -6.868   -5.902   -3.828   -3.687   -1.593   -0.427    2.898
            0.000000  0.000000  0.447500
  -19.194  -18.011  -17.176  -16.174  -15.652  -14.217  -12.272  -10.996  -10.418   -9.851
   -6.833   -5.897   -3.839   -3.678   -1.600   -0.472    2.921
            0.000000  0.000000  0.450000
  -19.158  -18.002  -17.192  -16.190  -15.644  -14.257  -12.244  -11.028  -10.403   -9.863
   -6.798   -5.894   -3.849   -3.671   -1.605   -0.517    2.943
            0.000000  0.000000  0.452500
  -19.121  -17.996  -17.205  -16.210  -15.631  -14.298  -12.216  -11.059  -10.388   -9.874
   -6.763   -5.893   -3.858   -3.664   -1.608   -0.562    2.966
            0.000000  0.000000  0.455000
  -19.085  -17.993  -17.213  -16.234  -15.613  -14.339  -12.187  -11.091  -10.373   -9.886
   -6.728   -5.893   -3.865   -3.660   -1.609   -0.606    2.989
            0.000000  0.000000  0.457500
  -19.049  -17.995  -17.217  -16.261  -15.593  -14.379  -12.159  -11.123  -10.359   -9.897
   -6.693   -5.895   -3.871   -3.657   -1.608   -0.650    3.012
            0.000000  0.000000  0.460000
  -19.012  -18.001  -17.217  -16.290  -15.569  -14.420  -12.130  -11.154  -10.344   -9.909
   -6.659   -5.898   -3.875   -3.656   -1.604   -0.693    3.035
            0.000000  0.000000  0.462500
  -18.976  -18.010  -17.213  -16.321  -15.543  -14.460  -12.101  -11.186  -10.329   -9.921
   -6.625   -5.904   -3.878   -3.655   -1.599   -0.736    3.058
            0.000000  0.000000  0.465000
  -18.939  -18.023  -17.205  -16.353  -15.516  -14.500  -12.073  -11.217  -10.314   -9.933
   -6.591   -5.911   -3.879   -3.657   -1.592   -0.778    3.081
            0.000000  0.000000  0.467500
  -18.902  -18.040  -17.193  -16.387  -15.487  -14.540  -12.043  -11.249  -10.300   -9.945
   -6.557   -5.919   -3.878   -3.660   -1.582   -0.820    3.104
            0.000000  0.000000  0.470000
  -18.866  -18.060  -17.178  -16.421  -15.457  -14.579  -12.014  -11.280  -10.285   -9.958
   -6.524   -5.929   -3.877   -3.664   -1.571   -0.861    3.128
            0.000000  0.000000  0.472500
  -18.829  -18.082  -17.160  -16.456  -15.425  -14.619  -11.985  -11.312  -10.270   -9.970
   -6.491   -5.941   -3.874   -3.669   -1.558   -0.902    3.151
            0.000000  0.000000  0.475000
  -18.792  -18.107  -17.139  -16.491  -15.393  -14.658  -11.955  -11.343  -10.256   -9.983
   -6.458   -5.955   -3.869   -3.675   -1.542   -0.942    3.175
            0.000000  0.000000  0.477500
  -18.755  -18.133  -17.116  -16.527  -15.361  -14.697  -11.926  -11.375  -10.241   -9.995
   -6.426   -5.969   -3.864   -3.682   -1.525   -0.981    3.199
            0.000000  0.000000  0.480000
  -18.719  -18.162  -17.091  -16.563  -15.327  -14.736  -11.896  -11.406  -10.227  -10.008
   -6.395   -5.986   -3.857   -3.691   -1.507   -1.020    3.222
            0.000000  0.000000  0.482500
  -18.682  -18.192  -17.065  -16.598  -15.293  -14.774  -11.866  -11.437  -10.213  -10.021
   -6.363   -6.003   -3.850   -3.700   -1.486   -1.057    3.246
            0.000000  0.000000  0.485000
  -18.645  -18.223  -17.037  -16.634  -15.259  -14.813  -11.836  -11.468  -10.199  -10.034
   -6.333   -6.022   -3.841   -3.710   -1.464   -1.094    3.270
            0.000000  0.000000  0.487500
  -18.609  -18.255  -17.007  -16.670  -15.224  -14.851  -11.806  -11.499  -10.184  -10.047
   -6.303   -6.042   -3.832   -3.720   -1.441   -1.131    3.295
            0.000000  0.000000  0.490000
  -18.573  -18.287  -16.977  -16.705  -15.189  -14.888  -11.776  -11.530  -10.170  -10.060
   -6.274   -6.064   -3.822   -3.731   -1.416   -1.166    3.319
            0.000000  0.000000  0.492500
  -18.537  -18.321  -16.946  -16.740  -15.154  -14.925  -11.746  -11.561  -10.157  -10.074
   -6.245   -6.086   -3.812   -3.742   -1.390   -1.200    3.343
            0.000000  0.000000  0.495000
  -18.502  -18.354  -16.915  -16.774  -15.119  -14.962  -11.716  -11.592  -10.143  -10.087
   -6.218   -6.109   -3.802   -3.753   -1.363   -1.232    3.367
            0.000000  0.000000  0.497500
  -18.468  -18.387  -16.884  -16.806  -15.087  -14.995  -11.686  -11.622  -10.130  -10.100
   -6.192   -6.131   -3.791   -3.763   -1.337   -1.262    3.391
            0.000000  0.000000  0.500000
  -18.447  -18.407  -16.865  -16.825  -15.068  -15.014  -11.664  -11.644  -10.121  -10.109
   -6.177   -6.146   -3.785   -3.770   -1.321   -1.279    3.410
            0.000000  0.000000  0.497500
  -18.468  -18.387  -16.884  -16.806  -15.087  -14.995  -11.686  -11.622  -10.130  -10.100
   -6.192   -6.131   -3.791   -3.763   -1.337   -1.262    3.391
            0.000000  0.000000  0.495000
  -18.502  -18.354  -16.915  -16.774  -15.119  -14.962  -11.716  -11.592  -10.143  -10.087
   -6.218   -6.109   -3.802   -3.753   -1.363   -1.232    3.367
            0.000000  0.000000  0.492500
  -18.537  -18.321  -16.946  -16.740  -15.154  -14.925  -11.746  -11.561  -10.157  -10.074
   -6.245   -6.086   -3.812   -3.742   -1.390   -1.200    3.343
            0.000000  0.000000  0.490000
  -18.573  -18.287  -16.977  -16.705  -15.189  -14.888  -11.776  -11.530  -10.170  -10.060
   -6.274   -6.064   -3.822   -3.731   -1.416   -1.166    3.319
            0.000000  0.000000  0.487500
  -18.609  -18.255  -17.007  -16.670  -15.224  -14.851  -11.806  -11.499  -10.184  -10.047
   -6.303   -6.042   -3.832   -3.720   -1.441   -1.131    3.295
            0.000000  0.000000  0.485000
  -18.645  -18.223  -17.037  -16.634  -15.259  -14.813  -11.836  -11.468  -10.199  -10.034
   -6.333   -6.022   -3.841   -3.710   -1.464   -1.094    3.270
            0.000000  0.000000  0.482500
  -18.682  -18.192  -17.065  -16.598  -15.293  -14.774  -11.866  -11.437  -10.213  -10.021
   -6.363   -6.003   -3.850   -3.700   -1.486   -1.057    3.246
            0.000000  0.000000  0.480000
  -18.719  -18.162  -17.091  -16.563  -15.327  -14.736  -11.896  -11.406  -10.227  -10.008
   -6.395   -5.986   -3.857   -3.691   -1.507   -1.020    3.222
            0.000000  0.000000  0.477500
  -18.755  -18.133  -17.116  -16.527  -15.361  -14.697  -11.926  -11.375  -10.241   -9.995
   -6.426   -5.969   -3.864   -3.682   -1.525   -0.981    3.199
            0.000000  0.000000  0.475000
  -18.792  -18.107  -17.139  -16.491  -15.393  -14.658  -11.955  -11.343  -10.256   -9.983
   -6.458   -5.955   -3.869   -3.675   -1.542   -0.942    3.175
            0.000000  0.000000  0.472500
  -18.829  -18.082  -17.160  -16.456  -15.425  -14.619  -11.985  -11.312  -10.270   -9.970
   -6.491   -5.941   -3.874   -3.669   -1.558   -0.902    3.151
            0.000000  0.000000  0.470000
  -18.866  -18.060  -17.178  -16.421  -15.457  -14.579  -12.014  -11.280  -10.285   -9.958
   -6.524   -5.929   -3.877   -3.664   -1.571   -0.861    3.128
            0.000000  0.000000  0.467500
  -18.902  -18.040  -17.193  -16.387  -15.487  -14.540  -12.043  -11.249  -10.300   -9.945
   -6.557   -5.919   -3.878   -3.660   -1.582   -0.820    3.104
            0.000000  0.000000  0.465000
  -18.939  -18.023  -17.205  -16.353  -15.516  -14.500  -12.073  -11.217  -10.314   -9.933
   -6.591   -5.911   -3.879   -3.657   -1.592   -0.778    3.081
            0.000000  0.000000  0.462500
  -18.976  -18.010  -17.213  -16.321  -15.543  -14.460  -12.101  -11.186  -10.329   -9.921
   -6.625   -5.904   -3.878   -3.655   -1.599   -0.736    3.058
            0.000000  0.000000  0.460000
  -19.012  -18.001  -17.217  -16.290  -15.569  -14.420  -12.130  -11.154  -10.344   -9.909
   -6.659   -5.898   -3.875   -3.656   -1.604   -0.693    3.035
            0.000000  0.000000  0.457500
  -19.049  -17.995  -17.217  -16.261  -15.593  -14.379  -12.159  -11.123  -10.359   -9.897
   -6.693   -5.895   -3.871   -3.657   -1.608   -0.650    3.012
            0.000000  0.000000  0.455000
  -19.085  -17.993  -17.213  -16.234  -15.613  -14.339  -12.187  -11.091  -10.373   -9.886
   -6.728   -5.893   -3.865   -3.660   -1.609   -0.606    2.989
            0.000000  0.000000  0.452500
  -19.121  -17.996  -17.205  -16.210  -15.631  -14.298  -12.216  -11.059  -10.388   -9.874
   -6.763   -5.893   -3.858   -3.664   -1.608   -0.562    2.966
            0.000000  0.000000  0.450000
  -19.158  -18.002  -17.192  -16.190  -15.644  -14.257  -12.244  -11.028  -10.403   -9.863
   -6.798   -5.894   -3.849   -3.671   -1.605   -0.517    2.943
            0.000000  0.000000  0.447500
  -19.194  -18.011  -17.176  -16.174  -15.652  -14.217  -12.272  -10.996  -10.418   -9.851
   -6.833   -5.897   -3.839   -3.678   -1.600   -0.472    2.921
            0.000000  0.000000  0.445000
  -19.230  -18.024  -17.157  -16.164  -15.655  -14.175  -12.299  -10.964  -10.433   -9.840
   -6.868   -5.902   -3.828   -3.687   -1.593   -0.427    2.898
            0.000000  0.000000  0.442500
  -19.265  -18.040  -17.134  -16.159  -15.652  -14.134  -12.327  -10.933  -10.448   -9.829
   -6.904   -5.909   -3.814   -3.698   -1.584   -0.381    2.876
            0.000000  0.000000  0.440000
  -19.301  -18.058  -17.109  -16.160  -15.642  -14.093  -12.354  -10.901  -10.463   -9.818
   -6.939   -5.916   -3.800   -3.710   -1.573   -0.335    2.853
            0.000000  0.000000  0.437500
  -19.337  -18.078  -17.081  -16.166  -15.627  -14.052  -12.381  -10.869  -10.478   -9.807
   -6.975   -5.926   -3.784   -3.723   -1.560   -0.289    2.830
            0.000000  0.000000  0.435000
  -19.372  -18.099  -17.051  -16.178  -15.607  -14.010  -12.408  -10.838  -10.493   -9.797
   -7.011   -5.937   -3.766   -3.737   -1.545   -0.242    2.808
            0.000000  0.000000  0.432500
  -19.408  -18.123  -17.020  -16.193  -15.582  -13.969  -12.435  -10.806  -10.508   -9.786
   -7.046   -5.949   -3.754   -3.747   -1.529   -0.195    2.786
            0.000000  0.000000  0.430000
  -19.443  -18.147  -16.987  -16.211  -15.554  -13.927  -12.461  -10.775  -10.522   -9.776
   -7.082   -5.962   -3.771   -3.727   -1.511   -0.148    2.763
            0.000000  0.000000  0.427500
  -19.478  -18.173  -16.953  -16.232  -15.523  -13.885  -12.487  -10.744  -10.537   -9.766
   -7.118   -5.977   -3.789   -3.706   -1.491   -0.100    2.741
            0.000000  0.000000  0.425000
  -19.513  -18.200  -16.918  -16.255  -15.490  -13.843  -12.513  -10.713  -10.550   -9.756
   -7.154   -5.993   -3.809   -3.684   -1.470   -0.052    2.718
            0.000000  0.000000  0.422500
  -19.548  -18.227  -16.882  -16.279  -15.455  -13.801  -12.538  -10.684  -10.563   -9.746
   -7.190   -6.010   -3.830   -3.661   -1.447   -0.004    2.696
            0.000000  0.000000  0.420000
  -19.582  -18.255  -16.844  -16.305  -15.418  -13.760  -12.564  -10.658  -10.573   -9.736
   -7.225   -6.028   -3.851   -3.636   -1.423    0.044    2.673
            0.000000  0.000000  0.417500
  -19.617  -18.283  -16.807  -16.331  -15.380  -13.718  -12.588  -10.639  -10.575   -9.726
   -7.261   -6.047   -3.874   -3.611   -1.398    0.093    2.651
            0.000000  0.000000  0.415000
  -19.651  -18.312  -16.768  -16.359  -15.341  -13.676  -12.613  -10.636  -10.561   -9.717
   -7.297   -6.067   -3.897   -3.585   -1.371    0.142    2.628
            0.000000  0.000000  0.412500
  -19.685  -18.341  -16.729  -16.386  -15.301  -13.634  -12.637  -10.644  -10.537   -9.707
   -7.333   -6.087   -3.921   -3.558   -1.344    0.191    2.606
            0.000000  0.000000  0.410000
  -19.719  -18.370  -16.690  -16.415  -15.261  -13.592  -12.660  -10.656  -10.508   -9.698
   -7.369   -6.109   -3.946   -3.530   -1.315    0.240    2.583
            0.000000  0.000000  0.407500
  -19.753  -18.400  -16.650  -16.443  -15.219  -13.551  -12.683  -10.669  -10.478   -9.689
   -7.404   -6.131   -3.972   -3.502   -1.285    0.289    2.560
            0.000000  0.000000  0.405000
  -19.787  -18.430  -16.610  -16.472  -15.178  -13.509  -12.706  -10.683  -10.448   -9.680
   -7.440   -6.154   -3.998   -3.473   -1.255    0.339    2.538
            0.000000  0.000000  0.402500
  -19.820  -18.460  -16.570  -16.501  -15.135  -13.468  -12.728  -10.698  -10.416   -9.671
   -7.475   -6.178   -4.025   -3.443   -1.223    0.388    2.515
            0.000000  0.000000  0.400000
  -19.854  -18.490  -16.531  -16.528  -15.093  -13.428  -12.748  -10.712  -10.385   -9.663
   -7.511   -6.202   -4.052   -3.413   -1.191    0.438    2.492
            0.000000  0.000000  0.397500
  -19.887  -18.520  -16.560  -16.488  -15.050  -13.388  -12.768  -10.727  -10.354   -9.654
   -7.546   -6.227   -4.080   -3.382   -1.158    0.488    2.469
            0.000000  0.000000  0.395000
  -19.920  -18.550  -16.589  -16.447  -15.006  -13.348  -12.787  -10.742  -10.323   -9.646
   -7.582   -6.252   -4.108   -3.351   -1.124    0.538    2.445
            0.000000  0.000000  0.392500
  -19.953  -18.580  -16.618  -16.406  -14.963  -13.310  -12.804  -10.757  -10.291   -9.638
   -7.617   -6.278   -4.137   -3.319   -1.090    0.589    2.422
            0.000000  0.000000  0.390000
  -19.985  -18.610  -16.647  -16.364  -14.919  -13.274  -12.819  -10.772  -10.260   -9.630
   -7.652   -6.304   -4.166   -3.287   -1.055    0.639    2.399
            0.000000  0.000000  0.387500
  -20.018  -18.640  -16.677  -16.323  -14.875  -13.239  -12.832  -10.786  -10.229   -9.622
   -7.687   -6.330   -4.195   -3.255   -1.019    0.690    2.375
            0.000000  0.000000  0.385000
  -20.050  -18.671  -16.706  -16.281  -14.830  -13.208  -12.840  -10.801  -10.197   -9.614
   -7.722   -6.357   -4.225   -3.222   -0.983    0.740    2.352
            0.000000  0.000000  0.382500
  -20.082  -18.701  -16.735  -16.240  -14.786  -13.181  -12.845  -10.816  -10.166   -9.607
   -7.757   -6.384   -4.254   -3.189   -0.947    0.791    2.328
            0.000000  0.000000  0.380000
  -20.114  -18.730  -16.764  -16.198  -14.741  -13.159  -12.843  -10.830  -10.135   -9.599
   -7.792   -6.412   -4.284   -3.156   -0.910    0.842    2.304
            0.000000  0.000000  0.377500
  -20.146  -18.760  -16.793  -16.157  -14.696  -13.144  -12.835  -10.845  -10.104   -9.592
   -7.827   -6.439   -4.315   -3.122   -0.872    0.893    2.280
            0.000000  0.000000  0.375000
  -20.178  -18.790  -16.822  -16.116  -14.651  -13.135  -12.819  -10.859  -10.072   -9.585
   -7.861   -6.467   -4.345   -3.089   -0.835    0.943    2.256
            0.000000  0.000000  0.372500
  -20.209  -18.820  -16.850  -16.074  -14.606  -13.133  -12.796  -10.874  -10.041   -9.578
   -7.896   -6.495   -4.376   -3.055   -0.797    0.994    2.232
            0.000000  0.000000  0.370000
  -20.240  -18.849  -16.879  -16.033  -14.561  -13.135  -12.768  -10.888  -10.010   -9.571
   -7.930   -6.524   -4.406   -3.021   -0.759    1.046    2.208
            0.000000  0.000000  0.367500
  -20.271  -18.879  -16.907  -15.992  -14.515  -13.142  -12.736  -10.902   -9.979   -9.564
   -7.964   -6.552   -4.437   -2.988   -0.720    1.097    2.183
            0.000000  0.000000  0.365000
  -20.302  -18.908  -16.936  -15.951  -14.470  -13.151  -12.700  -10.917   -9.949   -9.558
   -7.998   -6.581   -4.468   -2.954   -0.681    1.148    2.157
            0.000000  0.000000  0.362500
  -20.333  -18.937  -16.964  -15.910  -14.424  -13.161  -12.662  -10.931   -9.918   -9.551
   -8.032   -6.610   -4.499   -2.920   -0.642    1.199    2.126
            0.000000  0.000000  0.360000
  -20.363  -18.967  -16.992  -15.870  -14.379  -13.173  -12.623  -10.945   -9.887   -9.545
   -8.066   -6.638   -4.530   -2.885   -0.603    1.250    2.094
            0.000000  0.000000  0.357500
  -20.394  -18.995  -17.020  -15.830  -14.333  -13.186  -12.582  -10.958   -9.856   -9.539
   -8.099   -6.667   -4.561   -2.851   -0.564    1.301    2.061
            0.000000  0.000000  0.355000
  -20.424  -19.024  -17.048  -15.790  -14.287  -13.198  -12.540  -10.972   -9.826   -9.532
   -8.133   -6.696   -4.592   -2.817   -0.525    1.352    2.029
            0.000000  0.000000  0.352500
  -20.454  -19.053  -17.075  -15.750  -14.241  -13.211  -12.497  -10.986   -9.796   -9.527
   -8.166   -6.725   -4.623   -2.783   -0.485    1.404    1.997
            0.000000  0.000000  0.350000
  -20.483  -19.082  -17.103  -15.711  -14.196  -13.224  -12.454  -10.999   -9.765   -9.521
   -8.199   -6.754   -4.654   -2.750   -0.446    1.455    1.966
            0.000000  0.000000  0.347500
  -20.513  -19.110  -17.130  -15.672  -14.150  -13.236  -12.410  -11.012   -9.735   -9.515
   -8.232   -6.783   -4.685   -2.716   -0.406    1.506    1.934
            0.000000  0.000000  0.345000
  -20.542  -19.138  -17.157  -15.634  -14.104  -13.248  -12.366  -11.025   -9.705   -9.510
   -8.265   -6.812   -4.716   -2.682   -0.367    1.557    1.903
            0.000000  0.000000  0.342500
  -20.571  -19.166  -17.184  -15.596  -14.058  -13.259  -12.322  -11.038   -9.675   -9.504
   -8.298   -6.841   -4.747   -2.648   -0.327    1.608    1.872
            0.000000  0.000000  0.340000
  -20.600  -19.194  -17.211  -15.559  -14.013  -13.270  -12.277  -11.051   -9.645   -9.499
   -8.330   -6.871   -4.778   -2.615   -0.287    1.659    1.841
            0.000000  0.000000  0.337500
  -20.629  -19.222  -17.238  -15.522  -13.967  -13.281  -12.232  -11.063   -9.615   -9.494
   -8.362   -6.900   -4.809   -2.582   -0.248    1.710    1.810
            0.000000  0.000000  0.335000
  -20.658  -19.249  -17.264  -15.486  -13.921  -13.290  -12.187  -11.076   -9.585   -9.489
   -8.395   -6.929   -4.840   -2.549   -0.209    1.761    1.780
            0.000000  0.000000  0.332500
  -20.686  -19.277  -17.290  -15.451  -13.876  -13.299  -12.141  -11.088   -9.556   -9.484
   -8.427   -6.958   -4.870   -2.516   -0.169    1.749    1.811
            0.000000  0.000000  0.330000
  -20.714  -19.304  -17.317  -15.416  -13.830  -13.306  -12.096  -11.100   -9.527   -9.479
   -8.458   -6.986   -4.901   -2.483   -0.130    1.719    1.804
            0.000000  0.000000  0.327500
  -20.742  -19.331  -17.343  -15.382  -13.785  -13.313  -12.050  -11.111   -9.497   -9.474
   -8.490   -7.015   -4.931   -2.450   -0.091    1.689    1.778
            0.000000  0.000000  0.325000
  -20.770  -19.358  -17.368  -15.349  -13.740  -13.319  -12.004  -11.123   -9.471   -9.466
   -8.521   -7.044   -4.962   -2.418   -0.052    1.660    1.752
            0.000000  0.000000  0.322500
  -20.797  -19.385  -17.394  -15.317  -13.695  -13.323  -11.959  -11.134   -9.465   -9.439
   -8.553   -7.073   -4.992   -2.386   -0.013    1.630    1.726
            0.000000  0.000000  0.320000
  -20.825  -19.411  -17.419  -15.286  -13.650  -13.327  -11.913  -11.144   -9.461   -9.410
   -8.584   -7.101   -5.022   -2.354    0.025    1.601    1.699
            0.000000  0.000000  0.317500
  -20.852  -19.438  -17.445  -15.256  -13.605  -13.329  -11.867  -11.155   -9.456   -9.381
   -8.615   -7.130   -5.052   -2.322    0.063    1.572    1.673
            0.000000  0.000000  0.315000
  -20.879  -19.464  -17.470  -15.227  -13.560  -13.330  -11.820  -11.165   -9.452   -9.353
   -8.645   -7.158   -5.082   -2.291    0.101    1.543    1.647
            0.000000  0.000000  0.312500
  -20.906  -19.490  -17.495  -15.199  -13.516  -13.330  -11.774  -11.175   -9.448   -9.324
   -8.676   -7.187   -5.112   -2.260    0.139    1.515    1.621
            0.000000  0.000000  0.310000
  -20.932  -19.516  -17.519  -15.173  -13.472  -13.328  -11.728  -11.184   -9.444   -9.296
   -8.706   -7.215   -5.141   -2.229    0.177    1.486    1.595
            0.000000  0.000000  0.307500
  -20.959  -19.541  -17.544  -15.147  -13.428  -13.324  -11.682  -11.193   -9.440   -9.268
   -8.736   -7.243   -5.171   -2.199    0.214    1.458    1.569
            0.000000  0.000000  0.305000
  -20.985  -19.567  -17.568  -15.123  -13.385  -13.320  -11.636  -11.201   -9.436   -9.240
   -8.766   -7.271   -5.200   -2.169    0.251    1.430    1.543
            0.000000  0.000000  0.302500
  -21.011  -19.592  -17.592  -15.101  -13.342  -13.313  -11.589  -11.209   -9.432   -9.212
   -8.796   -7.299   -5.229   -2.139    0.287    1.402    1.516
            0.000000  0.000000  0.300000
  -21.037  -19.617  -17.616  -15.079  -13.308  -13.296  -11.543  -11.217   -9.428   -9.184
   -8.825   -7.327   -5.258   -2.110    0.323    1.374    1.490
            0.000000  0.000000  0.297500
  -21.062  -19.642  -17.640  -15.059  -13.297  -13.255  -11.497  -11.224   -9.424   -9.157
   -8.854   -7.354   -5.287   -2.081    0.359    1.347    1.464
            0.000000  0.000000  0.295000
  -21.088  -19.667  -17.664  -15.041  -13.285  -13.213  -11.451  -11.230   -9.421   -9.130
   -8.884   -7.382   -5.316   -2.052    0.394    1.320    1.438
            0.000000  0.000000  0.292500
  -21.113  -19.691  -17.687  -15.024  -13.272  -13.172  -11.405  -11.236   -9.417   -9.102
   -8.912   -7.409   -5.344   -2.023    0.429    1.293    1.412
            0.000000  0.000000  0.290000
  -21.138  -19.716  -17.710  -15.008  -13.258  -13.131  -11.359  -11.241   -9.413   -9.075
   -8.941   -7.436   -5.373   -1.995    0.463    1.266    1.386
            0.000000  0.000000  0.287500
  -21.163  -19.740  -17.733  -14.994  -13.242  -13.091  -11.313  -11.244   -9.410   -9.049
   -8.970   -7.463   -5.401   -1.968    0.497    1.239    1.360
            0.000000  0.000000  0.285000
  -21.187  -19.764  -17.756  -14.982  -13.224  -13.051  -11.272  -11.244   -9.406   -9.022
   -8.998   -7.490   -5.429   -1.940    0.530    1.213    1.335
            0.000000  0.000000  0.282500
  -21.212  -19.787  -17.779  -14.971  -13.205  -13.012  -11.257  -11.216   -9.402   -9.026
   -8.996   -7.517   -5.456   -1.914    0.563    1.187    1.309
            0.000000  0.000000  0.280000
  -21.236  -19.811  -17.801  -14.961  -13.184  -12.973  -11.257  -11.172   -9.399   -9.054
   -8.969   -7.543   -5.484   -1.887    0.595    1.160    1.283
            0.000000  0.000000  0.277500
  -21.260  -19.834  -17.824  -14.952  -13.161  -12.936  -11.258  -11.127   -9.395   -9.081
   -8.943   -7.569   -5.511   -1.861    0.626    1.135    1.258
            0.000000  0.000000  0.275000
  -21.283  -19.857  -17.846  -14.945  -13.137  -12.899  -11.258  -11.081   -9.391   -9.109
   -8.918   -7.596   -5.539   -1.835    0.657    1.109    1.232
            0.000000  0.000000  0.272500
  -21.307  -19.880  -17.868  -14.939  -13.112  -12.863  -11.257  -11.036   -9.388   -9.136
   -8.892   -7.622   -5.566   -1.810    0.687    1.083    1.207
            0.000000  0.000000  0.270000
  -21.330  -19.903  -17.889  -14.935  -13.085  -12.828  -11.255  -10.990   -9.384   -9.163
   -8.866   -7.648   -5.592   -1.785    0.716    1.058    1.181
            0.000000  0.000000  0.267500
  -21.353  -19.926  -17.911  -14.931  -13.057  -12.794  -11.252  -10.945   -9.380   -9.190
   -8.841   -7.673   -5.619   -1.761    0.745    1.033    1.156
            0.000000  0.000000  0.265000
  -21.376  -19.948  -17.932  -14.929  -13.028  -12.761  -11.248  -10.900   -9.376   -9.216
   -8.816   -7.699   -5.645   -1.737    0.773    1.008    1.131
            0.000000  0.000000  0.262500
  -21.399  -19.970  -17.953  -14.928  -12.997  -12.729  -11.243  -10.855   -9.372   -9.242
   -8.791   -7.724   -5.671   -1.713    0.799    0.983    1.106
            0.000000  0.000000  0.260000
  -21.422  -19.992  -17.974  -14.928  -12.965  -12.699  -11.237  -10.811   -9.368   -9.269
   -8.767   -7.749   -5.697   -1.690    0.825    0.959    1.081
            0.000000  0.000000  0.257500
  -21.444  -20.014  -17.995  -14.928  -12.932  -12.669  -11.229  -10.766   -9.363   -9.294
   -8.742   -7.774   -5.723   -1.668    0.850    0.935    1.057
            0.000000  0.000000  0.255000
  -21.466  -20.036  -18.016  -14.930  -12.898  -12.641  -11.219  -10.722   -9.359   -9.320
   -8.718   -7.799   -5.749   -1.645    0.874    0.910    1.032
            0.000000  0.000000  0.252500
  -21.488  -20.057  -18.036  -14.932  -12.864  -12.615  -11.209  -10.678   -9.354   -9.346
   -8.694   -7.823   -5.774   -1.624    0.886    0.897    1.008
            0.000000  0.000000  0.250000
  -21.510  -20.078  -18.056  -14.935  -12.828  -12.590  -11.196  -10.635   -9.371   -9.349
   -8.670   -7.847   -5.799   -1.602    0.863    0.919    0.983
            0.000000  0.000000  0.247500
  -21.531  -20.099  -18.076  -14.939  -12.791  -12.566  -11.183  -10.592   -9.396   -9.344
   -8.647   -7.872   -5.824   -1.581    0.839    0.939    0.959
            0.000000  0.000000  0.245000
  -21.552  -20.120  -18.096  -14.944  -12.754  -12.544  -11.168  -10.549   -9.420   -9.339
   -8.623   -7.896   -5.849   -1.561    0.816    0.935    0.958
            0.000000  0.000000  0.242500
  -21.573  -20.141  -18.116  -14.949  -12.716  -12.523  -11.151  -10.507   -9.445   -9.333
   -8.600   -7.919   -5.873   -1.541    0.793    0.911    0.976
            0.000000  0.000000  0.240000
  -21.594  -20.161  -18.135  -14.955  -12.677  -12.504  -11.132  -10.465   -9.469   -9.326
   -8.578   -7.943   -5.898   -1.521    0.770    0.888    0.992
            0.000000  0.000000  0.237500
  -21.615  -20.181  -18.154  -14.961  -12.637  -12.486  -11.112  -10.424   -9.493   -9.320
   -8.555   -7.966   -5.922   -1.502    0.747    0.864    1.007
            0.000000  0.000000  0.235000
  -21.635  -20.201  -18.173  -14.967  -12.597  -12.470  -11.091  -10.384   -9.517   -9.313
   -8.533   -7.989   -5.946   -1.483    0.724    0.841    1.020
            0.000000  0.000000  0.232500
  -21.655  -20.221  -18.192  -14.974  -12.557  -12.455  -11.068  -10.344   -9.541   -9.305
   -8.510   -8.012   -5.969   -1.465    0.702    0.817    1.031
            0.000000  0.000000  0.230000
  -21.675  -20.240  -18.211  -14.982  -12.516  -12.441  -11.044  -10.304   -9.564   -9.297
   -8.488   -8.035   -5.993   -1.447    0.680    0.794    1.040
            0.000000  0.000000  0.227500
  -21.695  -20.260  -18.229  -14.990  -12.475  -12.429  -11.018  -10.266   -9.587   -9.288
   -8.467   -8.057   -6.016   -1.430    0.658    0.772    1.047
            0.000000  0.000000  0.225000
  -21.715  -20.279  -18.247  -14.998  -12.434  -12.417  -10.991  -10.228   -9.610   -9.279
   -8.445   -8.080   -6.039   -1.413    0.636    0.749    1.053
            0.000000  0.000000  0.222500
  -21.734  -20.298  -18.265  -15.006  -12.411  -12.389  -10.962  -10.192   -9.633   -9.268
   -8.424   -8.102   -6.061   -1.397    0.614    0.726    1.056
            0.000000  0.000000  0.220000
  -21.753  -20.317  -18.283  -15.015  -12.402  -12.347  -10.933  -10.156   -9.655   -9.257
   -8.403   -8.123   -6.084   -1.381    0.593    0.704    1.057
            0.000000  0.000000  0.217500
  -21.772  -20.335  -18.301  -15.024  -12.394  -12.304  -10.902  -10.121   -9.677   -9.245
   -8.382   -8.145   -6.106   -1.365    0.572    0.682    1.056
            0.000000  0.000000  0.215000
  -21.791  -20.353  -18.318  -15.033  -12.388  -12.261  -10.870  -10.088   -9.699   -9.232
   -8.362   -8.166   -6.128   -1.350    0.550    0.660    1.053
            0.000000  0.000000  0.212500
  -21.810  -20.372  -18.336  -15.043  -12.383  -12.218  -10.837  -10.056   -9.721   -9.218
   -8.342   -8.188   -6.150   -1.335    0.530    0.638    1.048
            0.000000  0.000000  0.210000
  -21.828  -20.389  -18.353  -15.052  -12.379  -12.174  -10.803  -10.025   -9.743   -9.202
   -8.322   -8.209   -6.171   -1.321    0.509    0.617    1.041
            0.000000  0.000000  0.207500
  -21.846  -20.407  -18.370  -15.062  -12.376  -12.130  -10.769   -9.996   -9.764   -9.186
   -8.302   -8.229   -6.193   -1.307    0.489    0.595    1.033
            0.000000  0.000000  0.205000
  -21.864  -20.425  -18.386  -15.071  -12.373  -12.086  -10.733   -9.968   -9.785   -9.168
   -8.283   -8.250   -6.214   -1.293    0.468    0.574    1.022
            0.000000  0.000000  0.202500
  -21.882  -20.442  -18.403  -15.081  -12.372  -12.042  -10.697   -9.941   -9.806   -9.149
   -8.270   -8.263   -6.234   -1.280    0.448    0.553    1.004
            0.000000  0.000000  0.200000
  -21.899  -20.459  -18.419  -15.091  -12.371  -11.998  -10.660   -9.916   -9.826   -9.129
   -8.290   -8.244   -6.255   -1.268    0.429    0.533    0.981
            0.000000  0.000000  0.197500
  -21.916  -20.476  -18.435  -15.101  -12.370  -11.954  -10.623   -9.893   -9.846   -9.107
   -8.310   -8.226   -6.275   -1.255    0.409    0.512    0.959
            0.000000  0.000000  0.195000
  -21.933  -20.493  -18.451  -15.111  -12.371  -11.909  -10.585   -9.871   -9.866   -9.084
   -8.330   -8.207   -6.295   -1.243    0.390    0.492    0.937
            0.000000  0.000000  0.192500
  -21.950  -20.509  -18.467  -15.122  -12.371  -11.865  -10.546   -9.886   -9.850   -9.059
   -8.349   -8.189   -6.315   -1.232    0.370    0.472    0.915
            0.000000  0.000000  0.190000
  -21.967  -20.525  -18.482  -15.132  -12.373  -11.820  -10.507   -9.906   -9.832   -9.033
   -8.368   -8.171   -6.335   -1.221    0.351    0.452    0.894
            0.000000  0.000000  0.187500
  -21.983  -20.541  -18.497  -15.142  -12.374  -11.776  -10.468   -9.925   -9.814   -9.006
   -8.387   -8.154   -6.354   -1.210    0.333    0.432    0.873
            0.000000  0.000000  0.185000
  -21.999  -20.557  -18.512  -15.152  -12.376  -11.731  -10.428   -9.944   -9.798   -8.978
   -8.406   -8.136   -6.373   -1.200    0.314    0.413    0.852
            0.000000  0.000000  0.182500
  -22.015  -20.573  -18.527  -15.162  -12.379  -11.687  -10.388   -9.963   -9.783   -8.949
   -8.424   -8.119   -6.392   -1.190    0.296    0.394    0.831
            0.000000  0.000000  0.180000
  -22.031  -20.588  -18.542  -15.172  -12.382  -11.643  -10.348   -9.982   -9.770   -8.919
   -8.442   -8.102   -6.411   -1.180    0.277    0.375    0.811
            0.000000  0.000000  0.177500
  -22.047  -20.604  -18.556  -15.183  -12.385  -11.599  -10.308  -10.000   -9.758   -8.888
   -8.460   -8.086   -6.429   -1.171    0.260    0.356    0.791
            0.000000  0.000000  0.175000
  -22.062  -20.619  -18.571  -15.193  -12.388  -11.554  -10.267  -10.018   -9.746   -8.856
   -8.478   -8.069   -6.448   -1.162    0.242    0.338    0.771
            0.000000  0.000000  0.172500
  -22.077  -20.633  -18.585  -15.203  -12.392  -11.510  -10.227  -10.036   -9.736   -8.823
   -8.495   -8.053   -6.465   -1.153    0.224    0.319    0.752
            0.000000  0.000000  0.170000
  -22.092  -20.648  -18.599  -15.213  -12.396  -11.466  -10.186  -10.053   -9.727   -8.789
   -8.513   -8.037   -6.483   -1.145    0.207    0.301    0.732
            0.000000  0.000000  0.167500
  -22.107  -20.662  -18.612  -15.223  -12.400  -11.423  -10.145  -10.071   -9.718   -8.755
   -8.530   -8.022   -6.501   -1.137    0.190    0.283    0.713
            0.000000  0.000000  0.165000
  -22.121  -20.677  -18.626  -15.233  -12.404  -11.379  -10.104  -10.088   -9.711   -8.721
   -8.547   -8.007   -6.518   -1.129    0.173    0.266    0.695
            0.000000  0.000000  0.162500
  -22.135  -20.691  -18.639  -15.242  -12.409  -11.336  -10.105  -10.063   -9.704   -8.686
   -8.563   -7.992   -6.535   -1.122    0.157    0.248    0.676
            0.000000  0.000000  0.160000
  -22.149  -20.704  -18.652  -15.252  -12.413  -11.292  -10.121  -10.022   -9.698   -8.651
   -8.579   -7.977   -6.551   -1.115    0.140    0.231    0.658
            0.000000  0.000000  0.157500
  -22.163  -20.718  -18.665  -15.262  -12.418  -11.249  -10.138   -9.982   -9.692   -8.615
   -8.595   -7.962   -6.568   -1.108    0.124    0.215    0.640
            0.000000  0.000000  0.155000
  -22.177  -20.731  -18.678  -15.272  -12.423  -11.207  -10.154   -9.941   -9.687   -8.611
   -8.579   -7.948   -6.584   -1.101    0.108    0.198    0.622
            0.000000  0.000000  0.152500
  -22.190  -20.744  -18.690  -15.281  -12.428  -11.164  -10.170   -9.901   -9.682   -8.627
   -8.543   -7.934   -6.600   -1.095    0.092    0.182    0.605
            0.000000  0.000000  0.150000
  -22.203  -20.757  -18.702  -15.291  -12.433  -11.122  -10.185   -9.860   -9.677   -8.642
   -8.507   -7.921   -6.615   -1.089    0.077    0.165    0.588
            0.000000  0.000000  0.147500
  -22.216  -20.770  -18.714  -15.300  -12.438  -11.080  -10.201   -9.820   -9.673   -8.657
   -8.471   -7.907   -6.631   -1.084    0.062    0.149    0.571
            0.000000  0.000000  0.145000
  -22.229  -20.782  -18.726  -15.309  -12.443  -11.038  -10.216   -9.781   -9.669   -8.672
   -8.435   -7.894   -6.646   -1.078    0.047    0.134    0.555
            0.000000  0.000000  0.142500
  -22.242  -20.795  -18.738  -15.318  -12.448  -10.997  -10.230   -9.743   -9.664   -8.687
   -8.398   -7.881   -6.661   -1.073    0.032    0.118    0.538
            0.000000  0.000000  0.140000
  -22.254  -20.807  -18.749  -15.327  -12.453  -10.955  -10.245   -9.707   -9.657   -8.701
   -8.362   -7.869   -6.676   -1.068    0.017    0.103    0.522
            0.000000  0.000000  0.137500
  -22.266  -20.819  -18.761  -15.336  -12.458  -10.915  -10.259   -9.681   -9.641   -8.715
   -8.326   -7.856   -6.690   -1.064    0.003    0.088    0.506
            0.000000  0.000000  0.135000
  -22.278  -20.830  -18.772  -15.345  -12.463  -10.874  -10.273   -9.669   -9.611   -8.729
   -8.290   -7.844   -6.704   -1.059   -0.011    0.074    0.491
            0.000000  0.000000  0.132500
  -22.290  -20.842  -18.783  -15.354  -12.468  -10.834  -10.287   -9.665   -9.575   -8.743
   -8.255   -7.833   -6.718   -1.055   -0.025    0.059    0.476
            0.000000  0.000000  0.130000
  -22.301  -20.853  -18.793  -15.362  -12.473  -10.795  -10.301   -9.661   -9.537   -8.756
   -8.219   -7.821   -6.732   -1.051   -0.039    0.045    0.461
            0.000000  0.000000  0.127500
  -22.312  -20.864  -18.804  -15.370  -12.478  -10.755  -10.314   -9.659   -9.499   -8.769
   -8.184   -7.810   -6.745   -1.047   -0.052    0.031    0.446
            0.000000  0.000000  0.125000
  -22.323  -20.875  -18.814  -15.379  -12.483  -10.717  -10.327   -9.657   -9.462   -8.782
   -8.149   -7.799   -6.758   -1.044   -0.065    0.018    0.432
            0.000000  0.000000  0.122500
  -22.334  -20.885  -18.824  -15.387  -12.488  -10.678  -10.340   -9.656   -9.424   -8.795
   -8.114   -7.788   -6.771   -1.040   -0.078    0.004    0.417
            0.000000  0.000000  0.120000
  -22.345  -20.896  -18.834  -15.395  -12.493  -10.640  -10.353   -9.655   -9.387   -8.807
   -8.079   -7.778   -6.784   -1.037   -0.091   -0.009    0.403
            0.000000  0.000000  0.117500
  -22.355  -20.906  -18.843  -15.403  -12.498  -10.603  -10.365   -9.653   -9.350   -8.819
   -8.045   -7.768   -6.796   -1.034   -0.103   -0.022    0.390
            0.000000  0.000000  0.115000
  -22.365  -20.916  -18.853  -15.411  -12.503  -10.566  -10.377   -9.652   -9.313   -8.831
   -8.011   -7.758   -6.808   -1.031   -0.115   -0.034    0.376
            0.000000  0.000000  0.112500
  -22.375  -20.926  -18.862  -15.418  -12.508  -10.529  -10.389   -9.652   -9.277   -8.843
   -7.978   -7.748   -6.820   -1.029   -0.127   -0.047    0.363
            0.000000  0.000000  0.110000
  -22.385  -20.935  -18.871  -15.426  -12.513  -10.493  -10.400   -9.651   -9.241   -8.854
   -7.945   -7.739   -6.832   -1.026   -0.139   -0.059    0.350
            0.000000  0.000000  0.107500
  -22.394  -20.944  -18.880  -15.433  -12.518  -10.458  -10.412   -9.650   -9.206   -8.865
   -7.912   -7.730   -6.843   -1.024   -0.150   -0.071    0.338
            0.000000  0.000000  0.105000
  -22.404  -20.953  -18.889  -15.440  -12.522  -10.423  -10.423   -9.650   -9.171   -8.876
   -7.880   -7.721   -6.854   -1.021   -0.162   -0.082    0.326
            0.000000  0.000000  0.102500
  -22.413  -20.962  -18.897  -15.447  -12.527  -10.433  -10.389   -9.649   -9.137   -8.887
   -7.849   -7.712   -6.865   -1.019   -0.172   -0.094    0.314
            0.000000  0.000000  0.100000
  -22.422  -20.971  -18.905  -15.454  -12.531  -10.444  -10.355   -9.649   -9.103   -8.897
   -7.817   -7.704   -6.876   -1.017   -0.183   -0.105    0.302
            0.000000  0.000000  0.097500
  -22.430  -20.979  -18.913  -15.461  -12.536  -10.454  -10.322   -9.649   -9.070   -8.907
   -7.787   -7.696   -6.886   -1.016   -0.194   -0.115    0.290
            0.000000  0.000000  0.095000
  -22.439  -20.988  -18.921  -15.467  -12.540  -10.464  -10.289   -9.648   -9.037   -8.917
   -7.757   -7.688   -6.896   -1.014   -0.204   -0.126    0.279
            0.000000  0.000000  0.092500
  -22.447  -20.996  -18.929  -15.474  -12.545  -10.474  -10.257   -9.648   -9.004   -8.927
   -7.727   -7.680   -6.906   -1.012   -0.214   -0.136    0.268
            0.000000  0.000000  0.090000
  -22.455  -21.004  -18.936  -15.480  -12.549  -10.483  -10.226   -9.648   -8.973   -8.936
   -7.698   -7.673   -6.915   -1.011   -0.223   -0.146    0.258
            0.000000  0.000000  0.087500
  -22.462  -21.011  -18.944  -15.486  -12.553  -10.493  -10.196   -9.648   -8.945   -8.942
   -7.672   -7.664   -6.925   -1.009   -0.233   -0.156    0.247
            0.000000  0.000000  0.085000
  -22.470  -21.019  -18.951  -15.492  -12.557  -10.502  -10.166   -9.647   -8.954   -8.911
   -7.661   -7.640   -6.934   -1.008   -0.242   -0.165    0.237
            0.000000  0.000000  0.082500
  -22.477  -21.026  -18.957  -15.498  -12.561  -10.510  -10.137   -9.647   -8.963   -8.881
   -7.654   -7.613   -6.943   -1.007   -0.251   -0.175    0.227
            0.000000  0.000000  0.080000
  -22.484  -21.033  -18.964  -15.503  -12.565  -10.519  -10.108   -9.647   -8.971   -8.852
   -7.647   -7.587   -6.951   -1.006   -0.259   -0.184    0.218
            0.000000  0.000000  0.077500
  -22.491  -21.039  -18.970  -15.509  -12.568  -10.527  -10.081   -9.647   -8.979   -8.823
   -7.641   -7.560   -6.959   -1.005   -0.268   -0.192    0.209
            0.000000  0.000000  0.075000
  -22.498  -21.046  -18.977  -15.514  -12.572  -10.535  -10.054   -9.647   -8.987   -8.795
   -7.636   -7.535   -6.967   -1.004   -0.276   -0.201    0.200
            0.000000  0.000000  0.072500
  -22.504  -21.052  -18.983  -15.519  -12.576  -10.543  -10.028   -9.646   -8.995   -8.768
   -7.630   -7.510   -6.975   -1.003   -0.284   -0.209    0.191
            0.000000  0.000000  0.070000
  -22.511  -21.058  -18.988  -15.524  -12.579  -10.550  -10.002   -9.646   -9.002   -8.742
   -7.625   -7.486   -6.982   -1.002   -0.291   -0.217    0.183
            0.000000  0.000000  0.067500
  -22.517  -21.064  -18.994  -15.529  -12.582  -10.557   -9.978   -9.646   -9.009   -8.716
   -7.620   -7.463   -6.990   -1.002   -0.299   -0.224    0.175
            0.000000  0.000000  0.065000
  -22.523  -21.070  -18.999  -15.533  -12.585  -10.564   -9.954   -9.645   -9.016   -8.691
   -7.615   -7.440   -6.997   -1.001   -0.306   -0.232    0.167
            0.000000  0.000000  0.062500
  -22.528  -21.075  -19.005  -15.538  -12.589  -10.571   -9.932   -9.644   -9.022   -8.667
   -7.611   -7.418   -7.003   -1.000   -0.313   -0.239    0.159
            0.000000  0.000000  0.060000
  -22.533  -21.081  -19.010  -15.542  -12.592  -10.577   -9.910   -9.644   -9.029   -8.643
   -7.607   -7.397   -7.010   -1.000   -0.319   -0.245    0.152
            0.000000  0.000000  0.057500
  -22.539  -21.086  -19.014  -15.546  -12.594  -10.583   -9.889   -9.643   -9.035   -8.620
   -7.603   -7.376   -7.016   -0.999   -0.325   -0.252    0.145
            0.000000  0.000000  0.055000
  -22.543  -21.091  -19.019  -15.550  -12.597  -10.589   -9.869   -9.642   -9.041   -8.598
   -7.599   -7.357   -7.022   -0.999   -0.331   -0.258    0.139
            0.000000  0.000000  0.052500
  -22.548  -21.095  -19.023  -15.554  -12.600  -10.595   -9.851   -9.641   -9.046   -8.577
   -7.595   -7.338   -7.027   -0.999   -0.337   -0.264    0.132
            0.000000  0.000000  0.050000
  -22.553  -21.100  -19.027  -15.557  -12.602  -10.600   -9.833   -9.639   -9.051   -8.557
   -7.592   -7.320   -7.033   -0.998   -0.343   -0.270    0.126
            0.000000  0.000000  0.047500
  -22.557  -21.104  -19.031  -15.561  -12.605  -10.605   -9.816   -9.637   -9.056   -8.538
   -7.589   -7.302   -7.038   -0.998   -0.348   -0.275    0.121
            0.000000  0.000000  0.045000
  -22.561  -21.108  -19.035  -15.564  -12.607  -10.610   -9.801   -9.635   -9.061   -8.519
   -7.586   -7.286   -7.043   -0.998   -0.353   -0.280    0.115
            0.000000  0.000000  0.042500
  -22.565  -21.111  -19.039  -15.567  -12.609  -10.615   -9.787   -9.633   -9.066   -8.502
   -7.583   -7.270   -7.047   -0.997   -0.358   -0.285    0.110
            0.000000  0.000000  0.040000
  -22.568  -21.115  -19.042  -15.570  -12.611  -10.619   -9.774   -9.630   -9.070   -8.485
   -7.581   -7.255   -7.052   -0.997   -0.362   -0.290    0.105
            0.000000  0.000000  0.037500
  -22.572  -21.118  -19.045  -15.573  -12.613  -10.623   -9.762   -9.627   -9.074   -8.469
   -7.578   -7.241   -7.056   -0.997   -0.366   -0.294    0.100
            0.000000  0.000000  0.035000
  -22.575  -21.121  -19.048  -15.575  -12.615  -10.627   -9.752   -9.624   -9.078   -8.454
   -7.576   -7.228   -7.060   -0.997   -0.370   -0.298    0.096
            0.000000  0.000000  0.032500
  -22.578  -21.124  -19.051  -15.578  -12.617  -10.630   -9.743   -9.620   -9.081   -8.440
   -7.574   -7.216   -7.063   -0.997   -0.374   -0.302    0.092
            0.000000  0.000000  0.030000
  -22.581  -21.127  -19.054  -15.580  -12.618  -10.634   -9.735   -9.616   -9.084   -8.428
   -7.572   -7.204   -7.066   -0.997   -0.377   -0.305    0.088
            0.000000  0.000000  0.027500
  -22.583  -21.130  -19.056  -15.582  -12.620  -10.637   -9.728   -9.612   -9.087   -8.416
   -7.571   -7.194   -7.069   -0.997   -0.380   -0.308    0.085
            0.000000  0.000000  0.025000
  -22.586  -21.132  -19.058  -15.584  -12.621  -10.639   -9.723   -9.607   -9.090   -8.405
   -7.569   -7.184   -7.072   -0.996   -0.383   -0.311    0.082
            0.000000  0.000000  0.022500
  -22.588  -21.134  -19.060  -15.586  -12.622  -10.642   -9.718   -9.603   -9.092   -8.395
   -7.568   -7.175   -7.075   -0.996   -0.386   -0.314    0.079
            0.000000  0.000000  0.020000
  -22.589  -21.136  -19.062  -15.587  -12.623  -10.644   -9.714   -9.598   -9.095   -8.386
   -7.567   -7.168   -7.077   -0.996   -0.388   -0.316    0.077
            0.000000  0.000000  0.017500
  -22.591  -21.137  -19.063  -15.588  -12.624  -10.646   -9.711   -9.594   -9.097   -8.378
   -7.566   -7.161   -7.079   -0.996   -0.390   -0.318    0.074
            0.000000  0.000000  0.015000
  -22.593  -21.139  -19.065  -15.590  -12.625  -10.648   -9.708   -9.591   -9.098   -8.371
   -7.565   -7.155   -7.081   -0.996   -0.392   -0.320    0.072
            0.000000  0.000000  0.012500
  -22.594  -21.140  -19.066  -15.590  -12.626  -10.649   -9.706   -9.587   -9.100   -8.365
   -7.564   -7.149   -7.082   -0.996   -0.393   -0.322    0.071
            0.000000  0.000000  0.010000
  -22.595  -21.141  -19.067  -15.591  -12.626  -10.650   -9.705   -9.585   -9.101   -8.360
   -7.564   -7.145   -7.083   -0.996   -0.394   -0.323    0.069
            0.000000  0.000000  0.007500
  -22.595  -21.142  -19.067  -15.592  -12.627  -10.651   -9.704   -9.582   -9.102   -8.357
   -7.563   -7.142   -7.084   -0.996   -0.395   -0.324    0.068
            0.000000  0.000000  0.005000
  -22.596  -21.142  -19.068  -15.592  -12.627  -10.652   -9.703   -9.581   -9.102   -8.354
   -7.563   -7.140   -7.085   -0.996   -0.396   -0.325    0.068
            0.000000  0.000000  0.002500
  -22.596  -21.142  -19.068  -15.593  -12.627  -10.652   -9.702   -9.580   -9.103   -8.352
   -7.563   -7.138   -7.085   -0.996   -0.396   -0.325    0.067
            0.000000  0.000000  0.000000
  -22.596  -21.142  -19.068  -15.593  -12.627  -10.652   -9.702   -9.579   -9.103   -8.352
   -7.562   -7.138   -7.085   -0.996   -0.396   -0.325    0.067
