    0.000000000    0.075292386    0.135072383
    0.094486306    0.075468351    0.128495441
    0.188972612    0.077783573    0.122390286
    0.283458919    0.077520117    0.116839149
    0.377945225    0.079104596    0.111735466
    0.472431531    0.079775799    0.107163572
    0.566917837    0.080554483    0.103077972
    0.661404143    0.081749942    0.099481847
    0.755890450    0.082323123    0.096407429
    0.850376756    0.083454396    0.093802102
    0.944863062    0.084259208    0.091719118
    1.039349368    0.085109766    0.090124695
    1.133835674    0.086143428    0.089017202
    1.228321981    0.086877827    0.088441633
    1.322808287    0.087902176    0.088312440
    1.417294593    0.088742613    0.088738994
    1.511780899    0.089617611    0.089635667
    1.606267205    0.090593497    0.090556460
    1.700753511    0.091389642    0.091430129
    1.795239818    0.092370502    0.092342562
    1.889726124    0.093226012    0.093231967
    1.984212430    0.094112433    0.094128718
    2.078698736    0.095060709    0.095029952
    2.173185042    0.095887337    0.095920405
    2.267671349    0.096846089    0.096822468
    2.362157655    0.097709406    0.097716182
    2.456643961    0.098602092    0.098612983
    2.551130267    0.099535047    0.099511822
    2.645616573    0.100378902    0.100405244
    2.740102880    0.101324949    0.101304966
    2.834589186    0.102192793    0.102199826
    2.929075492    0.103089261    0.103096658
    3.023561798    0.104012917    0.103994652
    3.118048104    0.104867337    0.104889190
    3.212534411    0.105805517    0.105787962
    3.307020717    0.106676169    0.106683299
    3.401507023    0.107575067    0.107580147
    3.495993329    0.108492750    0.108477729
    3.590479635    0.109353990    0.109372810
    3.684965942    0.110287066    0.110271093
    3.779452248    0.111159528    0.111166669
    3.873938554    0.112060051    0.112063519
    3.968424860    0.112973757    0.112960861
    4.062911166    0.113839531    0.113856236
    4.157397473    0.114769204    0.114754226
    4.251883779    0.115642815    0.115649923
    4.346370085    0.116544421    0.116546757
    4.440856391    0.117455413    0.117443933
    4.535342697    0.118324190    0.118339461
    4.629829003    0.119251574    0.119237243
    4.724315310    0.120125942    0.120132980
    4.818801616    0.121028302    0.121029763
    4.913287922    0.121937461    0.121926789
    5.007774228    0.122808241    0.122822356
    5.102260534    0.123734116    0.123719939
    5.196746841    0.124608916    0.124615623
    5.291233147    0.125511771    0.125512280
    5.385719453    0.126419686    0.126409101
    5.480205759    0.127291687    0.127304559
    5.574692065    0.128216590    0.128201862
    5.669178372    0.129091542    0.129097327
    5.763664678    0.129994659    0.129993682
    5.858150984    0.130901724    0.130890116
    5.952637290    0.131774290    0.131785193
    6.047123596    0.132698564    0.132681954
    6.141609903    0.133573358    0.133576843
    6.236096209    0.134476456    0.134472483
    6.330582515    0.135382858    0.135368056
    6.425068821    0.136255324    0.136262143
    6.519555127    0.137179088    0.137157686
    6.614041434    0.138053264    0.138051158
    6.708527740    0.138955885    0.138945093
    6.803014046    0.139861495    0.139838643
    6.897500352    0.140732959    0.140730323
    6.991986658    0.141655926    0.141622998
    7.086472964    0.142528614    0.142513063
    7.180959271    0.143429823    0.143402935
    7.275445577    0.144333887    0.144291672
    7.369931883    0.145202784    0.145177599
    7.464418189    0.146123800    0.146063462
    7.558904495    0.146993116    0.146945406
    7.653390802    0.147890780    0.147825616
    7.747877108    0.148791082    0.148702899
    7.842363414    0.149654157    0.149575154
    7.936849720    0.150570066    0.150444829
    8.031336026    0.151431736    0.151307495
    8.125822333    0.152320902    0.152164802
    8.220308639    0.153211836    0.153014923
    8.314794945    0.154061774    0.153854826
    8.409281251    0.154964609    0.154686170
    8.503767557    0.155808607    0.155503247
    8.598253864    0.156677557    0.156306429
    8.692740170    0.157545512    0.157092358
    8.787226476    0.158365468    0.157855940
    8.881712782    0.159236027    0.158596831
    8.976199088    0.160038842    0.159306450
    9.070685395    0.160859867    0.159982114
    9.165171701    0.161672238    0.160616784
    9.259658007    0.162422756    0.161200692
    9.354144313    0.163215239    0.161728548
    9.448630619    0.163921742    0.162185210
    9.543116926    0.164629772    0.162560709
    9.637603232    0.165309651    0.162839246
    9.732089538    0.165898480    0.163000235
    9.826575844    0.166504623    0.163026344
    9.921062150    0.166985298    0.162887167
   10.015548456    0.167427273    0.162555345
   10.110034763    0.167793608    0.161994243
   10.204521069    0.168004932    0.161158001
   10.299007375    0.168170423    0.160000424
   10.393493681    0.168121991    0.158455451
   10.487979987    0.167938697    0.156454561
   10.582466294    0.167565537    0.153912031
   10.676952600    0.166892248    0.150723199
   10.771438906    0.166017679    0.146774166
   10.865925212    0.164726581    0.141916828
   10.960411518    0.163072215    0.135987976
   11.054897825    0.160955547    0.128790093
   11.149384131    0.158202502    0.120086638
   11.243870437    0.154871136    0.109612638
   11.338356743    0.150650142    0.097040624
   11.432843049    0.145522112    0.082004328
   11.527329356    0.139283404    0.064071059
   11.621815662    0.131622007    0.042734983
   11.716301968    0.122480572    0.017433863
   11.810788274    0.111341866   -0.012497183
   11.905274580    0.098011255   -0.047789558
   11.999760887    0.082041443   -0.089338230
   12.094247193    0.062818443   -0.138096287
   12.188733499    0.040002730   -0.194564947
   12.283219805    0.012637757   -0.258732428
   12.377706111   -0.019872655   -0.330224212
   12.472192418   -0.058504624   -0.408182499
   12.566678724   -0.104497445   -0.491256102
   12.661165030   -0.158795517   -0.577621022
   12.755651336   -0.223227800   -0.665050638
   12.850137642   -0.299139885   -0.751164007
   12.944623948   -0.388504063   -0.833723573
   13.039110255   -0.493624752   -0.910890948
   13.133596561   -0.616329795   -0.981283526
   13.228082867   -0.759691994   -1.044008201
   13.322569173   -0.925941649   -1.098639688
   13.417055479   -1.120070139   -1.145101626
   13.511541786   -1.343934210   -1.183820353
   13.606028092   -1.583636231   -1.215649018
   13.700514398   -1.823174208   -1.241370782
   13.795000704   -2.051518737   -1.261576198
   13.889487010   -2.253634685   -1.276763911
   13.983973317   -2.414326144   -1.287302860
   14.078459623   -2.519110019   -1.293461374
   14.172945929   -2.555446971   -1.295403965
   14.267432235   -2.518864279   -1.293171928
   14.361918541   -2.413824431   -1.286719189
   14.456404848   -2.252905213   -1.275878169
   14.550891154   -2.050547918   -1.260374995
   14.645377460   -1.821984365   -1.239838044
   14.739863766   -1.582234228   -1.213764663
   14.834350072   -1.342308830   -1.181560617
   14.928836379   -1.118239085   -1.142441085
   15.023322685   -0.923870181   -1.095548995
   15.117808991   -0.757371959   -1.040457097
   15.212295297   -0.613730131   -0.977239557
   15.306781603   -0.490691767   -0.906319688
   15.401267910   -0.385212019   -0.828590487
   15.495754216   -0.295411400   -0.745431868
   15.590240522   -0.219015825   -0.658682245
   15.684726828   -0.154034639   -0.570577594
   15.779213134   -0.099104978   -0.483497227
   15.873699440   -0.052432449   -0.399667850
   15.968185747   -0.013026355   -0.320910807
   16.062672053    0.020315678   -0.248577366
   16.157158359    0.048582815   -0.183523841
   16.251644665    0.072383791   -0.126123321
   16.346130971    0.092635348   -0.076388158
   16.440617278    0.109720586   -0.033815166
   16.535103584    0.124212586    0.002547604
   16.629589890    0.136569547    0.033595301
   16.724076196    0.146997189    0.060059261
   16.818562502    0.155970542    0.082602121
   16.913048809    0.163591052    0.101786482
   17.007535115    0.170128292    0.118115417
   17.102021421    0.175797213    0.132020348
   17.196507727    0.180627104    0.143866217
   17.290994033    0.184886256    0.153977104
   17.385480340    0.188563118    0.162617532
   17.479966646    0.191788742    0.170020570
   17.574452952    0.194674927    0.176382013
   17.668939258    0.197181895    0.181863512
   17.763425564    0.199481225    0.186609617
   17.857911871    0.201523660    0.190733911
   17.952398177    0.203375678    0.194337719
   18.046884483    0.205106643    0.197505347
   18.141370789    0.206652634    0.200304185
   18.235857095    0.208136897    0.202797107
   18.330343402    0.209503156    0.205030587
   18.424829708    0.210785610    0.207047610
   18.519316014    0.212037021    0.208883957
   18.613802320    0.213187298    0.210566463
   18.708288626    0.214332525    0.212122795
   18.802774932    0.215420814    0.213571213
   18.897261239    0.216467817    0.214929860
   18.991747545    0.217520415    0.216214190
   19.086233851    0.218509276    0.217434174
   19.180720157    0.219513073    0.218602525
   19.275206463    0.220488464    0.219726008
   19.369692770    0.221438629    0.220812218
   19.464179076    0.222409046    0.221868213
   19.558665382    0.223333513    0.222897068
   19.653151688    0.224277798    0.223905075
   19.747637994    0.225208399    0.224894482
   19.842124301    0.226118779    0.225868324
   19.936610607    0.227055043    0.226830218
   20.031096913    0.227954904    0.227780472
   20.125583219    0.228873394    0.228722493
   20.220069525    0.229787201    0.229656893
   20.314555832    0.230681178    0.230584635
   20.409042138    0.231602980    0.231507958
   20.503528444    0.232494424    0.232426126
   20.598014750    0.233400787    0.233341134
   20.692501056    0.234309178    0.234253160
   20.786987363    0.235196177    0.235162126
   20.881473669    0.236111518    0.236069742
   20.975959975    0.237001159    0.236974952
   21.070446281    0.237900853    0.237878940
   21.164932587    0.238808520    0.238781968
   21.259418893    0.239692264    0.239683336
   21.353905200    0.240604317    0.240584581
   21.448391506    0.241494899    0.241484649
   21.542877812    0.242389934    0.242384123
   21.637364118    0.243298921    0.243283600
   21.731850424    0.244180829    0.244181907
   21.826336731    0.245090817    0.245080558
   21.920823037    0.245983631    0.245978656
   22.015309343    0.246874527    0.246876225
   22.109795649    0.247785890    0.247774362
   22.204281955    0.248666404    0.248671435
   22.298768262    0.249574708    0.249568996
   22.393254568    0.250470580    0.250466425
   22.487740874    0.251357122    0.251363107
   22.582227180    0.252271665    0.252260806
   22.676713486    0.253150798    0.253157373
   22.771199793    0.254057403    0.254054422
   22.865686099    0.254957139    0.254951744
   22.960172405    0.255838582    0.255847892
   23.054658711    0.256757200    0.256745548
   23.149145017    0.257634718    0.257641893
   23.243631324    0.258539354    0.258538613
   23.338117630    0.259444030    0.259436125
   23.432603936    0.260319062    0.260331785
   23.527090242    0.261243009    0.261229620
   23.621576548    0.262118446    0.262125851
   23.716062855    0.263020578    0.263022234
   23.810549161    0.263931830    0.263920218
   23.905035467    0.264798288    0.264815217
   23.999521773    0.265729520    0.265713461
   24.094008079    0.266602091    0.266609618
   24.188494385    0.267500786    0.267505466
   24.282980692    0.268421297    0.268404415
   24.377466998    0.269275490    0.269298214
   24.471953304    0.270217268    0.270197323
   24.566439610    0.271085608    0.271093412
   24.660925916    0.271979156    0.271988081
   24.755412223    0.272913708    0.272889400
   24.849898529    0.273749082    0.273780163
   24.944384835    0.274707406    0.274681700
   25.038871141    0.275569068    0.275577712
   25.133357447    0.276454257    0.276468046
   25.227843754    0.277412206    0.277379768
   25.322330060    0.278215560    0.278253688
   25.416816366    0.279202691    0.279174817
   25.511302672    0.280052517    0.280070730
   25.605788978    0.280922111    0.280498189
   25.700275285    0.281924792    0.280368321
   25.794761591    0.282664909    0.279792946
   25.889247897    0.283710986    0.278685825
   25.983734203    0.284535959    0.277090623
   26.078220509    0.285369431    0.275008526
   26.172706816    0.286480244    0.272402563
   26.267193122    0.287057685    0.269328289
   26.361679428    0.288266710    0.265732574
   26.456165734    0.289019395    0.261646180
   26.550652040    0.289718782    0.257075156
   26.645138347    0.291283981    0.251970876
   26.739624653    0.291023350    0.246419834
   26.834110959    0.293353280    0.240315127
   26.928597265    0.293502826    0.233737375
   27.023083571    0.279853305    0.227137886
   27.117569877    0.263474893    0.220585030
   27.212056184    0.250584662    0.213991330
   27.306542490    0.234954741    0.207424869
   27.401028796    0.220766017    0.200846314
   27.495515102    0.206540592    0.194266267
   27.590001408    0.191194312    0.187697896
   27.684487715    0.177611209    0.181112183
   27.778974021    0.162281907    0.174544334
   27.873460327    0.148029204    0.167963447
   27.967946633    0.133867324    0.161385717
   28.062432939    0.118221561    0.154818770
   28.156919246    0.105329921    0.148225024
   28.251405552    0.088969631    0.141672728
