#  E (eV)   dos(E)     Int dos(E) EFermi =   -1.538 eV
 -24.000  0.1312E-84  0.2623E-86
 -23.980  0.1312E-84  0.5247E-86
 -23.960  0.1312E-84  0.7870E-86
 -23.940  0.1312E-84  0.1049E-85
 -23.920  0.1312E-84  0.1312E-85
 -23.900  0.1312E-84  0.1574E-85
 -23.880  0.1312E-84  0.1836E-85
 -23.860  0.1312E-84  0.2099E-85
 -23.840  0.1312E-84  0.2361E-85
 -23.820  0.1312E-84  0.2623E-85
 -23.800  0.1312E-84  0.2886E-85
 -23.780  0.1312E-84  0.3148E-85
 -23.760  0.1312E-84  0.3410E-85
 -23.740  0.1312E-84  0.3673E-85
 -23.720  0.1312E-84  0.3935E-85
 -23.700  0.1312E-84  0.4197E-85
 -23.680  0.1312E-84  0.4460E-85
 -23.660  0.1312E-84  0.4722E-85
 -23.640  0.1312E-84  0.4984E-85
 -23.620  0.1312E-84  0.5247E-85
 -23.600  0.1312E-84  0.5509E-85
 -23.580  0.1312E-84  0.5771E-85
 -23.560  0.1312E-84  0.6034E-85
 -23.540  0.1312E-84  0.6296E-85
 -23.520  0.1312E-84  0.6558E-85
 -23.500  0.1312E-84  0.6821E-85
 -23.480  0.1312E-84  0.7083E-85
 -23.460  0.1312E-84  0.7345E-85
 -23.440  0.1312E-84  0.7608E-85
 -23.420  0.1312E-84  0.7870E-85
 -23.400  0.1312E-84  0.8132E-85
 -23.380  0.1312E-84  0.8395E-85
 -23.360  0.1312E-84  0.8657E-85
 -23.340  0.1312E-84  0.8919E-85
 -23.320  0.1312E-84  0.9182E-85
 -23.300  0.1312E-84  0.9444E-85
 -23.280  0.1312E-84  0.9706E-85
 -23.260  0.1312E-84  0.9969E-85
 -23.240  0.1312E-84  0.1023E-84
 -23.220  0.1312E-84  0.1049E-84
 -23.200  0.1312E-84  0.1076E-84
 -23.180  0.1312E-84  0.1102E-84
 -23.160  0.1312E-84  0.1128E-84
 -23.140  0.1312E-84  0.1154E-84
 -23.120  0.1312E-84  0.1181E-84
 -23.100  0.1312E-84  0.1207E-84
 -23.080  0.1312E-84  0.1233E-84
 -23.060  0.1312E-84  0.1259E-84
 -23.040  0.1312E-84  0.1285E-84
 -23.020  0.1312E-84  0.1312E-84
 -23.000  0.1312E-84  0.1338E-84
 -22.980  0.1312E-84  0.1364E-84
 -22.960  0.1312E-84  0.1390E-84
 -22.940  0.1312E-84  0.1417E-84
 -22.920  0.1312E-84  0.1443E-84
 -22.900  0.1312E-84  0.1469E-84
 -22.880  0.1312E-84  0.1495E-84
 -22.860  0.1312E-84  0.1522E-84
 -22.840  0.1312E-84  0.1548E-84
 -22.820  0.1312E-84  0.1574E-84
 -22.800  0.1312E-84  0.1600E-84
 -22.780  0.1312E-84  0.1626E-84
 -22.760  0.1312E-84  0.1653E-84
 -22.740  0.1312E-84  0.1679E-84
 -22.720  0.1312E-84  0.1705E-84
 -22.700  0.1312E-84  0.1731E-84
 -22.680  0.1312E-84  0.1758E-84
 -22.660  0.1312E-84  0.1784E-84
 -22.640  0.1312E-84  0.1810E-84
 -22.620  0.1312E-84  0.1836E-84
 -22.600  0.1312E-84  0.1863E-84
 -22.580  0.1312E-84  0.1889E-84
 -22.560  0.1312E-84  0.1915E-84
 -22.540  0.1312E-84  0.1941E-84
 -22.520  0.1312E-84  0.1968E-84
 -22.500  0.1312E-84  0.1994E-84
 -22.480  0.1312E-84  0.2020E-84
 -22.460  0.1312E-84  0.2046E-84
 -22.440  0.1312E-84  0.2072E-84
 -22.420  0.1312E-84  0.2099E-84
 -22.400  0.1312E-84  0.2125E-84
 -22.380  0.1373E-84  0.2152E-84
 -22.360  0.2198E-83  0.2592E-84
 -22.340  0.6330E-81  0.1292E-82
 -22.320  0.1775E-78  0.3562E-80
 -22.300  0.4557E-76  0.9150E-78
 -22.280  0.1072E-73  0.2153E-75
 -22.260  0.2308E-71  0.4638E-73
 -22.240  0.4553E-69  0.9153E-71
 -22.220  0.8225E-67  0.1654E-68
 -22.200  0.1361E-64  0.2738E-66
 -22.180  0.2062E-62  0.4151E-64
 -22.160  0.2862E-60  0.5765E-62
 -22.140  0.3637E-58  0.7332E-60
 -22.120  0.4234E-56  0.8541E-58
 -22.100  0.4514E-54  0.9114E-56
 -22.080  0.4408E-52  0.8908E-54
 -22.060  0.3943E-50  0.7975E-52
 -22.040  0.3230E-48  0.6540E-50
 -22.020  0.2424E-46  0.4913E-48
 -22.000  0.1666E-44  0.3381E-46
 -21.980  0.1049E-42  0.2132E-44
 -21.960  0.6049E-41  0.1231E-42
 -21.940  0.3195E-39  0.6514E-41
 -21.920  0.1546E-37  0.3158E-39
 -21.900  0.6854E-36  0.1402E-37
 -21.880  0.2783E-34  0.5707E-36
 -21.860  0.1035E-32  0.2128E-34
 -21.840  0.3529E-31  0.7270E-33
 -21.820  0.1102E-29  0.2276E-31
 -21.800  0.3152E-28  0.6531E-30
 -21.780  0.8260E-27  0.1717E-28
 -21.760  0.1984E-25  0.4139E-27
 -21.740  0.4364E-24  0.9143E-26
 -21.720  0.8800E-23  0.1851E-24
 -21.700  0.1626E-21  0.3437E-23
 -21.680  0.2753E-20  0.5849E-22
 -21.660  0.4271E-19  0.9128E-21
 -21.640  0.6075E-18  0.1306E-19
 -21.620  0.7918E-17  0.1714E-18
 -21.600  0.9461E-16  0.2064E-17
 -21.580  0.1036E-14  0.2279E-16
 -21.560  0.1041E-13  0.2309E-15
 -21.540  0.9582E-13  0.2147E-14
 -21.520  0.8091E-12  0.1833E-13
 -21.500  0.6265E-11  0.1436E-12
 -21.480  0.4449E-10  0.1033E-11
 -21.460  0.2899E-09  0.6831E-11
 -21.440  0.1733E-08  0.4149E-10
 -21.420  0.9506E-08  0.2316E-09
 -21.400  0.4787E-07  0.1189E-08
 -21.380  0.2213E-06  0.5615E-08
 -21.360  0.9397E-06  0.2441E-07
 -21.340  0.3665E-05  0.9772E-07
 -21.320  0.1314E-04  0.3605E-06
 -21.300  0.4332E-04  0.1227E-05
 -21.280  0.1314E-03  0.3854E-05
 -21.260  0.3667E-03  0.1119E-04
 -21.240  0.9429E-03  0.3004E-04
 -21.220  0.2236E-02  0.7476E-04
 -21.200  0.4893E-02  0.1726E-03
 -21.180  0.9896E-02  0.3705E-03
 -21.160  0.1853E-01  0.7411E-03
 -21.140  0.3217E-01  0.1384E-02
 -21.120  0.5193E-01  0.2423E-02
 -21.100  0.7814E-01  0.3986E-02
 -21.080  0.1100E+00  0.6186E-02
 -21.060  0.1455E+00  0.9095E-02
 -21.040  0.1817E+00  0.1273E-01
 -21.020  0.2155E+00  0.1704E-01
 -21.000  0.2445E+00  0.2193E-01
 -20.980  0.2673E+00  0.2728E-01
 -20.960  0.2837E+00  0.3295E-01
 -20.940  0.2945E+00  0.3884E-01
 -20.920  0.3010E+00  0.4486E-01
 -20.900  0.3047E+00  0.5095E-01
 -20.880  0.3066E+00  0.5708E-01
 -20.860  0.3075E+00  0.6323E-01
 -20.840  0.3079E+00  0.6939E-01
 -20.820  0.3081E+00  0.7555E-01
 -20.800  0.3082E+00  0.8172E-01
 -20.780  0.3083E+00  0.8788E-01
 -20.760  0.3084E+00  0.9405E-01
 -20.740  0.3085E+00  0.1002E+00
 -20.720  0.3085E+00  0.1064E+00
 -20.700  0.3086E+00  0.1126E+00
 -20.680  0.3087E+00  0.1187E+00
 -20.660  0.3087E+00  0.1249E+00
 -20.640  0.3088E+00  0.1311E+00
 -20.620  0.3089E+00  0.1373E+00
 -20.600  0.3089E+00  0.1434E+00
 -20.580  0.3090E+00  0.1496E+00
 -20.560  0.3091E+00  0.1558E+00
 -20.540  0.3092E+00  0.1620E+00
 -20.520  0.3092E+00  0.1682E+00
 -20.500  0.3093E+00  0.1744E+00
 -20.480  0.3094E+00  0.1805E+00
 -20.460  0.3094E+00  0.1867E+00
 -20.440  0.3095E+00  0.1929E+00
 -20.420  0.3096E+00  0.1991E+00
 -20.400  0.3097E+00  0.2053E+00
 -20.380  0.3097E+00  0.2115E+00
 -20.360  0.3098E+00  0.2177E+00
 -20.340  0.3099E+00  0.2239E+00
 -20.320  0.3100E+00  0.2301E+00
 -20.300  0.3100E+00  0.2363E+00
 -20.280  0.3101E+00  0.2425E+00
 -20.260  0.3102E+00  0.2487E+00
 -20.240  0.3103E+00  0.2549E+00
 -20.220  0.3104E+00  0.2611E+00
 -20.200  0.3104E+00  0.2673E+00
 -20.180  0.3105E+00  0.2735E+00
 -20.160  0.3106E+00  0.2797E+00
 -20.140  0.3107E+00  0.2860E+00
 -20.120  0.3107E+00  0.2922E+00
 -20.100  0.3108E+00  0.2984E+00
 -20.080  0.3109E+00  0.3046E+00
 -20.060  0.3110E+00  0.3108E+00
 -20.040  0.3111E+00  0.3171E+00
 -20.020  0.3111E+00  0.3233E+00
 -20.000  0.3112E+00  0.3295E+00
 -19.980  0.3113E+00  0.3357E+00
 -19.960  0.3114E+00  0.3420E+00
 -19.940  0.3115E+00  0.3482E+00
 -19.920  0.3116E+00  0.3544E+00
 -19.900  0.3116E+00  0.3606E+00
 -19.880  0.3117E+00  0.3669E+00
 -19.860  0.3118E+00  0.3731E+00
 -19.840  0.3119E+00  0.3794E+00
 -19.820  0.3120E+00  0.3856E+00
 -19.800  0.3121E+00  0.3918E+00
 -19.780  0.3121E+00  0.3981E+00
 -19.760  0.3122E+00  0.4043E+00
 -19.740  0.3123E+00  0.4106E+00
 -19.720  0.3124E+00  0.4168E+00
 -19.700  0.3125E+00  0.4231E+00
 -19.680  0.3126E+00  0.4293E+00
 -19.660  0.3127E+00  0.4356E+00
 -19.640  0.3128E+00  0.4418E+00
 -19.620  0.3129E+00  0.4481E+00
 -19.600  0.3129E+00  0.4543E+00
 -19.580  0.3130E+00  0.4606E+00
 -19.560  0.3131E+00  0.4669E+00
 -19.540  0.3132E+00  0.4731E+00
 -19.520  0.3133E+00  0.4794E+00
 -19.500  0.3134E+00  0.4857E+00
 -19.480  0.3135E+00  0.4919E+00
 -19.460  0.3136E+00  0.4982E+00
 -19.440  0.3137E+00  0.5045E+00
 -19.420  0.3138E+00  0.5108E+00
 -19.400  0.3139E+00  0.5170E+00
 -19.380  0.3140E+00  0.5233E+00
 -19.360  0.3141E+00  0.5296E+00
 -19.340  0.3142E+00  0.5359E+00
 -19.320  0.3143E+00  0.5422E+00
 -19.300  0.3144E+00  0.5485E+00
 -19.280  0.3145E+00  0.5547E+00
 -19.260  0.3146E+00  0.5610E+00
 -19.240  0.3147E+00  0.5673E+00
 -19.220  0.3148E+00  0.5736E+00
 -19.200  0.3149E+00  0.5799E+00
 -19.180  0.3150E+00  0.5862E+00
 -19.160  0.3151E+00  0.5925E+00
 -19.140  0.3152E+00  0.5988E+00
 -19.120  0.3153E+00  0.6051E+00
 -19.100  0.3154E+00  0.6114E+00
 -19.080  0.3155E+00  0.6177E+00
 -19.060  0.3156E+00  0.6241E+00
 -19.040  0.3157E+00  0.6304E+00
 -19.020  0.3158E+00  0.6367E+00
 -19.000  0.3159E+00  0.6430E+00
 -18.980  0.3160E+00  0.6493E+00
 -18.960  0.3161E+00  0.6557E+00
 -18.940  0.3162E+00  0.6620E+00
 -18.920  0.3164E+00  0.6683E+00
 -18.900  0.3165E+00  0.6746E+00
 -18.880  0.3166E+00  0.6810E+00
 -18.860  0.3167E+00  0.6873E+00
 -18.840  0.3168E+00  0.6936E+00
 -18.820  0.3169E+00  0.7000E+00
 -18.800  0.3170E+00  0.7063E+00
 -18.780  0.3172E+00  0.7127E+00
 -18.760  0.3173E+00  0.7190E+00
 -18.740  0.3174E+00  0.7253E+00
 -18.720  0.3175E+00  0.7317E+00
 -18.700  0.3176E+00  0.7381E+00
 -18.680  0.3178E+00  0.7444E+00
 -18.660  0.3179E+00  0.7508E+00
 -18.640  0.3180E+00  0.7571E+00
 -18.620  0.3181E+00  0.7635E+00
 -18.600  0.3183E+00  0.7699E+00
 -18.580  0.3184E+00  0.7762E+00
 -18.560  0.3185E+00  0.7826E+00
 -18.540  0.3186E+00  0.7890E+00
 -18.520  0.3188E+00  0.7953E+00
 -18.500  0.3189E+00  0.8017E+00
 -18.480  0.3190E+00  0.8081E+00
 -18.460  0.3192E+00  0.8145E+00
 -18.440  0.3193E+00  0.8209E+00
 -18.420  0.3194E+00  0.8273E+00
 -18.400  0.3196E+00  0.8336E+00
 -18.380  0.3197E+00  0.8400E+00
 -18.360  0.3199E+00  0.8464E+00
 -18.340  0.3200E+00  0.8528E+00
 -18.320  0.3201E+00  0.8592E+00
 -18.300  0.3203E+00  0.8656E+00
 -18.280  0.3204E+00  0.8721E+00
 -18.260  0.3206E+00  0.8785E+00
 -18.240  0.3207E+00  0.8849E+00
 -18.220  0.3209E+00  0.8913E+00
 -18.200  0.3210E+00  0.8977E+00
 -18.180  0.3212E+00  0.9041E+00
 -18.160  0.3213E+00  0.9106E+00
 -18.140  0.3215E+00  0.9170E+00
 -18.120  0.3216E+00  0.9234E+00
 -18.100  0.3218E+00  0.9299E+00
 -18.080  0.3219E+00  0.9363E+00
 -18.060  0.3221E+00  0.9427E+00
 -18.040  0.3223E+00  0.9492E+00
 -18.020  0.3224E+00  0.9556E+00
 -18.000  0.3226E+00  0.9621E+00
 -17.980  0.3228E+00  0.9685E+00
 -17.960  0.3229E+00  0.9750E+00
 -17.940  0.3231E+00  0.9815E+00
 -17.920  0.3233E+00  0.9879E+00
 -17.900  0.3235E+00  0.9944E+00
 -17.880  0.3236E+00  0.1001E+01
 -17.860  0.3238E+00  0.1007E+01
 -17.840  0.3240E+00  0.1014E+01
 -17.820  0.3242E+00  0.1020E+01
 -17.800  0.3244E+00  0.1027E+01
 -17.780  0.3246E+00  0.1033E+01
 -17.760  0.3248E+00  0.1040E+01
 -17.740  0.3250E+00  0.1046E+01
 -17.720  0.3252E+00  0.1053E+01
 -17.700  0.3254E+00  0.1059E+01
 -17.680  0.3256E+00  0.1066E+01
 -17.660  0.3258E+00  0.1072E+01
 -17.640  0.3260E+00  0.1079E+01
 -17.620  0.3262E+00  0.1085E+01
 -17.600  0.3264E+00  0.1092E+01
 -17.580  0.3266E+00  0.1098E+01
 -17.560  0.3268E+00  0.1105E+01
 -17.540  0.3271E+00  0.1112E+01
 -17.520  0.3273E+00  0.1118E+01
 -17.500  0.3275E+00  0.1125E+01
 -17.480  0.3278E+00  0.1131E+01
 -17.460  0.3280E+00  0.1138E+01
 -17.440  0.3282E+00  0.1144E+01
 -17.420  0.3285E+00  0.1151E+01
 -17.400  0.3287E+00  0.1157E+01
 -17.380  0.3290E+00  0.1164E+01
 -17.360  0.3292E+00  0.1171E+01
 -17.340  0.3295E+00  0.1177E+01
 -17.320  0.3298E+00  0.1184E+01
 -17.300  0.3301E+00  0.1190E+01
 -17.280  0.3303E+00  0.1197E+01
 -17.260  0.3306E+00  0.1204E+01
 -17.240  0.3309E+00  0.1210E+01
 -17.220  0.3312E+00  0.1217E+01
 -17.200  0.3315E+00  0.1223E+01
 -17.180  0.3318E+00  0.1230E+01
 -17.160  0.3321E+00  0.1237E+01
 -17.140  0.3324E+00  0.1243E+01
 -17.120  0.3328E+00  0.1250E+01
 -17.100  0.3331E+00  0.1257E+01
 -17.080  0.3335E+00  0.1263E+01
 -17.060  0.3338E+00  0.1270E+01
 -17.040  0.3341E+00  0.1277E+01
 -17.020  0.3345E+00  0.1283E+01
 -17.000  0.3349E+00  0.1290E+01
 -16.980  0.3353E+00  0.1297E+01
 -16.960  0.3357E+00  0.1304E+01
 -16.940  0.3360E+00  0.1310E+01
 -16.920  0.3365E+00  0.1317E+01
 -16.900  0.3369E+00  0.1324E+01
 -16.880  0.3374E+00  0.1330E+01
 -16.860  0.3378E+00  0.1337E+01
 -16.840  0.3382E+00  0.1344E+01
 -16.820  0.3387E+00  0.1351E+01
 -16.800  0.3392E+00  0.1358E+01
 -16.780  0.3398E+00  0.1364E+01
 -16.760  0.3403E+00  0.1371E+01
 -16.740  0.3408E+00  0.1378E+01
 -16.720  0.3413E+00  0.1385E+01
 -16.700  0.3419E+00  0.1392E+01
 -16.680  0.3425E+00  0.1398E+01
 -16.660  0.3432E+00  0.1405E+01
 -16.640  0.3438E+00  0.1412E+01
 -16.620  0.3444E+00  0.1419E+01
 -16.600  0.3451E+00  0.1426E+01
 -16.580  0.3458E+00  0.1433E+01
 -16.560  0.3466E+00  0.1440E+01
 -16.540  0.3474E+00  0.1447E+01
 -16.520  0.3481E+00  0.1454E+01
 -16.500  0.3489E+00  0.1461E+01
 -16.480  0.3498E+00  0.1468E+01
 -16.460  0.3508E+00  0.1475E+01
 -16.440  0.3518E+00  0.1482E+01
 -16.420  0.3528E+00  0.1489E+01
 -16.400  0.3538E+00  0.1496E+01
 -16.380  0.3549E+00  0.1503E+01
 -16.360  0.3561E+00  0.1510E+01
 -16.340  0.3574E+00  0.1517E+01
 -16.320  0.3588E+00  0.1524E+01
 -16.300  0.3601E+00  0.1532E+01
 -16.280  0.3616E+00  0.1539E+01
 -16.260  0.3632E+00  0.1546E+01
 -16.240  0.3650E+00  0.1553E+01
 -16.220  0.3669E+00  0.1561E+01
 -16.200  0.3689E+00  0.1568E+01
 -16.180  0.3710E+00  0.1576E+01
 -16.160  0.3734E+00  0.1583E+01
 -16.140  0.3760E+00  0.1591E+01
 -16.120  0.3790E+00  0.1598E+01
 -16.100  0.3822E+00  0.1606E+01
 -16.080  0.3858E+00  0.1614E+01
 -16.060  0.3898E+00  0.1621E+01
 -16.040  0.3946E+00  0.1629E+01
 -16.020  0.4002E+00  0.1637E+01
 -16.000  0.4070E+00  0.1645E+01
 -15.980  0.4151E+00  0.1654E+01
 -15.960  0.4246E+00  0.1662E+01
 -15.940  0.4357E+00  0.1671E+01
 -15.920  0.4481E+00  0.1680E+01
 -15.900  0.4608E+00  0.1689E+01
 -15.880  0.4723E+00  0.1699E+01
 -15.860  0.4807E+00  0.1708E+01
 -15.840  0.4843E+00  0.1718E+01
 -15.820  0.4818E+00  0.1727E+01
 -15.800  0.4731E+00  0.1737E+01
 -15.780  0.4589E+00  0.1746E+01
 -15.760  0.4407E+00  0.1755E+01
 -15.740  0.4204E+00  0.1763E+01
 -15.720  0.3999E+00  0.1771E+01
 -15.700  0.3806E+00  0.1779E+01
 -15.680  0.3631E+00  0.1786E+01
 -15.660  0.3476E+00  0.1793E+01
 -15.640  0.3339E+00  0.1800E+01
 -15.620  0.3216E+00  0.1806E+01
 -15.600  0.3107E+00  0.1812E+01
 -15.580  0.3007E+00  0.1818E+01
 -15.560  0.2917E+00  0.1824E+01
 -15.540  0.2832E+00  0.1830E+01
 -15.520  0.2752E+00  0.1835E+01
 -15.500  0.2676E+00  0.1841E+01
 -15.480  0.2604E+00  0.1846E+01
 -15.460  0.2536E+00  0.1851E+01
 -15.440  0.2472E+00  0.1856E+01
 -15.420  0.2410E+00  0.1861E+01
 -15.400  0.2349E+00  0.1866E+01
 -15.380  0.2290E+00  0.1870E+01
 -15.360  0.2234E+00  0.1875E+01
 -15.340  0.2180E+00  0.1879E+01
 -15.320  0.2129E+00  0.1883E+01
 -15.300  0.2077E+00  0.1887E+01
 -15.280  0.2027E+00  0.1891E+01
 -15.260  0.1978E+00  0.1895E+01
 -15.240  0.1931E+00  0.1899E+01
 -15.220  0.1886E+00  0.1903E+01
 -15.200  0.1841E+00  0.1907E+01
 -15.180  0.1797E+00  0.1910E+01
 -15.160  0.1753E+00  0.1914E+01
 -15.140  0.1711E+00  0.1917E+01
 -15.120  0.1670E+00  0.1921E+01
 -15.100  0.1630E+00  0.1924E+01
 -15.080  0.1590E+00  0.1927E+01
 -15.060  0.1550E+00  0.1930E+01
 -15.040  0.1511E+00  0.1933E+01
 -15.020  0.1474E+00  0.1936E+01
 -15.000  0.1438E+00  0.1939E+01
 -14.980  0.1404E+00  0.1942E+01
 -14.960  0.1372E+00  0.1945E+01
 -14.940  0.1347E+00  0.1947E+01
 -14.920  0.1335E+00  0.1950E+01
 -14.900  0.1343E+00  0.1953E+01
 -14.880  0.1381E+00  0.1955E+01
 -14.860  0.1458E+00  0.1958E+01
 -14.840  0.1583E+00  0.1961E+01
 -14.820  0.1757E+00  0.1965E+01
 -14.800  0.1972E+00  0.1969E+01
 -14.780  0.2213E+00  0.1973E+01
 -14.760  0.2457E+00  0.1978E+01
 -14.740  0.2682E+00  0.1984E+01
 -14.720  0.2873E+00  0.1989E+01
 -14.700  0.3021E+00  0.1995E+01
 -14.680  0.3126E+00  0.2002E+01
 -14.660  0.3194E+00  0.2008E+01
 -14.640  0.3235E+00  0.2014E+01
 -14.620  0.3258E+00  0.2021E+01
 -14.600  0.3270E+00  0.2028E+01
 -14.580  0.3276E+00  0.2034E+01
 -14.560  0.3280E+00  0.2041E+01
 -14.540  0.3282E+00  0.2047E+01
 -14.520  0.3284E+00  0.2054E+01
 -14.500  0.3285E+00  0.2060E+01
 -14.480  0.3287E+00  0.2067E+01
 -14.460  0.3288E+00  0.2073E+01
 -14.440  0.3290E+00  0.2080E+01
 -14.420  0.3291E+00  0.2087E+01
 -14.400  0.3293E+00  0.2093E+01
 -14.380  0.3294E+00  0.2100E+01
 -14.360  0.3296E+00  0.2106E+01
 -14.340  0.3297E+00  0.2113E+01
 -14.320  0.3299E+00  0.2120E+01
 -14.300  0.3301E+00  0.2126E+01
 -14.280  0.3304E+00  0.2133E+01
 -14.260  0.3309E+00  0.2139E+01
 -14.240  0.3316E+00  0.2146E+01
 -14.220  0.3328E+00  0.2153E+01
 -14.200  0.3346E+00  0.2159E+01
 -14.180  0.3373E+00  0.2166E+01
 -14.160  0.3411E+00  0.2173E+01
 -14.140  0.3464E+00  0.2180E+01
 -14.120  0.3532E+00  0.2187E+01
 -14.100  0.3618E+00  0.2194E+01
 -14.080  0.3724E+00  0.2202E+01
 -14.060  0.3849E+00  0.2209E+01
 -14.040  0.3995E+00  0.2217E+01
 -14.020  0.4157E+00  0.2226E+01
 -14.000  0.4330E+00  0.2234E+01
 -13.980  0.4501E+00  0.2243E+01
 -13.960  0.4656E+00  0.2253E+01
 -13.940  0.4778E+00  0.2262E+01
 -13.920  0.4852E+00  0.2272E+01
 -13.900  0.4873E+00  0.2282E+01
 -13.880  0.4840E+00  0.2291E+01
 -13.860  0.4765E+00  0.2301E+01
 -13.840  0.4663E+00  0.2310E+01
 -13.820  0.4548E+00  0.2319E+01
 -13.800  0.4434E+00  0.2328E+01
 -13.780  0.4330E+00  0.2337E+01
 -13.760  0.4237E+00  0.2345E+01
 -13.740  0.4158E+00  0.2354E+01
 -13.720  0.4090E+00  0.2362E+01
 -13.700  0.4031E+00  0.2370E+01
 -13.680  0.3979E+00  0.2378E+01
 -13.660  0.3932E+00  0.2386E+01
 -13.640  0.3890E+00  0.2393E+01
 -13.620  0.3851E+00  0.2401E+01
 -13.600  0.3814E+00  0.2409E+01
 -13.580  0.3781E+00  0.2416E+01
 -13.560  0.3749E+00  0.2424E+01
 -13.540  0.3718E+00  0.2431E+01
 -13.520  0.3689E+00  0.2439E+01
 -13.500  0.3662E+00  0.2446E+01
 -13.480  0.3635E+00  0.2453E+01
 -13.460  0.3610E+00  0.2460E+01
 -13.440  0.3585E+00  0.2468E+01
 -13.420  0.3562E+00  0.2475E+01
 -13.400  0.3539E+00  0.2482E+01
 -13.380  0.3517E+00  0.2489E+01
 -13.360  0.3495E+00  0.2496E+01
 -13.340  0.3474E+00  0.2503E+01
 -13.320  0.3454E+00  0.2510E+01
 -13.300  0.3434E+00  0.2517E+01
 -13.280  0.3414E+00  0.2523E+01
 -13.260  0.3395E+00  0.2530E+01
 -13.240  0.3377E+00  0.2537E+01
 -13.220  0.3358E+00  0.2544E+01
 -13.200  0.3341E+00  0.2550E+01
 -13.180  0.3323E+00  0.2557E+01
 -13.160  0.3306E+00  0.2564E+01
 -13.140  0.3289E+00  0.2570E+01
 -13.120  0.3272E+00  0.2577E+01
 -13.100  0.3256E+00  0.2583E+01
 -13.080  0.3240E+00  0.2590E+01
 -13.060  0.3224E+00  0.2596E+01
 -13.040  0.3209E+00  0.2603E+01
 -13.020  0.3193E+00  0.2609E+01
 -13.000  0.3178E+00  0.2615E+01
 -12.980  0.3163E+00  0.2622E+01
 -12.960  0.3149E+00  0.2628E+01
 -12.940  0.3134E+00  0.2634E+01
 -12.920  0.3120E+00  0.2640E+01
 -12.900  0.3106E+00  0.2647E+01
 -12.880  0.3092E+00  0.2653E+01
 -12.860  0.3078E+00  0.2659E+01
 -12.840  0.3064E+00  0.2665E+01
 -12.820  0.3051E+00  0.2671E+01
 -12.800  0.3038E+00  0.2677E+01
 -12.780  0.3024E+00  0.2683E+01
 -12.760  0.3011E+00  0.2689E+01
 -12.740  0.2998E+00  0.2695E+01
 -12.720  0.2986E+00  0.2701E+01
 -12.700  0.2973E+00  0.2707E+01
 -12.680  0.2960E+00  0.2713E+01
 -12.660  0.2948E+00  0.2719E+01
 -12.640  0.2936E+00  0.2725E+01
 -12.620  0.2924E+00  0.2731E+01
 -12.600  0.2912E+00  0.2737E+01
 -12.580  0.2900E+00  0.2742E+01
 -12.560  0.2888E+00  0.2748E+01
 -12.540  0.2876E+00  0.2754E+01
 -12.520  0.2864E+00  0.2760E+01
 -12.500  0.2853E+00  0.2765E+01
 -12.480  0.2841E+00  0.2771E+01
 -12.460  0.2830E+00  0.2777E+01
 -12.440  0.2819E+00  0.2782E+01
 -12.420  0.2808E+00  0.2788E+01
 -12.400  0.2797E+00  0.2794E+01
 -12.380  0.2786E+00  0.2799E+01
 -12.360  0.2775E+00  0.2805E+01
 -12.340  0.2764E+00  0.2810E+01
 -12.320  0.2754E+00  0.2816E+01
 -12.300  0.2744E+00  0.2821E+01
 -12.280  0.2736E+00  0.2827E+01
 -12.260  0.2730E+00  0.2832E+01
 -12.240  0.2729E+00  0.2838E+01
 -12.220  0.2736E+00  0.2843E+01
 -12.200  0.2755E+00  0.2849E+01
 -12.180  0.2790E+00  0.2854E+01
 -12.160  0.2844E+00  0.2860E+01
 -12.140  0.2919E+00  0.2866E+01
 -12.120  0.3010E+00  0.2872E+01
 -12.100  0.3111E+00  0.2878E+01
 -12.080  0.3214E+00  0.2884E+01
 -12.060  0.3309E+00  0.2891E+01
 -12.040  0.3390E+00  0.2898E+01
 -12.020  0.3454E+00  0.2905E+01
 -12.000  0.3500E+00  0.2912E+01
 -11.980  0.3530E+00  0.2919E+01
 -11.960  0.3550E+00  0.2926E+01
 -11.940  0.3562E+00  0.2933E+01
 -11.920  0.3570E+00  0.2940E+01
 -11.900  0.3576E+00  0.2947E+01
 -11.880  0.3580E+00  0.2954E+01
 -11.860  0.3584E+00  0.2962E+01
 -11.840  0.3587E+00  0.2969E+01
 -11.820  0.3591E+00  0.2976E+01
 -11.800  0.3594E+00  0.2983E+01
 -11.780  0.3598E+00  0.2990E+01
 -11.760  0.3602E+00  0.2998E+01
 -11.740  0.3605E+00  0.3005E+01
 -11.720  0.3609E+00  0.3012E+01
 -11.700  0.3613E+00  0.3019E+01
 -11.680  0.3616E+00  0.3026E+01
 -11.660  0.3620E+00  0.3034E+01
 -11.640  0.3624E+00  0.3041E+01
 -11.620  0.3628E+00  0.3048E+01
 -11.600  0.3632E+00  0.3055E+01
 -11.580  0.3636E+00  0.3063E+01
 -11.560  0.3640E+00  0.3070E+01
 -11.540  0.3644E+00  0.3077E+01
 -11.520  0.3647E+00  0.3085E+01
 -11.500  0.3652E+00  0.3092E+01
 -11.480  0.3656E+00  0.3099E+01
 -11.460  0.3660E+00  0.3107E+01
 -11.440  0.3664E+00  0.3114E+01
 -11.420  0.3668E+00  0.3121E+01
 -11.400  0.3672E+00  0.3129E+01
 -11.380  0.3677E+00  0.3136E+01
 -11.360  0.3681E+00  0.3143E+01
 -11.340  0.3686E+00  0.3151E+01
 -11.320  0.3690E+00  0.3158E+01
 -11.300  0.3694E+00  0.3165E+01
 -11.280  0.3698E+00  0.3173E+01
 -11.260  0.3703E+00  0.3180E+01
 -11.240  0.3708E+00  0.3188E+01
 -11.220  0.3713E+00  0.3195E+01
 -11.200  0.3717E+00  0.3202E+01
 -11.180  0.3721E+00  0.3210E+01
 -11.160  0.3726E+00  0.3217E+01
 -11.140  0.3731E+00  0.3225E+01
 -11.120  0.3736E+00  0.3232E+01
 -11.100  0.3741E+00  0.3240E+01
 -11.080  0.3746E+00  0.3247E+01
 -11.060  0.3750E+00  0.3255E+01
 -11.040  0.3755E+00  0.3262E+01
 -11.020  0.3760E+00  0.3270E+01
 -11.000  0.3766E+00  0.3277E+01
 -10.980  0.3772E+00  0.3285E+01
 -10.960  0.3776E+00  0.3292E+01
 -10.940  0.3780E+00  0.3300E+01
 -10.920  0.3785E+00  0.3308E+01
 -10.900  0.3791E+00  0.3315E+01
 -10.880  0.3798E+00  0.3323E+01
 -10.860  0.3804E+00  0.3330E+01
 -10.840  0.3809E+00  0.3338E+01
 -10.820  0.3813E+00  0.3346E+01
 -10.800  0.3818E+00  0.3353E+01
 -10.780  0.3825E+00  0.3361E+01
 -10.760  0.3832E+00  0.3369E+01
 -10.740  0.3838E+00  0.3376E+01
 -10.720  0.3843E+00  0.3384E+01
 -10.700  0.3847E+00  0.3392E+01
 -10.680  0.3853E+00  0.3399E+01
 -10.660  0.3860E+00  0.3407E+01
 -10.640  0.3868E+00  0.3415E+01
 -10.620  0.3874E+00  0.3422E+01
 -10.600  0.3880E+00  0.3430E+01
 -10.580  0.3884E+00  0.3438E+01
 -10.560  0.3890E+00  0.3446E+01
 -10.540  0.3897E+00  0.3454E+01
 -10.520  0.3906E+00  0.3461E+01
 -10.500  0.3913E+00  0.3469E+01
 -10.480  0.3919E+00  0.3477E+01
 -10.460  0.3924E+00  0.3485E+01
 -10.440  0.3930E+00  0.3493E+01
 -10.420  0.3938E+00  0.3501E+01
 -10.400  0.3946E+00  0.3509E+01
 -10.380  0.3954E+00  0.3516E+01
 -10.360  0.3961E+00  0.3524E+01
 -10.340  0.3966E+00  0.3532E+01
 -10.320  0.3973E+00  0.3540E+01
 -10.300  0.3981E+00  0.3548E+01
 -10.280  0.3990E+00  0.3556E+01
 -10.260  0.3998E+00  0.3564E+01
 -10.240  0.4006E+00  0.3572E+01
 -10.220  0.4012E+00  0.3580E+01
 -10.200  0.4019E+00  0.3588E+01
 -10.180  0.4027E+00  0.3596E+01
 -10.160  0.4037E+00  0.3604E+01
 -10.140  0.4046E+00  0.3612E+01
 -10.120  0.4054E+00  0.3621E+01
 -10.100  0.4061E+00  0.3629E+01
 -10.080  0.4068E+00  0.3637E+01
 -10.060  0.4077E+00  0.3645E+01
 -10.040  0.4087E+00  0.3653E+01
 -10.020  0.4097E+00  0.3661E+01
 -10.000  0.4106E+00  0.3670E+01
  -9.980  0.4114E+00  0.3678E+01
  -9.960  0.4122E+00  0.3686E+01
  -9.940  0.4131E+00  0.3694E+01
  -9.920  0.4142E+00  0.3703E+01
  -9.900  0.4152E+00  0.3711E+01
  -9.880  0.4162E+00  0.3719E+01
  -9.860  0.4171E+00  0.3728E+01
  -9.840  0.4180E+00  0.3736E+01
  -9.820  0.4190E+00  0.3744E+01
  -9.800  0.4201E+00  0.3753E+01
  -9.780  0.4213E+00  0.3761E+01
  -9.760  0.4223E+00  0.3770E+01
  -9.740  0.4233E+00  0.3778E+01
  -9.720  0.4243E+00  0.3787E+01
  -9.700  0.4255E+00  0.3795E+01
  -9.680  0.4266E+00  0.3804E+01
  -9.660  0.4278E+00  0.3812E+01
  -9.640  0.4290E+00  0.3821E+01
  -9.620  0.4301E+00  0.3829E+01
  -9.600  0.4313E+00  0.3838E+01
  -9.580  0.4325E+00  0.3847E+01
  -9.560  0.4338E+00  0.3855E+01
  -9.540  0.4351E+00  0.3864E+01
  -9.520  0.4363E+00  0.3873E+01
  -9.500  0.4376E+00  0.3881E+01
  -9.480  0.4389E+00  0.3890E+01
  -9.460  0.4402E+00  0.3899E+01
  -9.440  0.4417E+00  0.3908E+01
  -9.420  0.4431E+00  0.3917E+01
  -9.400  0.4445E+00  0.3926E+01
  -9.380  0.4459E+00  0.3935E+01
  -9.360  0.4475E+00  0.3943E+01
  -9.340  0.4495E+00  0.3952E+01
  -9.320  0.4520E+00  0.3962E+01
  -9.300  0.4556E+00  0.3971E+01
  -9.280  0.4609E+00  0.3980E+01
  -9.260  0.4691E+00  0.3989E+01
  -9.240  0.4814E+00  0.3999E+01
  -9.220  0.4989E+00  0.4009E+01
  -9.200  0.5217E+00  0.4019E+01
  -9.180  0.5493E+00  0.4030E+01
  -9.160  0.5804E+00  0.4042E+01
  -9.140  0.6125E+00  0.4054E+01
  -9.120  0.6432E+00  0.4067E+01
  -9.100  0.6702E+00  0.4080E+01
  -9.080  0.6921E+00  0.4094E+01
  -9.060  0.7085E+00  0.4108E+01
  -9.040  0.7202E+00  0.4123E+01
  -9.020  0.7283E+00  0.4137E+01
  -9.000  0.7339E+00  0.4152E+01
  -8.980  0.7380E+00  0.4167E+01
  -8.960  0.7411E+00  0.4182E+01
  -8.940  0.7437E+00  0.4197E+01
  -8.920  0.7463E+00  0.4211E+01
  -8.900  0.7488E+00  0.4226E+01
  -8.880  0.7515E+00  0.4241E+01
  -8.860  0.7542E+00  0.4257E+01
  -8.840  0.7569E+00  0.4272E+01
  -8.820  0.7596E+00  0.4287E+01
  -8.800  0.7624E+00  0.4302E+01
  -8.780  0.7653E+00  0.4317E+01
  -8.760  0.7684E+00  0.4333E+01
  -8.740  0.7715E+00  0.4348E+01
  -8.720  0.7748E+00  0.4364E+01
  -8.700  0.7780E+00  0.4379E+01
  -8.680  0.7814E+00  0.4395E+01
  -8.660  0.7848E+00  0.4411E+01
  -8.640  0.7885E+00  0.4426E+01
  -8.620  0.7923E+00  0.4442E+01
  -8.600  0.7962E+00  0.4458E+01
  -8.580  0.8002E+00  0.4474E+01
  -8.560  0.8043E+00  0.4490E+01
  -8.540  0.8086E+00  0.4506E+01
  -8.520  0.8131E+00  0.4523E+01
  -8.500  0.8179E+00  0.4539E+01
  -8.480  0.8229E+00  0.4555E+01
  -8.460  0.8280E+00  0.4572E+01
  -8.440  0.8332E+00  0.4589E+01
  -8.420  0.8388E+00  0.4605E+01
  -8.400  0.8447E+00  0.4622E+01
  -8.380  0.8511E+00  0.4639E+01
  -8.360  0.8577E+00  0.4657E+01
  -8.340  0.8647E+00  0.4674E+01
  -8.320  0.8720E+00  0.4691E+01
  -8.300  0.8799E+00  0.4709E+01
  -8.280  0.8885E+00  0.4727E+01
  -8.260  0.8977E+00  0.4745E+01
  -8.240  0.9078E+00  0.4763E+01
  -8.220  0.9188E+00  0.4781E+01
  -8.200  0.9310E+00  0.4800E+01
  -8.180  0.9447E+00  0.4819E+01
  -8.160  0.9605E+00  0.4838E+01
  -8.140  0.9788E+00  0.4857E+01
  -8.120  0.1000E+01  0.4877E+01
  -8.100  0.1025E+01  0.4898E+01
  -8.080  0.1053E+01  0.4919E+01
  -8.060  0.1083E+01  0.4941E+01
  -8.040  0.1113E+01  0.4963E+01
  -8.020  0.1140E+01  0.4986E+01
  -8.000  0.1161E+01  0.5009E+01
  -7.980  0.1172E+01  0.5032E+01
  -7.960  0.1171E+01  0.5056E+01
  -7.940  0.1159E+01  0.5079E+01
  -7.920  0.1136E+01  0.5102E+01
  -7.900  0.1108E+01  0.5124E+01
  -7.880  0.1076E+01  0.5145E+01
  -7.860  0.1045E+01  0.5166E+01
  -7.840  0.1015E+01  0.5187E+01
  -7.820  0.9895E+00  0.5206E+01
  -7.800  0.9669E+00  0.5226E+01
  -7.780  0.9475E+00  0.5245E+01
  -7.760  0.9307E+00  0.5263E+01
  -7.740  0.9158E+00  0.5282E+01
  -7.720  0.9025E+00  0.5300E+01
  -7.700  0.8903E+00  0.5317E+01
  -7.680  0.8792E+00  0.5335E+01
  -7.660  0.8689E+00  0.5352E+01
  -7.640  0.8595E+00  0.5370E+01
  -7.620  0.8506E+00  0.5387E+01
  -7.600  0.8422E+00  0.5403E+01
  -7.580  0.8342E+00  0.5420E+01
  -7.560  0.8266E+00  0.5437E+01
  -7.540  0.8194E+00  0.5453E+01
  -7.520  0.8127E+00  0.5469E+01
  -7.500  0.8062E+00  0.5485E+01
  -7.480  0.8000E+00  0.5501E+01
  -7.460  0.7939E+00  0.5517E+01
  -7.440  0.7881E+00  0.5533E+01
  -7.420  0.7824E+00  0.5549E+01
  -7.400  0.7771E+00  0.5564E+01
  -7.380  0.7719E+00  0.5580E+01
  -7.360  0.7669E+00  0.5595E+01
  -7.340  0.7619E+00  0.5610E+01
  -7.320  0.7572E+00  0.5625E+01
  -7.300  0.7526E+00  0.5640E+01
  -7.280  0.7483E+00  0.5655E+01
  -7.260  0.7441E+00  0.5670E+01
  -7.240  0.7401E+00  0.5685E+01
  -7.220  0.7360E+00  0.5700E+01
  -7.200  0.7320E+00  0.5714E+01
  -7.180  0.7282E+00  0.5729E+01
  -7.160  0.7245E+00  0.5744E+01
  -7.140  0.7209E+00  0.5758E+01
  -7.120  0.7174E+00  0.5772E+01
  -7.100  0.7139E+00  0.5787E+01
  -7.080  0.7104E+00  0.5801E+01
  -7.060  0.7070E+00  0.5815E+01
  -7.040  0.7038E+00  0.5829E+01
  -7.020  0.7007E+00  0.5843E+01
  -7.000  0.6976E+00  0.5857E+01
  -6.980  0.6945E+00  0.5871E+01
  -6.960  0.6915E+00  0.5885E+01
  -6.940  0.6886E+00  0.5898E+01
  -6.920  0.6857E+00  0.5912E+01
  -6.900  0.6830E+00  0.5926E+01
  -6.880  0.6803E+00  0.5939E+01
  -6.860  0.6775E+00  0.5953E+01
  -6.840  0.6748E+00  0.5966E+01
  -6.820  0.6722E+00  0.5980E+01
  -6.800  0.6697E+00  0.5993E+01
  -6.780  0.6672E+00  0.6007E+01
  -6.760  0.6648E+00  0.6020E+01
  -6.740  0.6623E+00  0.6033E+01
  -6.720  0.6599E+00  0.6046E+01
  -6.700  0.6575E+00  0.6060E+01
  -6.680  0.6552E+00  0.6073E+01
  -6.660  0.6530E+00  0.6086E+01
  -6.640  0.6508E+00  0.6099E+01
  -6.620  0.6486E+00  0.6112E+01
  -6.600  0.6465E+00  0.6125E+01
  -6.580  0.6443E+00  0.6138E+01
  -6.560  0.6423E+00  0.6150E+01
  -6.540  0.6403E+00  0.6163E+01
  -6.520  0.6383E+00  0.6176E+01
  -6.500  0.6363E+00  0.6189E+01
  -6.480  0.6343E+00  0.6201E+01
  -6.460  0.6323E+00  0.6214E+01
  -6.440  0.6305E+00  0.6227E+01
  -6.420  0.6287E+00  0.6239E+01
  -6.400  0.6268E+00  0.6252E+01
  -6.380  0.6250E+00  0.6264E+01
  -6.360  0.6232E+00  0.6277E+01
  -6.340  0.6215E+00  0.6289E+01
  -6.320  0.6198E+00  0.6302E+01
  -6.300  0.6181E+00  0.6314E+01
  -6.280  0.6164E+00  0.6326E+01
  -6.260  0.6148E+00  0.6338E+01
  -6.240  0.6131E+00  0.6351E+01
  -6.220  0.6115E+00  0.6363E+01
  -6.200  0.6100E+00  0.6375E+01
  -6.180  0.6085E+00  0.6387E+01
  -6.160  0.6069E+00  0.6399E+01
  -6.140  0.6054E+00  0.6412E+01
  -6.120  0.6039E+00  0.6424E+01
  -6.100  0.6025E+00  0.6436E+01
  -6.080  0.6011E+00  0.6448E+01
  -6.060  0.5997E+00  0.6460E+01
  -6.040  0.5983E+00  0.6472E+01
  -6.020  0.5969E+00  0.6484E+01
  -6.000  0.5956E+00  0.6496E+01
  -5.980  0.5943E+00  0.6507E+01
  -5.960  0.5930E+00  0.6519E+01
  -5.940  0.5917E+00  0.6531E+01
  -5.920  0.5904E+00  0.6543E+01
  -5.900  0.5892E+00  0.6555E+01
  -5.880  0.5880E+00  0.6566E+01
  -5.860  0.5868E+00  0.6578E+01
  -5.840  0.5856E+00  0.6590E+01
  -5.820  0.5845E+00  0.6602E+01
  -5.800  0.5834E+00  0.6613E+01
  -5.780  0.5822E+00  0.6625E+01
  -5.760  0.5811E+00  0.6637E+01
  -5.740  0.5801E+00  0.6648E+01
  -5.720  0.5790E+00  0.6660E+01
  -5.700  0.5780E+00  0.6671E+01
  -5.680  0.5770E+00  0.6683E+01
  -5.660  0.5760E+00  0.6694E+01
  -5.640  0.5750E+00  0.6706E+01
  -5.620  0.5741E+00  0.6717E+01
  -5.600  0.5732E+00  0.6729E+01
  -5.580  0.5722E+00  0.6740E+01
  -5.560  0.5713E+00  0.6752E+01
  -5.540  0.5705E+00  0.6763E+01
  -5.520  0.5696E+00  0.6774E+01
  -5.500  0.5688E+00  0.6786E+01
  -5.480  0.5680E+00  0.6797E+01
  -5.460  0.5672E+00  0.6809E+01
  -5.440  0.5664E+00  0.6820E+01
  -5.420  0.5657E+00  0.6831E+01
  -5.400  0.5650E+00  0.6843E+01
  -5.380  0.5643E+00  0.6854E+01
  -5.360  0.5636E+00  0.6865E+01
  -5.340  0.5629E+00  0.6876E+01
  -5.320  0.5623E+00  0.6888E+01
  -5.300  0.5617E+00  0.6899E+01
  -5.280  0.5612E+00  0.6910E+01
  -5.260  0.5606E+00  0.6921E+01
  -5.240  0.5600E+00  0.6932E+01
  -5.220  0.5595E+00  0.6944E+01
  -5.200  0.5590E+00  0.6955E+01
  -5.180  0.5586E+00  0.6966E+01
  -5.160  0.5582E+00  0.6977E+01
  -5.140  0.5577E+00  0.6988E+01
  -5.120  0.5573E+00  0.6999E+01
  -5.100  0.5569E+00  0.7011E+01
  -5.080  0.5567E+00  0.7022E+01
  -5.060  0.5564E+00  0.7033E+01
  -5.040  0.5561E+00  0.7044E+01
  -5.020  0.5558E+00  0.7055E+01
  -5.000  0.5556E+00  0.7066E+01
  -4.980  0.5554E+00  0.7077E+01
  -4.960  0.5554E+00  0.7088E+01
  -4.940  0.5553E+00  0.7100E+01
  -4.920  0.5552E+00  0.7111E+01
  -4.900  0.5551E+00  0.7122E+01
  -4.880  0.5551E+00  0.7133E+01
  -4.860  0.5552E+00  0.7144E+01
  -4.840  0.5553E+00  0.7155E+01
  -4.820  0.5554E+00  0.7166E+01
  -4.800  0.5553E+00  0.7177E+01
  -4.780  0.5551E+00  0.7188E+01
  -4.760  0.5545E+00  0.7199E+01
  -4.740  0.5532E+00  0.7211E+01
  -4.720  0.5503E+00  0.7222E+01
  -4.700  0.5450E+00  0.7232E+01
  -4.680  0.5364E+00  0.7243E+01
  -4.660  0.5237E+00  0.7254E+01
  -4.640  0.5069E+00  0.7264E+01
  -4.620  0.4862E+00  0.7273E+01
  -4.600  0.4631E+00  0.7283E+01
  -4.580  0.4395E+00  0.7292E+01
  -4.560  0.4175E+00  0.7300E+01
  -4.540  0.3990E+00  0.7308E+01
  -4.520  0.3850E+00  0.7316E+01
  -4.500  0.3755E+00  0.7323E+01
  -4.480  0.3701E+00  0.7330E+01
  -4.460  0.3677E+00  0.7338E+01
  -4.440  0.3675E+00  0.7345E+01
  -4.420  0.3689E+00  0.7353E+01
  -4.400  0.3712E+00  0.7360E+01
  -4.380  0.3739E+00  0.7367E+01
  -4.360  0.3769E+00  0.7375E+01
  -4.340  0.3801E+00  0.7383E+01
  -4.320  0.3835E+00  0.7390E+01
  -4.300  0.3873E+00  0.7398E+01
  -4.280  0.3914E+00  0.7406E+01
  -4.260  0.3957E+00  0.7414E+01
  -4.240  0.4002E+00  0.7422E+01
  -4.220  0.4051E+00  0.7430E+01
  -4.200  0.4104E+00  0.7438E+01
  -4.180  0.4164E+00  0.7446E+01
  -4.160  0.4230E+00  0.7455E+01
  -4.140  0.4303E+00  0.7463E+01
  -4.120  0.4384E+00  0.7472E+01
  -4.100  0.4478E+00  0.7481E+01
  -4.080  0.4588E+00  0.7490E+01
  -4.060  0.4719E+00  0.7500E+01
  -4.040  0.4872E+00  0.7510E+01
  -4.020  0.5049E+00  0.7520E+01
  -4.000  0.5246E+00  0.7530E+01
  -3.980  0.5454E+00  0.7541E+01
  -3.960  0.5656E+00  0.7552E+01
  -3.940  0.5825E+00  0.7564E+01
  -3.920  0.5934E+00  0.7576E+01
  -3.900  0.5961E+00  0.7588E+01
  -3.880  0.5897E+00  0.7600E+01
  -3.860  0.5751E+00  0.7611E+01
  -3.840  0.5543E+00  0.7622E+01
  -3.820  0.5297E+00  0.7633E+01
  -3.800  0.5039E+00  0.7643E+01
  -3.780  0.4789E+00  0.7652E+01
  -3.760  0.4560E+00  0.7662E+01
  -3.740  0.4359E+00  0.7670E+01
  -3.720  0.4185E+00  0.7679E+01
  -3.700  0.4033E+00  0.7687E+01
  -3.680  0.3897E+00  0.7694E+01
  -3.660  0.3774E+00  0.7702E+01
  -3.640  0.3662E+00  0.7709E+01
  -3.620  0.3562E+00  0.7716E+01
  -3.600  0.3469E+00  0.7723E+01
  -3.580  0.3382E+00  0.7730E+01
  -3.560  0.3298E+00  0.7737E+01
  -3.540  0.3218E+00  0.7743E+01
  -3.520  0.3143E+00  0.7750E+01
  -3.500  0.3074E+00  0.7756E+01
  -3.480  0.3007E+00  0.7762E+01
  -3.460  0.2942E+00  0.7768E+01
  -3.440  0.2878E+00  0.7773E+01
  -3.420  0.2817E+00  0.7779E+01
  -3.400  0.2759E+00  0.7784E+01
  -3.380  0.2705E+00  0.7790E+01
  -3.360  0.2651E+00  0.7795E+01
  -3.340  0.2598E+00  0.7800E+01
  -3.320  0.2546E+00  0.7805E+01
  -3.300  0.2496E+00  0.7810E+01
  -3.280  0.2448E+00  0.7815E+01
  -3.260  0.2402E+00  0.7820E+01
  -3.240  0.2357E+00  0.7825E+01
  -3.220  0.2311E+00  0.7829E+01
  -3.200  0.2266E+00  0.7834E+01
  -3.180  0.2224E+00  0.7838E+01
  -3.160  0.2183E+00  0.7843E+01
  -3.140  0.2143E+00  0.7847E+01
  -3.120  0.2103E+00  0.7851E+01
  -3.100  0.2062E+00  0.7855E+01
  -3.080  0.2023E+00  0.7860E+01
  -3.060  0.1986E+00  0.7863E+01
  -3.040  0.1949E+00  0.7867E+01
  -3.020  0.1914E+00  0.7871E+01
  -3.000  0.1877E+00  0.7875E+01
  -2.980  0.1841E+00  0.7879E+01
  -2.960  0.1806E+00  0.7882E+01
  -2.940  0.1773E+00  0.7886E+01
  -2.920  0.1740E+00  0.7889E+01
  -2.900  0.1707E+00  0.7893E+01
  -2.880  0.1674E+00  0.7896E+01
  -2.860  0.1641E+00  0.7899E+01
  -2.840  0.1609E+00  0.7903E+01
  -2.820  0.1578E+00  0.7906E+01
  -2.800  0.1548E+00  0.7909E+01
  -2.780  0.1517E+00  0.7912E+01
  -2.760  0.1487E+00  0.7915E+01
  -2.740  0.1457E+00  0.7918E+01
  -2.720  0.1427E+00  0.7921E+01
  -2.700  0.1399E+00  0.7923E+01
  -2.680  0.1370E+00  0.7926E+01
  -2.660  0.1341E+00  0.7929E+01
  -2.640  0.1313E+00  0.7931E+01
  -2.620  0.1285E+00  0.7934E+01
  -2.600  0.1258E+00  0.7936E+01
  -2.580  0.1230E+00  0.7939E+01
  -2.560  0.1203E+00  0.7941E+01
  -2.540  0.1176E+00  0.7944E+01
  -2.520  0.1149E+00  0.7946E+01
  -2.500  0.1123E+00  0.7948E+01
  -2.480  0.1097E+00  0.7950E+01
  -2.460  0.1071E+00  0.7953E+01
  -2.440  0.1046E+00  0.7955E+01
  -2.420  0.1020E+00  0.7957E+01
  -2.400  0.9945E-01  0.7959E+01
  -2.380  0.9695E-01  0.7961E+01
  -2.360  0.9447E-01  0.7963E+01
  -2.340  0.9199E-01  0.7964E+01
  -2.320  0.8950E-01  0.7966E+01
  -2.300  0.8704E-01  0.7968E+01
  -2.280  0.8461E-01  0.7970E+01
  -2.260  0.8221E-01  0.7971E+01
  -2.240  0.7981E-01  0.7973E+01
  -2.220  0.7741E-01  0.7974E+01
  -2.200  0.7501E-01  0.7976E+01
  -2.180  0.7264E-01  0.7977E+01
  -2.160  0.7030E-01  0.7979E+01
  -2.140  0.6796E-01  0.7980E+01
  -2.120  0.6562E-01  0.7981E+01
  -2.100  0.6329E-01  0.7983E+01
  -2.080  0.6097E-01  0.7984E+01
  -2.060  0.5867E-01  0.7985E+01
  -2.040  0.5637E-01  0.7986E+01
  -2.020  0.5408E-01  0.7987E+01
  -2.000  0.5179E-01  0.7988E+01
  -1.980  0.4951E-01  0.7989E+01
  -1.960  0.4724E-01  0.7990E+01
  -1.940  0.4498E-01  0.7991E+01
  -1.920  0.4273E-01  0.7992E+01
  -1.900  0.4047E-01  0.7993E+01
  -1.880  0.3821E-01  0.7994E+01
  -1.860  0.3597E-01  0.7994E+01
  -1.840  0.3373E-01  0.7995E+01
  -1.820  0.3149E-01  0.7996E+01
  -1.800  0.2925E-01  0.7996E+01
  -1.780  0.2701E-01  0.7997E+01
  -1.760  0.2478E-01  0.7997E+01
  -1.740  0.2255E-01  0.7998E+01
  -1.720  0.2033E-01  0.7998E+01
  -1.700  0.1812E-01  0.7998E+01
  -1.680  0.1594E-01  0.7999E+01
  -1.660  0.1383E-01  0.7999E+01
  -1.640  0.1181E-01  0.7999E+01
  -1.620  0.9973E-02  0.7999E+01
  -1.600  0.8386E-02  0.8000E+01
  -1.580  0.7149E-02  0.8000E+01
  -1.560  0.6352E-02  0.8000E+01
  -1.540  0.6060E-02  0.8000E+01
  -1.520  0.6298E-02  0.8000E+01
  -1.500  0.7049E-02  0.8000E+01
  -1.480  0.8256E-02  0.8000E+01
  -1.460  0.9835E-02  0.8001E+01
  -1.440  0.1169E-01  0.8001E+01
  -1.420  0.1374E-01  0.8001E+01
  -1.400  0.1591E-01  0.8002E+01
  -1.380  0.1816E-01  0.8002E+01
  -1.360  0.2046E-01  0.8002E+01
  -1.340  0.2278E-01  0.8003E+01
  -1.320  0.2512E-01  0.8003E+01
  -1.300  0.2747E-01  0.8004E+01
  -1.280  0.2985E-01  0.8004E+01
  -1.260  0.3223E-01  0.8005E+01
  -1.240  0.3463E-01  0.8006E+01
  -1.220  0.3705E-01  0.8006E+01
  -1.200  0.3948E-01  0.8007E+01
  -1.180  0.4194E-01  0.8008E+01
  -1.160  0.4441E-01  0.8009E+01
  -1.140  0.4690E-01  0.8010E+01
  -1.120  0.4941E-01  0.8011E+01
  -1.100  0.5195E-01  0.8012E+01
  -1.080  0.5451E-01  0.8013E+01
  -1.060  0.5710E-01  0.8014E+01
  -1.040  0.5971E-01  0.8015E+01
  -1.020  0.6235E-01  0.8017E+01
  -1.000  0.6502E-01  0.8018E+01
  -0.980  0.6772E-01  0.8019E+01
  -0.960  0.7046E-01  0.8021E+01
  -0.940  0.7323E-01  0.8022E+01
  -0.920  0.7603E-01  0.8024E+01
  -0.900  0.7887E-01  0.8025E+01
  -0.880  0.8175E-01  0.8027E+01
  -0.860  0.8469E-01  0.8029E+01
  -0.840  0.8767E-01  0.8030E+01
  -0.820  0.9068E-01  0.8032E+01
  -0.800  0.9374E-01  0.8034E+01
  -0.780  0.9687E-01  0.8036E+01
  -0.760  0.1001E+00  0.8038E+01
  -0.740  0.1033E+00  0.8040E+01
  -0.720  0.1066E+00  0.8042E+01
  -0.700  0.1100E+00  0.8044E+01
  -0.680  0.1134E+00  0.8047E+01
  -0.660  0.1170E+00  0.8049E+01
  -0.640  0.1206E+00  0.8051E+01
  -0.620  0.1243E+00  0.8054E+01
  -0.600  0.1280E+00  0.8056E+01
  -0.580  0.1319E+00  0.8059E+01
  -0.560  0.1359E+00  0.8062E+01
  -0.540  0.1400E+00  0.8065E+01
  -0.520  0.1443E+00  0.8067E+01
  -0.500  0.1486E+00  0.8070E+01
  -0.480  0.1530E+00  0.8073E+01
  -0.460  0.1577E+00  0.8077E+01
  -0.440  0.1626E+00  0.8080E+01
  -0.420  0.1676E+00  0.8083E+01
  -0.400  0.1728E+00  0.8087E+01
  -0.380  0.1781E+00  0.8090E+01
  -0.360  0.1837E+00  0.8094E+01
  -0.340  0.1897E+00  0.8098E+01
  -0.320  0.1959E+00  0.8102E+01
  -0.300  0.2024E+00  0.8106E+01
  -0.280  0.2092E+00  0.8110E+01
  -0.260  0.2164E+00  0.8114E+01
  -0.240  0.2242E+00  0.8119E+01
  -0.220  0.2325E+00  0.8123E+01
  -0.200  0.2413E+00  0.8128E+01
  -0.180  0.2508E+00  0.8133E+01
  -0.160  0.2610E+00  0.8138E+01
  -0.140  0.2723E+00  0.8144E+01
  -0.120  0.2848E+00  0.8150E+01
  -0.100  0.2989E+00  0.8156E+01
  -0.080  0.3148E+00  0.8162E+01
  -0.060  0.3331E+00  0.8168E+01
  -0.040  0.3547E+00  0.8176E+01
  -0.020  0.3807E+00  0.8183E+01
  -0.000  0.4119E+00  0.8191E+01
   0.020  0.4487E+00  0.8200E+01
   0.040  0.4908E+00  0.8210E+01
   0.060  0.5365E+00  0.8221E+01
   0.080  0.5826E+00  0.8233E+01
   0.100  0.6245E+00  0.8245E+01
   0.120  0.6573E+00  0.8258E+01
   0.140  0.6768E+00  0.8272E+01
   0.160  0.6809E+00  0.8285E+01
   0.180  0.6705E+00  0.8299E+01
   0.200  0.6491E+00  0.8312E+01
   0.220  0.6214E+00  0.8324E+01
   0.240  0.5923E+00  0.8336E+01
   0.260  0.5659E+00  0.8347E+01
   0.280  0.5453E+00  0.8358E+01
   0.300  0.5323E+00  0.8369E+01
   0.320  0.5277E+00  0.8379E+01
   0.340  0.5309E+00  0.8390E+01
   0.360  0.5404E+00  0.8401E+01
   0.380  0.5539E+00  0.8412E+01
   0.400  0.5686E+00  0.8423E+01
   0.420  0.5822E+00  0.8435E+01
   0.440  0.5929E+00  0.8447E+01
   0.460  0.6000E+00  0.8459E+01
   0.480  0.6033E+00  0.8471E+01
   0.500  0.6033E+00  0.8483E+01
   0.520  0.6009E+00  0.8495E+01
   0.540  0.5971E+00  0.8507E+01
   0.560  0.5926E+00  0.8519E+01
   0.580  0.5880E+00  0.8531E+01
   0.600  0.5835E+00  0.8542E+01
   0.620  0.5791E+00  0.8554E+01
   0.640  0.5747E+00  0.8565E+01
   0.660  0.5705E+00  0.8577E+01
   0.680  0.5664E+00  0.8588E+01
   0.700  0.5627E+00  0.8599E+01
   0.720  0.5593E+00  0.8610E+01
   0.740  0.5560E+00  0.8622E+01
   0.760  0.5527E+00  0.8633E+01
   0.780  0.5494E+00  0.8644E+01
   0.800  0.5462E+00  0.8655E+01
   0.820  0.5433E+00  0.8665E+01
   0.840  0.5407E+00  0.8676E+01
   0.860  0.5381E+00  0.8687E+01
   0.880  0.5355E+00  0.8698E+01
   0.900  0.5328E+00  0.8708E+01
   0.920  0.5302E+00  0.8719E+01
   0.940  0.5278E+00  0.8730E+01
   0.960  0.5256E+00  0.8740E+01
   0.980  0.5235E+00  0.8751E+01
   1.000  0.5215E+00  0.8761E+01
   1.020  0.5192E+00  0.8771E+01
   1.040  0.5170E+00  0.8782E+01
   1.060  0.5149E+00  0.8792E+01
   1.080  0.5130E+00  0.8802E+01
   1.100  0.5113E+00  0.8812E+01
   1.120  0.5096E+00  0.8823E+01
   1.140  0.5077E+00  0.8833E+01
   1.160  0.5058E+00  0.8843E+01
   1.180  0.5039E+00  0.8853E+01
   1.200  0.5022E+00  0.8863E+01
   1.220  0.5007E+00  0.8873E+01
   1.240  0.4993E+00  0.8883E+01
   1.260  0.4978E+00  0.8893E+01
   1.280  0.4961E+00  0.8903E+01
   1.300  0.4944E+00  0.8913E+01
   1.320  0.4927E+00  0.8923E+01
   1.340  0.4914E+00  0.8933E+01
   1.360  0.4902E+00  0.8942E+01
   1.380  0.4890E+00  0.8952E+01
   1.400  0.4879E+00  0.8962E+01
   1.420  0.4869E+00  0.8972E+01
   1.440  0.4866E+00  0.8981E+01
   1.460  0.4878E+00  0.8991E+01
   1.480  0.4912E+00  0.9001E+01
   1.500  0.4977E+00  0.9011E+01
   1.520  0.5082E+00  0.9021E+01
   1.540  0.5231E+00  0.9031E+01
   1.560  0.5425E+00  0.9042E+01
   1.580  0.5656E+00  0.9054E+01
   1.600  0.5909E+00  0.9065E+01
   1.620  0.6160E+00  0.9078E+01
   1.640  0.6387E+00  0.9091E+01
   1.660  0.6572E+00  0.9104E+01
   1.680  0.6707E+00  0.9117E+01
   1.700  0.6797E+00  0.9131E+01
   1.720  0.6851E+00  0.9144E+01
   1.740  0.6879E+00  0.9158E+01
   1.760  0.6892E+00  0.9172E+01
   1.780  0.6894E+00  0.9186E+01
   1.800  0.6888E+00  0.9200E+01
   1.820  0.6878E+00  0.9213E+01
   1.840  0.6866E+00  0.9227E+01
   1.860  0.6856E+00  0.9241E+01
   1.880  0.6848E+00  0.9254E+01
   1.900  0.6841E+00  0.9268E+01
   1.920  0.6834E+00  0.9282E+01
   1.940  0.6824E+00  0.9295E+01
   1.960  0.6812E+00  0.9309E+01
   1.980  0.6800E+00  0.9323E+01
   2.000  0.6791E+00  0.9336E+01
   2.020  0.6784E+00  0.9350E+01
   2.040  0.6779E+00  0.9363E+01
   2.060  0.6771E+00  0.9377E+01
   2.080  0.6762E+00  0.9390E+01
   2.100  0.6750E+00  0.9404E+01
   2.120  0.6739E+00  0.9417E+01
   2.140  0.6731E+00  0.9431E+01
   2.160  0.6726E+00  0.9444E+01
   2.180  0.6721E+00  0.9458E+01
   2.200  0.6714E+00  0.9471E+01
   2.220  0.6704E+00  0.9485E+01
   2.240  0.6693E+00  0.9498E+01
   2.260  0.6683E+00  0.9511E+01
   2.280  0.6676E+00  0.9525E+01
   2.300  0.6671E+00  0.9538E+01
   2.320  0.6667E+00  0.9551E+01
   2.340  0.6660E+00  0.9565E+01
   2.360  0.6651E+00  0.9578E+01
   2.380  0.6641E+00  0.9591E+01
   2.400  0.6631E+00  0.9605E+01
   2.420  0.6624E+00  0.9618E+01
   2.440  0.6620E+00  0.9631E+01
   2.460  0.6616E+00  0.9644E+01
   2.480  0.6611E+00  0.9657E+01
   2.500  0.6602E+00  0.9671E+01
   2.520  0.6592E+00  0.9684E+01
   2.540  0.6582E+00  0.9697E+01
   2.560  0.6576E+00  0.9710E+01
   2.580  0.6572E+00  0.9723E+01
   2.600  0.6569E+00  0.9736E+01
   2.620  0.6564E+00  0.9750E+01
   2.640  0.6556E+00  0.9763E+01
   2.660  0.6546E+00  0.9776E+01
   2.680  0.6537E+00  0.9789E+01
   2.700  0.6531E+00  0.9802E+01
   2.720  0.6528E+00  0.9815E+01
   2.740  0.6525E+00  0.9828E+01
   2.760  0.6521E+00  0.9841E+01
   2.780  0.6514E+00  0.9854E+01
   2.800  0.6504E+00  0.9867E+01
   2.820  0.6495E+00  0.9880E+01
   2.840  0.6489E+00  0.9893E+01
   2.860  0.6486E+00  0.9906E+01
   2.880  0.6485E+00  0.9919E+01
   2.900  0.6482E+00  0.9932E+01
   2.920  0.6476E+00  0.9945E+01
   2.940  0.6469E+00  0.9958E+01
   2.960  0.6467E+00  0.9971E+01
   2.980  0.6474E+00  0.9984E+01
   3.000  0.6499E+00  0.9997E+01
   3.020  0.6546E+00  0.1001E+02
   3.040  0.6624E+00  0.1002E+02
   3.060  0.6740E+00  0.1004E+02
   3.080  0.6900E+00  0.1005E+02
   3.100  0.7107E+00  0.1006E+02
   3.120  0.7351E+00  0.1008E+02
   3.140  0.7616E+00  0.1009E+02
   3.160  0.7878E+00  0.1011E+02
   3.180  0.8111E+00  0.1013E+02
   3.200  0.8300E+00  0.1014E+02
   3.220  0.8439E+00  0.1016E+02
   3.240  0.8531E+00  0.1018E+02
   3.260  0.8588E+00  0.1019E+02
   3.280  0.8622E+00  0.1021E+02
   3.300  0.8643E+00  0.1023E+02
   3.320  0.8655E+00  0.1025E+02
   3.340  0.8659E+00  0.1026E+02
   3.360  0.8657E+00  0.1028E+02
   3.380  0.8653E+00  0.1030E+02
   3.400  0.8650E+00  0.1032E+02
   3.420  0.8654E+00  0.1033E+02
   3.440  0.8663E+00  0.1035E+02
   3.460  0.8675E+00  0.1037E+02
   3.480  0.8689E+00  0.1038E+02
   3.500  0.8703E+00  0.1040E+02
   3.520  0.8721E+00  0.1042E+02
   3.540  0.8745E+00  0.1044E+02
   3.560  0.8773E+00  0.1045E+02
   3.580  0.8796E+00  0.1047E+02
   3.600  0.8801E+00  0.1049E+02
   3.620  0.8770E+00  0.1051E+02
   3.640  0.8690E+00  0.1052E+02
   3.660  0.8557E+00  0.1054E+02
   3.680  0.8379E+00  0.1056E+02
   3.700  0.8177E+00  0.1057E+02
   3.720  0.7985E+00  0.1059E+02
   3.740  0.7837E+00  0.1061E+02
   3.760  0.7760E+00  0.1062E+02
   3.780  0.7769E+00  0.1064E+02
   3.800  0.7859E+00  0.1065E+02
   3.820  0.8012E+00  0.1067E+02
   3.840  0.8198E+00  0.1069E+02
   3.860  0.8386E+00  0.1070E+02
   3.880  0.8549E+00  0.1072E+02
   3.900  0.8667E+00  0.1074E+02
   3.920  0.8735E+00  0.1075E+02
   3.940  0.8755E+00  0.1077E+02
   3.960  0.8741E+00  0.1079E+02
   3.980  0.8711E+00  0.1081E+02
   4.000  0.8678E+00  0.1082E+02
   4.020  0.8654E+00  0.1084E+02
   4.040  0.8638E+00  0.1086E+02
   4.060  0.8628E+00  0.1088E+02
   4.080  0.8620E+00  0.1089E+02
   4.100  0.8613E+00  0.1091E+02
   4.120  0.8612E+00  0.1093E+02
   4.140  0.8623E+00  0.1094E+02
   4.160  0.8649E+00  0.1096E+02
   4.180  0.8687E+00  0.1098E+02
   4.200  0.8732E+00  0.1100E+02
   4.220  0.8774E+00  0.1101E+02
   4.240  0.8803E+00  0.1103E+02
   4.260  0.8808E+00  0.1105E+02
   4.280  0.8774E+00  0.1107E+02
   4.300  0.8685E+00  0.1108E+02
   4.320  0.8528E+00  0.1110E+02
   4.340  0.8301E+00  0.1112E+02
   4.360  0.8019E+00  0.1113E+02
   4.380  0.7715E+00  0.1115E+02
   4.400  0.7434E+00  0.1116E+02
   4.420  0.7227E+00  0.1118E+02
   4.440  0.7134E+00  0.1119E+02
   4.460  0.7178E+00  0.1121E+02
   4.480  0.7359E+00  0.1122E+02
   4.500  0.7649E+00  0.1124E+02
   4.520  0.8005E+00  0.1125E+02
   4.540  0.8382E+00  0.1127E+02
   4.560  0.8744E+00  0.1129E+02
   4.580  0.9071E+00  0.1131E+02
   4.600  0.9359E+00  0.1132E+02
   4.620  0.9617E+00  0.1134E+02
   4.640  0.9851E+00  0.1136E+02
   4.660  0.1006E+01  0.1138E+02
   4.680  0.1025E+01  0.1140E+02
   4.700  0.1041E+01  0.1143E+02
   4.720  0.1053E+01  0.1145E+02
   4.740  0.1061E+01  0.1147E+02
   4.760  0.1066E+01  0.1149E+02
   4.780  0.1069E+01  0.1151E+02
   4.800  0.1070E+01  0.1153E+02
   4.820  0.1071E+01  0.1155E+02
   4.840  0.1071E+01  0.1157E+02
   4.860  0.1070E+01  0.1160E+02
   4.880  0.1070E+01  0.1162E+02
   4.900  0.1069E+01  0.1164E+02
   4.920  0.1069E+01  0.1166E+02
   4.940  0.1070E+01  0.1168E+02
   4.960  0.1071E+01  0.1170E+02
   4.980  0.1072E+01  0.1172E+02
   5.000  0.1073E+01  0.1175E+02
   5.020  0.1075E+01  0.1177E+02
   5.040  0.1077E+01  0.1179E+02
   5.060  0.1080E+01  0.1181E+02
   5.080  0.1085E+01  0.1183E+02
   5.100  0.1092E+01  0.1185E+02
   5.120  0.1098E+01  0.1188E+02
   5.140  0.1103E+01  0.1190E+02
   5.160  0.1106E+01  0.1192E+02
   5.180  0.1103E+01  0.1194E+02
   5.200  0.1094E+01  0.1196E+02
   5.220  0.1077E+01  0.1199E+02
   5.240  0.1052E+01  0.1201E+02
   5.260  0.1019E+01  0.1203E+02
   5.280  0.9827E+00  0.1205E+02
   5.300  0.9458E+00  0.1207E+02
   5.320  0.9139E+00  0.1208E+02
   5.340  0.8922E+00  0.1210E+02
   5.360  0.8851E+00  0.1212E+02
   5.380  0.8947E+00  0.1214E+02
   5.400  0.9202E+00  0.1216E+02
   5.420  0.9574E+00  0.1217E+02
   5.440  0.9996E+00  0.1219E+02
   5.460  0.1040E+01  0.1222E+02
   5.480  0.1072E+01  0.1224E+02
   5.500  0.1094E+01  0.1226E+02
   5.520  0.1105E+01  0.1228E+02
   5.540  0.1108E+01  0.1230E+02
   5.560  0.1105E+01  0.1233E+02
   5.580  0.1099E+01  0.1235E+02
   5.600  0.1091E+01  0.1237E+02
   5.620  0.1084E+01  0.1239E+02
   5.640  0.1079E+01  0.1241E+02
   5.660  0.1076E+01  0.1243E+02
   5.680  0.1078E+01  0.1246E+02
   5.700  0.1084E+01  0.1248E+02
   5.720  0.1096E+01  0.1250E+02
   5.740  0.1116E+01  0.1252E+02
   5.760  0.1146E+01  0.1254E+02
   5.780  0.1187E+01  0.1257E+02
   5.800  0.1239E+01  0.1259E+02
   5.820  0.1301E+01  0.1262E+02
   5.840  0.1368E+01  0.1265E+02
   5.860  0.1432E+01  0.1267E+02
   5.880  0.1489E+01  0.1270E+02
   5.900  0.1534E+01  0.1274E+02
   5.920  0.1565E+01  0.1277E+02
   5.940  0.1584E+01  0.1280E+02
   5.960  0.1592E+01  0.1283E+02
   5.980  0.1593E+01  0.1286E+02
   6.000  0.1590E+01  0.1289E+02
   6.020  0.1587E+01  0.1293E+02
   6.040  0.1589E+01  0.1296E+02
   6.060  0.1598E+01  0.1299E+02
   6.080  0.1612E+01  0.1302E+02
   6.100  0.1630E+01  0.1305E+02
   6.120  0.1643E+01  0.1309E+02
   6.140  0.1646E+01  0.1312E+02
   6.160  0.1632E+01  0.1315E+02
   6.180  0.1598E+01  0.1318E+02
   6.200  0.1545E+01  0.1322E+02
   6.220  0.1478E+01  0.1324E+02
   6.240  0.1401E+01  0.1327E+02
   6.260  0.1322E+01  0.1330E+02
   6.280  0.1247E+01  0.1332E+02
   6.300  0.1179E+01  0.1335E+02
   6.320  0.1122E+01  0.1337E+02
   6.340  0.1075E+01  0.1339E+02
   6.360  0.1038E+01  0.1341E+02
   6.380  0.1008E+01  0.1343E+02
   6.400  0.9844E+00  0.1345E+02
   6.420  0.9648E+00  0.1347E+02
   6.440  0.9488E+00  0.1349E+02
   6.460  0.9359E+00  0.1351E+02
   6.480  0.9256E+00  0.1353E+02
   6.500  0.9172E+00  0.1355E+02
   6.520  0.9096E+00  0.1356E+02
   6.540  0.9018E+00  0.1358E+02
   6.560  0.8934E+00  0.1360E+02
   6.580  0.8845E+00  0.1362E+02
   6.600  0.8759E+00  0.1364E+02
   6.620  0.8685E+00  0.1365E+02
   6.640  0.8628E+00  0.1367E+02
   6.660  0.8584E+00  0.1369E+02
   6.680  0.8543E+00  0.1370E+02
   6.700  0.8493E+00  0.1372E+02
   6.720  0.8429E+00  0.1374E+02
   6.740  0.8356E+00  0.1376E+02
   6.760  0.8286E+00  0.1377E+02
   6.780  0.8233E+00  0.1379E+02
   6.800  0.8199E+00  0.1380E+02
   6.820  0.8176E+00  0.1382E+02
   6.840  0.8149E+00  0.1384E+02
   6.860  0.8109E+00  0.1385E+02
   6.880  0.8054E+00  0.1387E+02
   6.900  0.7993E+00  0.1389E+02
   6.920  0.7938E+00  0.1390E+02
   6.940  0.7900E+00  0.1392E+02
   6.960  0.7876E+00  0.1393E+02
   6.980  0.7860E+00  0.1395E+02
   7.000  0.7839E+00  0.1396E+02
   7.020  0.7805E+00  0.1398E+02
   7.040  0.7760E+00  0.1400E+02
   7.060  0.7710E+00  0.1401E+02
   7.080  0.7667E+00  0.1403E+02
   7.100  0.7638E+00  0.1404E+02
   7.120  0.7620E+00  0.1406E+02
   7.140  0.7605E+00  0.1407E+02
   7.160  0.7583E+00  0.1409E+02
   7.180  0.7551E+00  0.1410E+02
   7.200  0.7515E+00  0.1412E+02
   7.220  0.7481E+00  0.1413E+02
   7.240  0.7454E+00  0.1415E+02
   7.260  0.7434E+00  0.1416E+02
   7.280  0.7413E+00  0.1418E+02
   7.300  0.7387E+00  0.1419E+02
   7.320  0.7356E+00  0.1421E+02
   7.340  0.7328E+00  0.1422E+02
   7.360  0.7309E+00  0.1424E+02
   7.380  0.7299E+00  0.1425E+02
   7.400  0.7290E+00  0.1426E+02
   7.420  0.7270E+00  0.1428E+02
   7.440  0.7235E+00  0.1429E+02
   7.460  0.7190E+00  0.1431E+02
   7.480  0.7152E+00  0.1432E+02
   7.500  0.7134E+00  0.1434E+02
   7.520  0.7140E+00  0.1435E+02
   7.540  0.7155E+00  0.1437E+02
   7.560  0.7156E+00  0.1438E+02
   7.580  0.7128E+00  0.1439E+02
   7.600  0.7074E+00  0.1441E+02
   7.620  0.7015E+00  0.1442E+02
   7.640  0.6977E+00  0.1444E+02
   7.660  0.6975E+00  0.1445E+02
   7.680  0.7002E+00  0.1446E+02
   7.700  0.7031E+00  0.1448E+02
   7.720  0.7033E+00  0.1449E+02
   7.740  0.6997E+00  0.1451E+02
   7.760  0.6934E+00  0.1452E+02
   7.780  0.6873E+00  0.1453E+02
   7.800  0.6841E+00  0.1455E+02
   7.820  0.6847E+00  0.1456E+02
   7.840  0.6878E+00  0.1457E+02
   7.860  0.6908E+00  0.1459E+02
   7.880  0.6911E+00  0.1460E+02
   7.900  0.6881E+00  0.1462E+02
   7.920  0.6826E+00  0.1463E+02
   7.940  0.6772E+00  0.1464E+02
   7.960  0.6738E+00  0.1466E+02
   7.980  0.6736E+00  0.1467E+02
   8.000  0.6758E+00  0.1468E+02
   8.020  0.6786E+00  0.1470E+02
   8.040  0.6799E+00  0.1471E+02
   8.060  0.6786E+00  0.1472E+02
   8.080  0.6748E+00  0.1474E+02
   8.100  0.6699E+00  0.1475E+02
   8.120  0.6659E+00  0.1476E+02
   8.140  0.6641E+00  0.1478E+02
   8.160  0.6650E+00  0.1479E+02
   8.180  0.6677E+00  0.1480E+02
   8.200  0.6701E+00  0.1482E+02
   8.220  0.6708E+00  0.1483E+02
   8.240  0.6688E+00  0.1484E+02
   8.260  0.6647E+00  0.1486E+02
   8.280  0.6602E+00  0.1487E+02
   8.300  0.6573E+00  0.1488E+02
   8.320  0.6569E+00  0.1490E+02
   8.340  0.6590E+00  0.1491E+02
   8.360  0.6621E+00  0.1492E+02
   8.380  0.6642E+00  0.1494E+02
   8.400  0.6641E+00  0.1495E+02
   8.420  0.6615E+00  0.1496E+02
   8.440  0.6576E+00  0.1498E+02
   8.460  0.6542E+00  0.1499E+02
   8.480  0.6526E+00  0.1500E+02
   8.500  0.6535E+00  0.1502E+02
   8.520  0.6562E+00  0.1503E+02
   8.540  0.6592E+00  0.1504E+02
   8.560  0.6608E+00  0.1506E+02
   8.580  0.6603E+00  0.1507E+02
   8.600  0.6581E+00  0.1508E+02
   8.620  0.6553E+00  0.1510E+02
   8.640  0.6535E+00  0.1511E+02
   8.660  0.6537E+00  0.1512E+02
   8.680  0.6559E+00  0.1513E+02
   8.700  0.6594E+00  0.1515E+02
   8.720  0.6629E+00  0.1516E+02
   8.740  0.6653E+00  0.1517E+02
   8.760  0.6664E+00  0.1519E+02
   8.780  0.6665E+00  0.1520E+02
   8.800  0.6666E+00  0.1521E+02
   8.820  0.6678E+00  0.1523E+02
   8.840  0.6713E+00  0.1524E+02
   8.860  0.6783E+00  0.1525E+02
   8.880  0.6894E+00  0.1527E+02
   8.900  0.7053E+00  0.1528E+02
   8.920  0.7264E+00  0.1530E+02
   8.940  0.7529E+00  0.1531E+02
   8.960  0.7846E+00  0.1533E+02
   8.980  0.8199E+00  0.1534E+02
   9.000  0.8560E+00  0.1536E+02
   9.020  0.8883E+00  0.1538E+02
   9.040  0.9116E+00  0.1540E+02
   9.060  0.9212E+00  0.1542E+02
   9.080  0.9143E+00  0.1543E+02
   9.100  0.8912E+00  0.1545E+02
   9.120  0.8550E+00  0.1547E+02
   9.140  0.8113E+00  0.1549E+02
   9.160  0.7659E+00  0.1550E+02
   9.180  0.7244E+00  0.1552E+02
   9.200  0.6901E+00  0.1553E+02
   9.220  0.6636E+00  0.1554E+02
   9.240  0.6434E+00  0.1555E+02
   9.260  0.6264E+00  0.1557E+02
   9.280  0.6095E+00  0.1558E+02
   9.300  0.5908E+00  0.1559E+02
   9.320  0.5704E+00  0.1560E+02
   9.340  0.5502E+00  0.1561E+02
   9.360  0.5328E+00  0.1562E+02
   9.380  0.5203E+00  0.1563E+02
   9.400  0.5131E+00  0.1565E+02
   9.420  0.5102E+00  0.1566E+02
   9.440  0.5094E+00  0.1567E+02
   9.460  0.5088E+00  0.1568E+02
   9.480  0.5077E+00  0.1569E+02
   9.500  0.5067E+00  0.1570E+02
   9.520  0.5071E+00  0.1571E+02
   9.540  0.5100E+00  0.1572E+02
   9.560  0.5148E+00  0.1573E+02
   9.580  0.5192E+00  0.1574E+02
   9.600  0.5200E+00  0.1575E+02
   9.620  0.5137E+00  0.1576E+02
   9.640  0.4986E+00  0.1577E+02
   9.660  0.4752E+00  0.1578E+02
   9.680  0.4458E+00  0.1579E+02
   9.700  0.4137E+00  0.1579E+02
   9.720  0.3821E+00  0.1580E+02
   9.740  0.3527E+00  0.1581E+02
   9.760  0.3263E+00  0.1582E+02
   9.780  0.3024E+00  0.1582E+02
   9.800  0.2808E+00  0.1583E+02
   9.820  0.2613E+00  0.1583E+02
   9.840  0.2443E+00  0.1584E+02
   9.860  0.2303E+00  0.1584E+02
   9.880  0.2197E+00  0.1585E+02
   9.900  0.2120E+00  0.1585E+02
   9.920  0.2060E+00  0.1585E+02
   9.940  0.2001E+00  0.1586E+02
   9.960  0.1933E+00  0.1586E+02
   9.980  0.1855E+00  0.1587E+02
  10.000  0.1777E+00  0.1587E+02
  10.020  0.1714E+00  0.1587E+02
  10.040  0.1677E+00  0.1588E+02
  10.060  0.1668E+00  0.1588E+02
  10.080  0.1670E+00  0.1588E+02
  10.100  0.1663E+00  0.1589E+02
  10.120  0.1632E+00  0.1589E+02
  10.140  0.1579E+00  0.1589E+02
  10.160  0.1518E+00  0.1590E+02
  10.180  0.1474E+00  0.1590E+02
  10.200  0.1460E+00  0.1590E+02
  10.220  0.1474E+00  0.1590E+02
  10.240  0.1496E+00  0.1591E+02
  10.260  0.1503E+00  0.1591E+02
  10.280  0.1480E+00  0.1591E+02
  10.300  0.1431E+00  0.1592E+02
  10.320  0.1376E+00  0.1592E+02
  10.340  0.1336E+00  0.1592E+02
  10.360  0.1323E+00  0.1592E+02
  10.380  0.1333E+00  0.1593E+02
  10.400  0.1347E+00  0.1593E+02
  10.420  0.1347E+00  0.1593E+02
  10.440  0.1324E+00  0.1594E+02
  10.460  0.1284E+00  0.1594E+02
  10.480  0.1240E+00  0.1594E+02
  10.500  0.1206E+00  0.1594E+02
  10.520  0.1188E+00  0.1595E+02
  10.540  0.1178E+00  0.1595E+02
  10.560  0.1167E+00  0.1595E+02
  10.580  0.1148E+00  0.1595E+02
  10.600  0.1120E+00  0.1595E+02
  10.620  0.1088E+00  0.1596E+02
  10.640  0.1060E+00  0.1596E+02
  10.660  0.1038E+00  0.1596E+02
  10.680  0.1019E+00  0.1596E+02
  10.700  0.9969E-01  0.1597E+02
  10.720  0.9684E-01  0.1597E+02
  10.740  0.9355E-01  0.1597E+02
  10.760  0.9038E-01  0.1597E+02
  10.780  0.8790E-01  0.1597E+02
  10.800  0.8623E-01  0.1597E+02
  10.820  0.8495E-01  0.1598E+02
  10.840  0.8338E-01  0.1598E+02
  10.860  0.8099E-01  0.1598E+02
  10.880  0.7780E-01  0.1598E+02
  10.900  0.7433E-01  0.1598E+02
  10.920  0.7128E-01  0.1598E+02
  10.940  0.6913E-01  0.1598E+02
  10.960  0.6781E-01  0.1599E+02
  10.980  0.6686E-01  0.1599E+02
  11.000  0.6574E-01  0.1599E+02
  11.020  0.6409E-01  0.1599E+02
  11.040  0.6191E-01  0.1599E+02
  11.060  0.5939E-01  0.1599E+02
  11.080  0.5661E-01  0.1599E+02
  11.100  0.5345E-01  0.1599E+02
  11.120  0.4963E-01  0.1600E+02
  11.140  0.4489E-01  0.1600E+02
  11.160  0.3922E-01  0.1600E+02
  11.180  0.3290E-01  0.1600E+02
  11.200  0.2642E-01  0.1600E+02
  11.220  0.2028E-01  0.1600E+02
  11.240  0.1485E-01  0.1600E+02
  11.260  0.1037E-01  0.1600E+02
  11.280  0.6871E-02  0.1600E+02
  11.300  0.4307E-02  0.1600E+02
  11.320  0.2541E-02  0.1600E+02
  11.340  0.1403E-02  0.1600E+02
  11.360  0.7224E-03  0.1600E+02
  11.380  0.3451E-03  0.1600E+02
  11.400  0.1526E-03  0.1600E+02
  11.420  0.6223E-04  0.1600E+02
  11.440  0.2338E-04  0.1600E+02
  11.460  0.8080E-05  0.1600E+02
  11.480  0.2565E-05  0.1600E+02
  11.500  0.7475E-06  0.1600E+02
  11.520  0.1999E-06  0.1600E+02
  11.540  0.4900E-07  0.1600E+02
  11.560  0.1101E-07  0.1600E+02
  11.580  0.2269E-08  0.1600E+02
  11.600  0.4283E-09  0.1600E+02
  11.620  0.7406E-10  0.1600E+02
  11.640  0.1173E-10  0.1600E+02
  11.660  0.1702E-11  0.1600E+02
  11.680  0.2263E-12  0.1600E+02
  11.700  0.2754E-13  0.1600E+02
  11.720  0.3070E-14  0.1600E+02
  11.740  0.3134E-15  0.1600E+02
  11.760  0.2930E-16  0.1600E+02
  11.780  0.2508E-17  0.1600E+02
  11.800  0.1966E-18  0.1600E+02
  11.820  0.1411E-19  0.1600E+02
  11.840  0.9276E-21  0.1600E+02
  11.860  0.5582E-22  0.1600E+02
  11.880  0.3076E-23  0.1600E+02
  11.900  0.1552E-24  0.1600E+02
  11.920  0.7170E-26  0.1600E+02
  11.940  0.3033E-27  0.1600E+02
  11.960  0.1175E-28  0.1600E+02
  11.980  0.4166E-30  0.1600E+02
  12.000  0.1353E-31  0.1600E+02
  12.020  0.4021E-33  0.1600E+02
  12.040  0.1095E-34  0.1600E+02
  12.060  0.2728E-36  0.1600E+02
  12.080  0.6225E-38  0.1600E+02
  12.100  0.1301E-39  0.1600E+02
  12.120  0.2488E-41  0.1600E+02
  12.140  0.4358E-43  0.1600E+02
  12.160  0.6988E-45  0.1600E+02
  12.180  0.1026E-46  0.1600E+02
  12.200  0.1379E-48  0.1600E+02
  12.220  0.1698E-50  0.1600E+02
  12.240  0.1913E-52  0.1600E+02
  12.260  0.1974E-54  0.1600E+02
  12.280  0.1865E-56  0.1600E+02
  12.300  0.1613E-58  0.1600E+02
  12.320  0.1277E-60  0.1600E+02
  12.340  0.9263E-63  0.1600E+02
  12.360  0.6149E-65  0.1600E+02
  12.380  0.3738E-67  0.1600E+02
  12.400  0.2080E-69  0.1600E+02
  12.420  0.1060E-71  0.1600E+02
  12.440  0.4945E-74  0.1600E+02
  12.460  0.2112E-76  0.1600E+02
  12.480  0.8260E-79  0.1600E+02
  12.500  0.2959E-81  0.1600E+02
  12.520  0.1101E-83  0.1600E+02
  12.540  0.1341E-84  0.1600E+02
  12.560  0.1312E-84  0.1600E+02
  12.580  0.1312E-84  0.1600E+02
  12.600  0.1312E-84  0.1600E+02
  12.620  0.1312E-84  0.1600E+02
  12.640  0.1312E-84  0.1600E+02
  12.660  0.1312E-84  0.1600E+02
  12.680  0.1312E-84  0.1600E+02
  12.700  0.1312E-84  0.1600E+02
  12.720  0.1312E-84  0.1600E+02
  12.740  0.1312E-84  0.1600E+02
  12.760  0.1312E-84  0.1600E+02
  12.780  0.1312E-84  0.1600E+02
  12.800  0.1312E-84  0.1600E+02
  12.820  0.1312E-84  0.1600E+02
  12.840  0.1312E-84  0.1600E+02
  12.860  0.1312E-84  0.1600E+02
  12.880  0.1312E-84  0.1600E+02
  12.900  0.1312E-84  0.1600E+02
  12.920  0.1312E-84  0.1600E+02
  12.940  0.1312E-84  0.1600E+02
  12.960  0.1312E-84  0.1600E+02
  12.980  0.1312E-84  0.1600E+02
  13.000  0.1312E-84  0.1600E+02
  13.020  0.1312E-84  0.1600E+02
  13.040  0.1312E-84  0.1600E+02
  13.060  0.1312E-84  0.1600E+02
  13.080  0.1312E-84  0.1600E+02
  13.100  0.1312E-84  0.1600E+02
  13.120  0.1312E-84  0.1600E+02
  13.140  0.1312E-84  0.1600E+02
  13.160  0.1312E-84  0.1600E+02
  13.180  0.1312E-84  0.1600E+02
  13.200  0.1312E-84  0.1600E+02
  13.220  0.1312E-84  0.1600E+02
  13.240  0.1312E-84  0.1600E+02
  13.260  0.1312E-84  0.1600E+02
  13.280  0.1312E-84  0.1600E+02
  13.300  0.1312E-84  0.1600E+02
  13.320  0.1312E-84  0.1600E+02
  13.340  0.1312E-84  0.1600E+02
  13.360  0.1312E-84  0.1600E+02
  13.380  0.1312E-84  0.1600E+02
  13.400  0.1312E-84  0.1600E+02
  13.420  0.1312E-84  0.1600E+02
  13.440  0.1312E-84  0.1600E+02
  13.460  0.1312E-84  0.1600E+02
  13.480  0.1312E-84  0.1600E+02
  13.500  0.1312E-84  0.1600E+02
  13.520  0.1312E-84  0.1600E+02
  13.540  0.1312E-84  0.1600E+02
  13.560  0.1312E-84  0.1600E+02
  13.580  0.1312E-84  0.1600E+02
  13.600  0.1312E-84  0.1600E+02
  13.620  0.1312E-84  0.1600E+02
  13.640  0.1312E-84  0.1600E+02
  13.660  0.1312E-84  0.1600E+02
  13.680  0.1312E-84  0.1600E+02
  13.700  0.1312E-84  0.1600E+02
  13.720  0.1312E-84  0.1600E+02
  13.740  0.1312E-84  0.1600E+02
  13.760  0.1312E-84  0.1600E+02
  13.780  0.1312E-84  0.1600E+02
  13.800  0.1312E-84  0.1600E+02
  13.820  0.1312E-84  0.1600E+02
  13.840  0.1312E-84  0.1600E+02
  13.860  0.1312E-84  0.1600E+02
  13.880  0.1312E-84  0.1600E+02
  13.900  0.1312E-84  0.1600E+02
  13.920  0.1312E-84  0.1600E+02
  13.940  0.1312E-84  0.1600E+02
  13.960  0.1312E-84  0.1600E+02
  13.980  0.1312E-84  0.1600E+02
  14.000  0.1312E-84  0.1600E+02
  14.020  0.1312E-84  0.1600E+02
  14.040  0.1312E-84  0.1600E+02
  14.060  0.1312E-84  0.1600E+02
  14.080  0.1312E-84  0.1600E+02
  14.100  0.1312E-84  0.1600E+02
  14.120  0.1312E-84  0.1600E+02
  14.140  0.1312E-84  0.1600E+02
  14.160  0.1312E-84  0.1600E+02
  14.180  0.1312E-84  0.1600E+02
  14.200  0.1312E-84  0.1600E+02
  14.220  0.1312E-84  0.1600E+02
  14.240  0.1312E-84  0.1600E+02
  14.260  0.1312E-84  0.1600E+02
  14.280  0.1312E-84  0.1600E+02
  14.300  0.1312E-84  0.1600E+02
  14.320  0.1312E-84  0.1600E+02
  14.340  0.1312E-84  0.1600E+02
  14.360  0.1312E-84  0.1600E+02
  14.380  0.1312E-84  0.1600E+02
  14.400  0.1312E-84  0.1600E+02
  14.420  0.1312E-84  0.1600E+02
  14.440  0.1312E-84  0.1600E+02
  14.460  0.1312E-84  0.1600E+02
  14.480  0.1312E-84  0.1600E+02
  14.500  0.1312E-84  0.1600E+02
  14.520  0.1312E-84  0.1600E+02
  14.540  0.1312E-84  0.1600E+02
  14.560  0.1312E-84  0.1600E+02
  14.580  0.1312E-84  0.1600E+02
  14.600  0.1312E-84  0.1600E+02
  14.620  0.1312E-84  0.1600E+02
  14.640  0.1312E-84  0.1600E+02
  14.660  0.1312E-84  0.1600E+02
  14.680  0.1312E-84  0.1600E+02
  14.700  0.1312E-84  0.1600E+02
  14.720  0.1312E-84  0.1600E+02
  14.740  0.1312E-84  0.1600E+02
  14.760  0.1312E-84  0.1600E+02
  14.780  0.1312E-84  0.1600E+02
  14.800  0.1312E-84  0.1600E+02
  14.820  0.1312E-84  0.1600E+02
  14.840  0.1312E-84  0.1600E+02
  14.860  0.1312E-84  0.1600E+02
  14.880  0.1312E-84  0.1600E+02
  14.900  0.1312E-84  0.1600E+02
  14.920  0.1312E-84  0.1600E+02
  14.940  0.1312E-84  0.1600E+02
  14.960  0.1312E-84  0.1600E+02
  14.980  0.1312E-84  0.1600E+02
  15.000  0.1312E-84  0.1600E+02
