#  E (eV)   dos(E)     Int dos(E) EFermi =   -1.691 eV
 -24.000  0.1312E-84  0.2623E-86
 -23.980  0.1312E-84  0.5247E-86
 -23.960  0.1312E-84  0.7870E-86
 -23.940  0.1312E-84  0.1049E-85
 -23.920  0.1312E-84  0.1312E-85
 -23.900  0.1312E-84  0.1574E-85
 -23.880  0.1312E-84  0.1836E-85
 -23.860  0.1312E-84  0.2099E-85
 -23.840  0.1312E-84  0.2361E-85
 -23.820  0.1312E-84  0.2623E-85
 -23.800  0.1312E-84  0.2886E-85
 -23.780  0.1312E-84  0.3148E-85
 -23.760  0.1312E-84  0.3410E-85
 -23.740  0.1312E-84  0.3673E-85
 -23.720  0.1312E-84  0.3935E-85
 -23.700  0.1312E-84  0.4197E-85
 -23.680  0.1312E-84  0.4460E-85
 -23.660  0.1312E-84  0.4722E-85
 -23.640  0.1312E-84  0.4984E-85
 -23.620  0.1312E-84  0.5247E-85
 -23.600  0.1312E-84  0.5509E-85
 -23.580  0.1312E-84  0.5771E-85
 -23.560  0.1312E-84  0.6034E-85
 -23.540  0.1312E-84  0.6296E-85
 -23.520  0.1312E-84  0.6558E-85
 -23.500  0.1312E-84  0.6821E-85
 -23.480  0.1312E-84  0.7083E-85
 -23.460  0.1312E-84  0.7345E-85
 -23.440  0.1312E-84  0.7608E-85
 -23.420  0.1312E-84  0.7870E-85
 -23.400  0.1312E-84  0.8132E-85
 -23.380  0.1312E-84  0.8395E-85
 -23.360  0.1312E-84  0.8657E-85
 -23.340  0.1312E-84  0.8919E-85
 -23.320  0.1312E-84  0.9182E-85
 -23.300  0.1312E-84  0.9444E-85
 -23.280  0.1312E-84  0.9706E-85
 -23.260  0.1312E-84  0.9969E-85
 -23.240  0.1312E-84  0.1023E-84
 -23.220  0.1312E-84  0.1049E-84
 -23.200  0.1312E-84  0.1076E-84
 -23.180  0.1312E-84  0.1102E-84
 -23.160  0.1312E-84  0.1128E-84
 -23.140  0.1312E-84  0.1154E-84
 -23.120  0.1312E-84  0.1181E-84
 -23.100  0.1312E-84  0.1207E-84
 -23.080  0.1312E-84  0.1233E-84
 -23.060  0.1312E-84  0.1259E-84
 -23.040  0.1312E-84  0.1285E-84
 -23.020  0.1312E-84  0.1312E-84
 -23.000  0.1312E-84  0.1338E-84
 -22.980  0.1312E-84  0.1364E-84
 -22.960  0.1312E-84  0.1390E-84
 -22.940  0.1312E-84  0.1417E-84
 -22.920  0.1312E-84  0.1443E-84
 -22.900  0.1312E-84  0.1469E-84
 -22.880  0.1312E-84  0.1495E-84
 -22.860  0.1312E-84  0.1522E-84
 -22.840  0.1312E-84  0.1548E-84
 -22.820  0.1312E-84  0.1574E-84
 -22.800  0.1312E-84  0.1600E-84
 -22.780  0.1312E-84  0.1626E-84
 -22.760  0.1312E-84  0.1653E-84
 -22.740  0.1312E-84  0.1679E-84
 -22.720  0.1312E-84  0.1705E-84
 -22.700  0.1312E-84  0.1731E-84
 -22.680  0.1312E-84  0.1758E-84
 -22.660  0.1312E-84  0.1784E-84
 -22.640  0.1312E-84  0.1810E-84
 -22.620  0.1312E-84  0.1836E-84
 -22.600  0.1312E-84  0.1863E-84
 -22.580  0.1312E-84  0.1889E-84
 -22.560  0.1312E-84  0.1915E-84
 -22.540  0.1318E-84  0.1941E-84
 -22.520  0.3820E-84  0.2018E-84
 -22.500  0.7948E-82  0.1791E-83
 -22.480  0.2297E-79  0.4613E-81
 -22.460  0.6092E-77  0.1223E-78
 -22.440  0.1479E-74  0.2971E-76
 -22.420  0.3290E-72  0.6610E-74
 -22.400  0.6701E-70  0.1347E-71
 -22.380  0.1250E-67  0.2513E-69
 -22.360  0.2135E-65  0.4296E-67
 -22.340  0.3341E-63  0.6725E-65
 -22.320  0.4787E-61  0.9642E-63
 -22.300  0.6283E-59  0.1266E-60
 -22.280  0.7552E-57  0.1523E-58
 -22.260  0.8314E-55  0.1678E-56
 -22.240  0.8383E-53  0.1693E-54
 -22.220  0.7742E-51  0.1565E-52
 -22.200  0.6549E-49  0.1325E-50
 -22.180  0.5074E-47  0.1028E-48
 -22.160  0.3601E-45  0.7304E-47
 -22.140  0.2341E-43  0.4754E-45
 -22.120  0.1394E-41  0.2835E-43
 -22.100  0.7601E-40  0.1549E-41
 -22.080  0.3798E-38  0.7750E-40
 -22.060  0.1738E-36  0.3554E-38
 -22.040  0.7287E-35  0.1493E-36
 -22.020  0.2799E-33  0.5747E-35
 -22.000  0.9848E-32  0.2027E-33
 -21.980  0.3175E-30  0.6552E-32
 -21.960  0.9376E-29  0.1941E-30
 -21.940  0.2537E-27  0.5268E-29
 -21.920  0.6290E-26  0.1311E-27
 -21.900  0.1429E-24  0.2988E-26
 -21.880  0.2974E-23  0.6247E-25
 -21.860  0.5672E-22  0.1197E-23
 -21.840  0.9914E-21  0.2103E-22
 -21.820  0.1588E-19  0.3386E-21
 -21.800  0.2331E-18  0.5001E-20
 -21.780  0.3137E-17  0.6774E-19
 -21.760  0.3869E-16  0.8416E-18
 -21.740  0.4374E-15  0.9591E-17
 -21.720  0.4534E-14  0.1003E-15
 -21.700  0.4309E-13  0.9621E-15
 -21.680  0.3755E-12  0.8472E-14
 -21.660  0.3001E-11  0.6848E-13
 -21.640  0.2199E-10  0.5083E-12
 -21.620  0.1479E-09  0.3466E-11
 -21.600  0.9120E-09  0.2171E-10
 -21.580  0.5162E-08  0.1250E-09
 -21.560  0.2682E-07  0.6613E-09
 -21.540  0.1279E-06  0.3219E-08
 -21.520  0.5602E-06  0.1442E-07
 -21.500  0.2254E-05  0.5950E-07
 -21.480  0.8331E-05  0.2261E-06
 -21.460  0.2831E-04  0.7924E-06
 -21.440  0.8851E-04  0.2563E-05
 -21.420  0.2546E-03  0.7655E-05
 -21.400  0.6746E-03  0.2115E-04
 -21.380  0.1647E-02  0.5409E-04
 -21.360  0.3711E-02  0.1283E-03
 -21.340  0.7724E-02  0.2828E-03
 -21.320  0.1487E-01  0.5802E-03
 -21.300  0.2654E-01  0.1111E-02
 -21.280  0.4397E-01  0.1990E-02
 -21.260  0.6786E-01  0.3348E-02
 -21.240  0.9783E-01  0.5304E-02
 -21.220  0.1323E+00  0.7950E-02
 -21.200  0.1686E+00  0.1132E-01
 -21.180  0.2036E+00  0.1539E-01
 -21.160  0.2346E+00  0.2009E-01
 -21.140  0.2597E+00  0.2528E-01
 -21.120  0.2784E+00  0.3085E-01
 -21.100  0.2911E+00  0.3667E-01
 -21.080  0.2990E+00  0.4265E-01
 -21.060  0.3036E+00  0.4873E-01
 -21.040  0.3060E+00  0.5485E-01
 -21.020  0.3072E+00  0.6099E-01
 -21.000  0.3078E+00  0.6715E-01
 -20.980  0.3080E+00  0.7331E-01
 -20.960  0.3082E+00  0.7947E-01
 -20.940  0.3083E+00  0.8564E-01
 -20.920  0.3084E+00  0.9180E-01
 -20.900  0.3084E+00  0.9797E-01
 -20.880  0.3085E+00  0.1041E+00
 -20.860  0.3086E+00  0.1103E+00
 -20.840  0.3086E+00  0.1165E+00
 -20.820  0.3087E+00  0.1227E+00
 -20.800  0.3088E+00  0.1288E+00
 -20.780  0.3088E+00  0.1350E+00
 -20.760  0.3089E+00  0.1412E+00
 -20.740  0.3090E+00  0.1474E+00
 -20.720  0.3091E+00  0.1536E+00
 -20.700  0.3091E+00  0.1597E+00
 -20.680  0.3092E+00  0.1659E+00
 -20.660  0.3093E+00  0.1721E+00
 -20.640  0.3093E+00  0.1783E+00
 -20.620  0.3094E+00  0.1845E+00
 -20.600  0.3095E+00  0.1907E+00
 -20.580  0.3096E+00  0.1969E+00
 -20.560  0.3096E+00  0.2031E+00
 -20.540  0.3097E+00  0.2092E+00
 -20.520  0.3098E+00  0.2154E+00
 -20.500  0.3099E+00  0.2216E+00
 -20.480  0.3099E+00  0.2278E+00
 -20.460  0.3100E+00  0.2340E+00
 -20.440  0.3101E+00  0.2402E+00
 -20.420  0.3102E+00  0.2464E+00
 -20.400  0.3102E+00  0.2527E+00
 -20.380  0.3103E+00  0.2589E+00
 -20.360  0.3104E+00  0.2651E+00
 -20.340  0.3105E+00  0.2713E+00
 -20.320  0.3106E+00  0.2775E+00
 -20.300  0.3106E+00  0.2837E+00
 -20.280  0.3107E+00  0.2899E+00
 -20.260  0.3108E+00  0.2961E+00
 -20.240  0.3109E+00  0.3023E+00
 -20.220  0.3110E+00  0.3086E+00
 -20.200  0.3110E+00  0.3148E+00
 -20.180  0.3111E+00  0.3210E+00
 -20.160  0.3112E+00  0.3272E+00
 -20.140  0.3113E+00  0.3335E+00
 -20.120  0.3114E+00  0.3397E+00
 -20.100  0.3114E+00  0.3459E+00
 -20.080  0.3115E+00  0.3521E+00
 -20.060  0.3116E+00  0.3584E+00
 -20.040  0.3117E+00  0.3646E+00
 -20.020  0.3118E+00  0.3708E+00
 -20.000  0.3119E+00  0.3771E+00
 -19.980  0.3119E+00  0.3833E+00
 -19.960  0.3120E+00  0.3896E+00
 -19.940  0.3121E+00  0.3958E+00
 -19.920  0.3122E+00  0.4020E+00
 -19.900  0.3123E+00  0.4083E+00
 -19.880  0.3124E+00  0.4145E+00
 -19.860  0.3125E+00  0.4208E+00
 -19.840  0.3126E+00  0.4270E+00
 -19.820  0.3126E+00  0.4333E+00
 -19.800  0.3127E+00  0.4395E+00
 -19.780  0.3128E+00  0.4458E+00
 -19.760  0.3129E+00  0.4521E+00
 -19.740  0.3130E+00  0.4583E+00
 -19.720  0.3131E+00  0.4646E+00
 -19.700  0.3132E+00  0.4709E+00
 -19.680  0.3133E+00  0.4771E+00
 -19.660  0.3134E+00  0.4834E+00
 -19.640  0.3135E+00  0.4897E+00
 -19.620  0.3136E+00  0.4959E+00
 -19.600  0.3137E+00  0.5022E+00
 -19.580  0.3137E+00  0.5085E+00
 -19.560  0.3138E+00  0.5147E+00
 -19.540  0.3139E+00  0.5210E+00
 -19.520  0.3140E+00  0.5273E+00
 -19.500  0.3141E+00  0.5336E+00
 -19.480  0.3142E+00  0.5399E+00
 -19.460  0.3143E+00  0.5462E+00
 -19.440  0.3144E+00  0.5525E+00
 -19.420  0.3145E+00  0.5587E+00
 -19.400  0.3146E+00  0.5650E+00
 -19.380  0.3147E+00  0.5713E+00
 -19.360  0.3148E+00  0.5776E+00
 -19.340  0.3149E+00  0.5839E+00
 -19.320  0.3150E+00  0.5902E+00
 -19.300  0.3151E+00  0.5965E+00
 -19.280  0.3152E+00  0.6028E+00
 -19.260  0.3153E+00  0.6091E+00
 -19.240  0.3154E+00  0.6154E+00
 -19.220  0.3155E+00  0.6218E+00
 -19.200  0.3157E+00  0.6281E+00
 -19.180  0.3158E+00  0.6344E+00
 -19.160  0.3159E+00  0.6407E+00
 -19.140  0.3160E+00  0.6470E+00
 -19.120  0.3161E+00  0.6533E+00
 -19.100  0.3162E+00  0.6597E+00
 -19.080  0.3163E+00  0.6660E+00
 -19.060  0.3164E+00  0.6723E+00
 -19.040  0.3165E+00  0.6787E+00
 -19.020  0.3167E+00  0.6850E+00
 -19.000  0.3168E+00  0.6913E+00
 -18.980  0.3169E+00  0.6977E+00
 -18.960  0.3170E+00  0.7040E+00
 -18.940  0.3171E+00  0.7103E+00
 -18.920  0.3172E+00  0.7167E+00
 -18.900  0.3174E+00  0.7230E+00
 -18.880  0.3175E+00  0.7294E+00
 -18.860  0.3176E+00  0.7357E+00
 -18.840  0.3177E+00  0.7421E+00
 -18.820  0.3178E+00  0.7484E+00
 -18.800  0.3180E+00  0.7548E+00
 -18.780  0.3181E+00  0.7612E+00
 -18.760  0.3182E+00  0.7675E+00
 -18.740  0.3183E+00  0.7739E+00
 -18.720  0.3185E+00  0.7803E+00
 -18.700  0.3186E+00  0.7866E+00
 -18.680  0.3187E+00  0.7930E+00
 -18.660  0.3189E+00  0.7994E+00
 -18.640  0.3190E+00  0.8058E+00
 -18.620  0.3191E+00  0.8122E+00
 -18.600  0.3193E+00  0.8185E+00
 -18.580  0.3194E+00  0.8249E+00
 -18.560  0.3195E+00  0.8313E+00
 -18.540  0.3197E+00  0.8377E+00
 -18.520  0.3198E+00  0.8441E+00
 -18.500  0.3199E+00  0.8505E+00
 -18.480  0.3201E+00  0.8569E+00
 -18.460  0.3202E+00  0.8633E+00
 -18.440  0.3204E+00  0.8697E+00
 -18.420  0.3205E+00  0.8761E+00
 -18.400  0.3207E+00  0.8825E+00
 -18.380  0.3208E+00  0.8890E+00
 -18.360  0.3210E+00  0.8954E+00
 -18.340  0.3211E+00  0.9018E+00
 -18.320  0.3213E+00  0.9082E+00
 -18.300  0.3214E+00  0.9147E+00
 -18.280  0.3216E+00  0.9211E+00
 -18.260  0.3217E+00  0.9275E+00
 -18.240  0.3219E+00  0.9340E+00
 -18.220  0.3220E+00  0.9404E+00
 -18.200  0.3222E+00  0.9468E+00
 -18.180  0.3224E+00  0.9533E+00
 -18.160  0.3225E+00  0.9597E+00
 -18.140  0.3227E+00  0.9662E+00
 -18.120  0.3229E+00  0.9727E+00
 -18.100  0.3230E+00  0.9791E+00
 -18.080  0.3232E+00  0.9856E+00
 -18.060  0.3234E+00  0.9920E+00
 -18.040  0.3236E+00  0.9985E+00
 -18.020  0.3238E+00  0.1005E+01
 -18.000  0.3239E+00  0.1011E+01
 -17.980  0.3241E+00  0.1018E+01
 -17.960  0.3243E+00  0.1024E+01
 -17.940  0.3245E+00  0.1031E+01
 -17.920  0.3247E+00  0.1037E+01
 -17.900  0.3249E+00  0.1044E+01
 -17.880  0.3251E+00  0.1050E+01
 -17.860  0.3253E+00  0.1057E+01
 -17.840  0.3255E+00  0.1063E+01
 -17.820  0.3257E+00  0.1070E+01
 -17.800  0.3259E+00  0.1076E+01
 -17.780  0.3261E+00  0.1083E+01
 -17.760  0.3263E+00  0.1090E+01
 -17.740  0.3265E+00  0.1096E+01
 -17.720  0.3267E+00  0.1103E+01
 -17.700  0.3270E+00  0.1109E+01
 -17.680  0.3272E+00  0.1116E+01
 -17.660  0.3274E+00  0.1122E+01
 -17.640  0.3277E+00  0.1129E+01
 -17.620  0.3279E+00  0.1135E+01
 -17.600  0.3281E+00  0.1142E+01
 -17.580  0.3284E+00  0.1148E+01
 -17.560  0.3287E+00  0.1155E+01
 -17.540  0.3289E+00  0.1162E+01
 -17.520  0.3291E+00  0.1168E+01
 -17.500  0.3294E+00  0.1175E+01
 -17.480  0.3297E+00  0.1181E+01
 -17.460  0.3300E+00  0.1188E+01
 -17.440  0.3302E+00  0.1195E+01
 -17.420  0.3305E+00  0.1201E+01
 -17.400  0.3308E+00  0.1208E+01
 -17.380  0.3311E+00  0.1214E+01
 -17.360  0.3314E+00  0.1221E+01
 -17.340  0.3317E+00  0.1228E+01
 -17.320  0.3320E+00  0.1234E+01
 -17.300  0.3323E+00  0.1241E+01
 -17.280  0.3326E+00  0.1248E+01
 -17.260  0.3330E+00  0.1254E+01
 -17.240  0.3333E+00  0.1261E+01
 -17.220  0.3337E+00  0.1268E+01
 -17.200  0.3340E+00  0.1274E+01
 -17.180  0.3344E+00  0.1281E+01
 -17.160  0.3348E+00  0.1288E+01
 -17.140  0.3352E+00  0.1294E+01
 -17.120  0.3355E+00  0.1301E+01
 -17.100  0.3359E+00  0.1308E+01
 -17.080  0.3363E+00  0.1315E+01
 -17.060  0.3367E+00  0.1321E+01
 -17.040  0.3372E+00  0.1328E+01
 -17.020  0.3377E+00  0.1335E+01
 -17.000  0.3381E+00  0.1342E+01
 -16.980  0.3385E+00  0.1348E+01
 -16.960  0.3390E+00  0.1355E+01
 -16.940  0.3396E+00  0.1362E+01
 -16.920  0.3401E+00  0.1369E+01
 -16.900  0.3406E+00  0.1375E+01
 -16.880  0.3411E+00  0.1382E+01
 -16.860  0.3417E+00  0.1389E+01
 -16.840  0.3423E+00  0.1396E+01
 -16.820  0.3429E+00  0.1403E+01
 -16.800  0.3435E+00  0.1410E+01
 -16.780  0.3442E+00  0.1417E+01
 -16.760  0.3448E+00  0.1424E+01
 -16.740  0.3455E+00  0.1430E+01
 -16.720  0.3463E+00  0.1437E+01
 -16.700  0.3471E+00  0.1444E+01
 -16.680  0.3478E+00  0.1451E+01
 -16.660  0.3486E+00  0.1458E+01
 -16.640  0.3495E+00  0.1465E+01
 -16.620  0.3504E+00  0.1472E+01
 -16.600  0.3514E+00  0.1479E+01
 -16.580  0.3524E+00  0.1486E+01
 -16.560  0.3534E+00  0.1493E+01
 -16.540  0.3545E+00  0.1500E+01
 -16.520  0.3557E+00  0.1508E+01
 -16.500  0.3569E+00  0.1515E+01
 -16.480  0.3583E+00  0.1522E+01
 -16.460  0.3596E+00  0.1529E+01
 -16.440  0.3610E+00  0.1536E+01
 -16.420  0.3626E+00  0.1544E+01
 -16.400  0.3643E+00  0.1551E+01
 -16.380  0.3662E+00  0.1558E+01
 -16.360  0.3682E+00  0.1565E+01
 -16.340  0.3702E+00  0.1573E+01
 -16.320  0.3725E+00  0.1580E+01
 -16.300  0.3750E+00  0.1588E+01
 -16.280  0.3778E+00  0.1595E+01
 -16.260  0.3810E+00  0.1603E+01
 -16.240  0.3844E+00  0.1611E+01
 -16.220  0.3883E+00  0.1618E+01
 -16.200  0.3927E+00  0.1626E+01
 -16.180  0.3980E+00  0.1634E+01
 -16.160  0.4044E+00  0.1642E+01
 -16.140  0.4119E+00  0.1651E+01
 -16.120  0.4209E+00  0.1659E+01
 -16.100  0.4314E+00  0.1668E+01
 -16.080  0.4434E+00  0.1677E+01
 -16.060  0.4562E+00  0.1686E+01
 -16.040  0.4683E+00  0.1695E+01
 -16.020  0.4781E+00  0.1705E+01
 -16.000  0.4836E+00  0.1714E+01
 -15.980  0.4835E+00  0.1724E+01
 -15.960  0.4770E+00  0.1733E+01
 -15.940  0.4647E+00  0.1743E+01
 -15.920  0.4477E+00  0.1752E+01
 -15.900  0.4280E+00  0.1760E+01
 -15.880  0.4074E+00  0.1768E+01
 -15.860  0.3875E+00  0.1776E+01
 -15.840  0.3693E+00  0.1784E+01
 -15.820  0.3531E+00  0.1791E+01
 -15.800  0.3387E+00  0.1797E+01
 -15.780  0.3260E+00  0.1804E+01
 -15.760  0.3145E+00  0.1810E+01
 -15.740  0.3043E+00  0.1816E+01
 -15.720  0.2949E+00  0.1822E+01
 -15.700  0.2863E+00  0.1828E+01
 -15.680  0.2781E+00  0.1833E+01
 -15.660  0.2703E+00  0.1839E+01
 -15.640  0.2630E+00  0.1844E+01
 -15.620  0.2560E+00  0.1849E+01
 -15.600  0.2495E+00  0.1854E+01
 -15.580  0.2432E+00  0.1859E+01
 -15.560  0.2371E+00  0.1864E+01
 -15.540  0.2311E+00  0.1868E+01
 -15.520  0.2254E+00  0.1873E+01
 -15.500  0.2200E+00  0.1877E+01
 -15.480  0.2147E+00  0.1882E+01
 -15.460  0.2096E+00  0.1886E+01
 -15.440  0.2045E+00  0.1890E+01
 -15.420  0.1996E+00  0.1894E+01
 -15.400  0.1948E+00  0.1898E+01
 -15.380  0.1902E+00  0.1902E+01
 -15.360  0.1858E+00  0.1905E+01
 -15.340  0.1813E+00  0.1909E+01
 -15.320  0.1769E+00  0.1913E+01
 -15.300  0.1726E+00  0.1916E+01
 -15.280  0.1685E+00  0.1919E+01
 -15.260  0.1645E+00  0.1923E+01
 -15.240  0.1605E+00  0.1926E+01
 -15.220  0.1565E+00  0.1929E+01
 -15.200  0.1525E+00  0.1932E+01
 -15.180  0.1487E+00  0.1935E+01
 -15.160  0.1451E+00  0.1938E+01
 -15.140  0.1416E+00  0.1941E+01
 -15.120  0.1383E+00  0.1944E+01
 -15.100  0.1355E+00  0.1946E+01
 -15.080  0.1338E+00  0.1949E+01
 -15.060  0.1337E+00  0.1952E+01
 -15.040  0.1363E+00  0.1954E+01
 -15.020  0.1425E+00  0.1957E+01
 -15.000  0.1532E+00  0.1960E+01
 -14.980  0.1688E+00  0.1964E+01
 -14.960  0.1890E+00  0.1967E+01
 -14.940  0.2124E+00  0.1972E+01
 -14.920  0.2369E+00  0.1976E+01
 -14.900  0.2604E+00  0.1982E+01
 -14.880  0.2809E+00  0.1987E+01
 -14.860  0.2972E+00  0.1993E+01
 -14.840  0.3093E+00  0.1999E+01
 -14.820  0.3173E+00  0.2006E+01
 -14.800  0.3223E+00  0.2012E+01
 -14.780  0.3251E+00  0.2019E+01
 -14.760  0.3267E+00  0.2025E+01
 -14.740  0.3275E+00  0.2032E+01
 -14.720  0.3279E+00  0.2038E+01
 -14.700  0.3281E+00  0.2045E+01
 -14.680  0.3283E+00  0.2051E+01
 -14.660  0.3285E+00  0.2058E+01
 -14.640  0.3286E+00  0.2065E+01
 -14.620  0.3288E+00  0.2071E+01
 -14.600  0.3289E+00  0.2078E+01
 -14.580  0.3291E+00  0.2084E+01
 -14.560  0.3292E+00  0.2091E+01
 -14.540  0.3294E+00  0.2097E+01
 -14.520  0.3295E+00  0.2104E+01
 -14.500  0.3297E+00  0.2111E+01
 -14.480  0.3298E+00  0.2117E+01
 -14.460  0.3300E+00  0.2124E+01
 -14.440  0.3303E+00  0.2130E+01
 -14.420  0.3307E+00  0.2137E+01
 -14.400  0.3313E+00  0.2144E+01
 -14.380  0.3323E+00  0.2150E+01
 -14.360  0.3338E+00  0.2157E+01
 -14.340  0.3362E+00  0.2164E+01
 -14.320  0.3396E+00  0.2170E+01
 -14.300  0.3443E+00  0.2177E+01
 -14.280  0.3505E+00  0.2184E+01
 -14.260  0.3584E+00  0.2192E+01
 -14.240  0.3683E+00  0.2199E+01
 -14.220  0.3801E+00  0.2207E+01
 -14.200  0.3939E+00  0.2214E+01
 -14.180  0.4096E+00  0.2223E+01
 -14.160  0.4266E+00  0.2231E+01
 -14.140  0.4439E+00  0.2240E+01
 -14.120  0.4602E+00  0.2249E+01
 -14.100  0.4738E+00  0.2259E+01
 -14.080  0.4831E+00  0.2268E+01
 -14.060  0.4871E+00  0.2278E+01
 -14.040  0.4858E+00  0.2288E+01
 -14.020  0.4797E+00  0.2297E+01
 -14.000  0.4702E+00  0.2307E+01
 -13.980  0.4590E+00  0.2316E+01
 -13.960  0.4475E+00  0.2325E+01
 -13.940  0.4366E+00  0.2334E+01
 -13.920  0.4269E+00  0.2342E+01
 -13.900  0.4185E+00  0.2351E+01
 -13.880  0.4113E+00  0.2359E+01
 -13.860  0.4051E+00  0.2367E+01
 -13.840  0.3997E+00  0.2375E+01
 -13.820  0.3948E+00  0.2383E+01
 -13.800  0.3905E+00  0.2391E+01
 -13.780  0.3865E+00  0.2398E+01
 -13.760  0.3827E+00  0.2406E+01
 -13.740  0.3793E+00  0.2414E+01
 -13.720  0.3760E+00  0.2421E+01
 -13.700  0.3729E+00  0.2429E+01
 -13.680  0.3700E+00  0.2436E+01
 -13.660  0.3672E+00  0.2443E+01
 -13.640  0.3645E+00  0.2451E+01
 -13.620  0.3619E+00  0.2458E+01
 -13.600  0.3594E+00  0.2465E+01
 -13.580  0.3570E+00  0.2472E+01
 -13.560  0.3547E+00  0.2479E+01
 -13.540  0.3525E+00  0.2486E+01
 -13.520  0.3503E+00  0.2493E+01
 -13.500  0.3482E+00  0.2500E+01
 -13.480  0.3461E+00  0.2507E+01
 -13.460  0.3441E+00  0.2514E+01
 -13.440  0.3421E+00  0.2521E+01
 -13.420  0.3402E+00  0.2528E+01
 -13.400  0.3383E+00  0.2534E+01
 -13.380  0.3365E+00  0.2541E+01
 -13.360  0.3347E+00  0.2548E+01
 -13.340  0.3329E+00  0.2555E+01
 -13.320  0.3312E+00  0.2561E+01
 -13.300  0.3295E+00  0.2568E+01
 -13.280  0.3278E+00  0.2574E+01
 -13.260  0.3262E+00  0.2581E+01
 -13.240  0.3246E+00  0.2587E+01
 -13.220  0.3230E+00  0.2594E+01
 -13.200  0.3214E+00  0.2600E+01
 -13.180  0.3199E+00  0.2607E+01
 -13.160  0.3184E+00  0.2613E+01
 -13.140  0.3169E+00  0.2619E+01
 -13.120  0.3154E+00  0.2626E+01
 -13.100  0.3139E+00  0.2632E+01
 -13.080  0.3125E+00  0.2638E+01
 -13.060  0.3111E+00  0.2644E+01
 -13.040  0.3097E+00  0.2651E+01
 -13.020  0.3083E+00  0.2657E+01
 -13.000  0.3069E+00  0.2663E+01
 -12.980  0.3056E+00  0.2669E+01
 -12.960  0.3042E+00  0.2675E+01
 -12.940  0.3029E+00  0.2681E+01
 -12.920  0.3016E+00  0.2687E+01
 -12.900  0.3003E+00  0.2693E+01
 -12.880  0.2990E+00  0.2699E+01
 -12.860  0.2978E+00  0.2705E+01
 -12.840  0.2965E+00  0.2711E+01
 -12.820  0.2953E+00  0.2717E+01
 -12.800  0.2940E+00  0.2723E+01
 -12.780  0.2928E+00  0.2729E+01
 -12.760  0.2916E+00  0.2735E+01
 -12.740  0.2904E+00  0.2740E+01
 -12.720  0.2892E+00  0.2746E+01
 -12.700  0.2880E+00  0.2752E+01
 -12.680  0.2869E+00  0.2758E+01
 -12.660  0.2857E+00  0.2763E+01
 -12.640  0.2846E+00  0.2769E+01
 -12.620  0.2834E+00  0.2775E+01
 -12.600  0.2823E+00  0.2780E+01
 -12.580  0.2812E+00  0.2786E+01
 -12.560  0.2801E+00  0.2792E+01
 -12.540  0.2790E+00  0.2797E+01
 -12.520  0.2779E+00  0.2803E+01
 -12.500  0.2768E+00  0.2808E+01
 -12.480  0.2758E+00  0.2814E+01
 -12.460  0.2748E+00  0.2819E+01
 -12.440  0.2739E+00  0.2825E+01
 -12.420  0.2732E+00  0.2830E+01
 -12.400  0.2728E+00  0.2836E+01
 -12.380  0.2732E+00  0.2841E+01
 -12.360  0.2746E+00  0.2847E+01
 -12.340  0.2775E+00  0.2852E+01
 -12.320  0.2822E+00  0.2858E+01
 -12.300  0.2889E+00  0.2864E+01
 -12.280  0.2975E+00  0.2870E+01
 -12.260  0.3074E+00  0.2876E+01
 -12.240  0.3177E+00  0.2882E+01
 -12.220  0.3276E+00  0.2889E+01
 -12.200  0.3363E+00  0.2895E+01
 -12.180  0.3433E+00  0.2902E+01
 -12.160  0.3485E+00  0.2909E+01
 -12.140  0.3521E+00  0.2916E+01
 -12.120  0.3544E+00  0.2923E+01
 -12.100  0.3558E+00  0.2930E+01
 -12.080  0.3568E+00  0.2938E+01
 -12.060  0.3574E+00  0.2945E+01
 -12.040  0.3578E+00  0.2952E+01
 -12.020  0.3582E+00  0.2959E+01
 -12.000  0.3586E+00  0.2966E+01
 -11.980  0.3589E+00  0.2973E+01
 -11.960  0.3593E+00  0.2981E+01
 -11.940  0.3597E+00  0.2988E+01
 -11.920  0.3600E+00  0.2995E+01
 -11.900  0.3604E+00  0.3002E+01
 -11.880  0.3608E+00  0.3009E+01
 -11.860  0.3611E+00  0.3017E+01
 -11.840  0.3615E+00  0.3024E+01
 -11.820  0.3619E+00  0.3031E+01
 -11.800  0.3623E+00  0.3038E+01
 -11.780  0.3626E+00  0.3046E+01
 -11.760  0.3630E+00  0.3053E+01
 -11.740  0.3634E+00  0.3060E+01
 -11.720  0.3638E+00  0.3067E+01
 -11.700  0.3642E+00  0.3075E+01
 -11.680  0.3646E+00  0.3082E+01
 -11.660  0.3650E+00  0.3089E+01
 -11.640  0.3654E+00  0.3097E+01
 -11.620  0.3658E+00  0.3104E+01
 -11.600  0.3663E+00  0.3111E+01
 -11.580  0.3667E+00  0.3118E+01
 -11.560  0.3671E+00  0.3126E+01
 -11.540  0.3675E+00  0.3133E+01
 -11.520  0.3679E+00  0.3141E+01
 -11.500  0.3684E+00  0.3148E+01
 -11.480  0.3688E+00  0.3155E+01
 -11.460  0.3692E+00  0.3163E+01
 -11.440  0.3697E+00  0.3170E+01
 -11.420  0.3701E+00  0.3177E+01
 -11.400  0.3706E+00  0.3185E+01
 -11.380  0.3711E+00  0.3192E+01
 -11.360  0.3715E+00  0.3200E+01
 -11.340  0.3720E+00  0.3207E+01
 -11.320  0.3724E+00  0.3215E+01
 -11.300  0.3729E+00  0.3222E+01
 -11.280  0.3734E+00  0.3230E+01
 -11.260  0.3739E+00  0.3237E+01
 -11.240  0.3744E+00  0.3245E+01
 -11.220  0.3748E+00  0.3252E+01
 -11.200  0.3753E+00  0.3260E+01
 -11.180  0.3758E+00  0.3267E+01
 -11.160  0.3764E+00  0.3275E+01
 -11.140  0.3770E+00  0.3282E+01
 -11.120  0.3775E+00  0.3290E+01
 -11.100  0.3779E+00  0.3297E+01
 -11.080  0.3783E+00  0.3305E+01
 -11.060  0.3789E+00  0.3312E+01
 -11.040  0.3796E+00  0.3320E+01
 -11.020  0.3802E+00  0.3328E+01
 -11.000  0.3807E+00  0.3335E+01
 -10.980  0.3811E+00  0.3343E+01
 -10.960  0.3816E+00  0.3350E+01
 -10.940  0.3822E+00  0.3358E+01
 -10.920  0.3829E+00  0.3366E+01
 -10.900  0.3836E+00  0.3373E+01
 -10.880  0.3841E+00  0.3381E+01
 -10.860  0.3846E+00  0.3389E+01
 -10.840  0.3851E+00  0.3396E+01
 -10.820  0.3857E+00  0.3404E+01
 -10.800  0.3865E+00  0.3412E+01
 -10.780  0.3872E+00  0.3420E+01
 -10.760  0.3878E+00  0.3427E+01
 -10.740  0.3883E+00  0.3435E+01
 -10.720  0.3888E+00  0.3443E+01
 -10.700  0.3895E+00  0.3451E+01
 -10.680  0.3903E+00  0.3459E+01
 -10.660  0.3911E+00  0.3466E+01
 -10.640  0.3917E+00  0.3474E+01
 -10.620  0.3922E+00  0.3482E+01
 -10.600  0.3927E+00  0.3490E+01
 -10.580  0.3935E+00  0.3498E+01
 -10.560  0.3943E+00  0.3506E+01
 -10.540  0.3952E+00  0.3514E+01
 -10.520  0.3959E+00  0.3521E+01
 -10.500  0.3964E+00  0.3529E+01
 -10.480  0.3970E+00  0.3537E+01
 -10.460  0.3978E+00  0.3545E+01
 -10.440  0.3986E+00  0.3553E+01
 -10.420  0.3995E+00  0.3561E+01
 -10.400  0.4003E+00  0.3569E+01
 -10.380  0.4010E+00  0.3577E+01
 -10.360  0.4016E+00  0.3585E+01
 -10.340  0.4024E+00  0.3593E+01
 -10.320  0.4033E+00  0.3601E+01
 -10.300  0.4043E+00  0.3610E+01
 -10.280  0.4051E+00  0.3618E+01
 -10.260  0.4058E+00  0.3626E+01
 -10.240  0.4066E+00  0.3634E+01
 -10.220  0.4074E+00  0.3642E+01
 -10.200  0.4083E+00  0.3650E+01
 -10.180  0.4093E+00  0.3658E+01
 -10.160  0.4103E+00  0.3667E+01
 -10.140  0.4111E+00  0.3675E+01
 -10.120  0.4119E+00  0.3683E+01
 -10.100  0.4128E+00  0.3691E+01
 -10.080  0.4138E+00  0.3700E+01
 -10.060  0.4149E+00  0.3708E+01
 -10.040  0.4159E+00  0.3716E+01
 -10.020  0.4168E+00  0.3725E+01
 -10.000  0.4177E+00  0.3733E+01
  -9.980  0.4186E+00  0.3741E+01
  -9.960  0.4197E+00  0.3750E+01
  -9.940  0.4208E+00  0.3758E+01
  -9.920  0.4219E+00  0.3766E+01
  -9.900  0.4229E+00  0.3775E+01
  -9.880  0.4240E+00  0.3783E+01
  -9.860  0.4250E+00  0.3792E+01
  -9.840  0.4262E+00  0.3800E+01
  -9.820  0.4274E+00  0.3809E+01
  -9.800  0.4286E+00  0.3818E+01
  -9.780  0.4297E+00  0.3826E+01
  -9.760  0.4308E+00  0.3835E+01
  -9.740  0.4320E+00  0.3843E+01
  -9.720  0.4333E+00  0.3852E+01
  -9.700  0.4346E+00  0.3861E+01
  -9.680  0.4359E+00  0.3869E+01
  -9.660  0.4371E+00  0.3878E+01
  -9.640  0.4384E+00  0.3887E+01
  -9.620  0.4397E+00  0.3896E+01
  -9.600  0.4411E+00  0.3905E+01
  -9.580  0.4426E+00  0.3913E+01
  -9.560  0.4439E+00  0.3922E+01
  -9.540  0.4453E+00  0.3931E+01
  -9.520  0.4469E+00  0.3940E+01
  -9.500  0.4487E+00  0.3949E+01
  -9.480  0.4510E+00  0.3958E+01
  -9.460  0.4541E+00  0.3967E+01
  -9.440  0.4585E+00  0.3976E+01
  -9.420  0.4655E+00  0.3986E+01
  -9.400  0.4761E+00  0.3995E+01
  -9.380  0.4915E+00  0.4005E+01
  -9.360  0.5122E+00  0.4015E+01
  -9.340  0.5381E+00  0.4026E+01
  -9.320  0.5680E+00  0.4037E+01
  -9.300  0.6001E+00  0.4049E+01
  -9.280  0.6317E+00  0.4062E+01
  -9.260  0.6603E+00  0.4075E+01
  -9.240  0.6843E+00  0.4089E+01
  -9.220  0.7028E+00  0.4103E+01
  -9.200  0.7162E+00  0.4117E+01
  -9.180  0.7256E+00  0.4132E+01
  -9.160  0.7320E+00  0.4147E+01
  -9.140  0.7366E+00  0.4161E+01
  -9.120  0.7400E+00  0.4176E+01
  -9.100  0.7428E+00  0.4191E+01
  -9.080  0.7453E+00  0.4206E+01
  -9.060  0.7479E+00  0.4221E+01
  -9.040  0.7505E+00  0.4236E+01
  -9.020  0.7532E+00  0.4251E+01
  -9.000  0.7559E+00  0.4266E+01
  -8.980  0.7586E+00  0.4281E+01
  -8.960  0.7614E+00  0.4296E+01
  -8.940  0.7642E+00  0.4312E+01
  -8.920  0.7672E+00  0.4327E+01
  -8.900  0.7704E+00  0.4342E+01
  -8.880  0.7736E+00  0.4358E+01
  -8.860  0.7768E+00  0.4373E+01
  -8.840  0.7801E+00  0.4389E+01
  -8.820  0.7835E+00  0.4405E+01
  -8.800  0.7871E+00  0.4420E+01
  -8.780  0.7909E+00  0.4436E+01
  -8.760  0.7948E+00  0.4452E+01
  -8.740  0.7987E+00  0.4468E+01
  -8.720  0.8028E+00  0.4484E+01
  -8.700  0.8070E+00  0.4500E+01
  -8.680  0.8114E+00  0.4517E+01
  -8.660  0.8161E+00  0.4533E+01
  -8.640  0.8210E+00  0.4549E+01
  -8.620  0.8260E+00  0.4566E+01
  -8.600  0.8312E+00  0.4582E+01
  -8.580  0.8367E+00  0.4599E+01
  -8.560  0.8425E+00  0.4616E+01
  -8.540  0.8487E+00  0.4633E+01
  -8.520  0.8552E+00  0.4650E+01
  -8.500  0.8621E+00  0.4667E+01
  -8.480  0.8693E+00  0.4685E+01
  -8.460  0.8769E+00  0.4702E+01
  -8.440  0.8852E+00  0.4720E+01
  -8.420  0.8942E+00  0.4738E+01
  -8.400  0.9040E+00  0.4756E+01
  -8.380  0.9146E+00  0.4774E+01
  -8.360  0.9263E+00  0.4793E+01
  -8.340  0.9394E+00  0.4812E+01
  -8.320  0.9544E+00  0.4831E+01
  -8.300  0.9716E+00  0.4850E+01
  -8.280  0.9918E+00  0.4870E+01
  -8.260  0.1015E+01  0.4890E+01
  -8.240  0.1042E+01  0.4911E+01
  -8.220  0.1071E+01  0.4932E+01
  -8.200  0.1102E+01  0.4954E+01
  -8.180  0.1131E+01  0.4977E+01
  -8.160  0.1154E+01  0.5000E+01
  -8.140  0.1170E+01  0.5024E+01
  -8.120  0.1173E+01  0.5047E+01
  -8.100  0.1165E+01  0.5070E+01
  -8.080  0.1146E+01  0.5093E+01
  -8.060  0.1119E+01  0.5116E+01
  -8.040  0.1088E+01  0.5137E+01
  -8.020  0.1056E+01  0.5159E+01
  -8.000  0.1026E+01  0.5179E+01
  -7.980  0.9987E+00  0.5199E+01
  -7.960  0.9749E+00  0.5219E+01
  -7.940  0.9543E+00  0.5238E+01
  -7.920  0.9366E+00  0.5256E+01
  -7.900  0.9211E+00  0.5275E+01
  -7.880  0.9072E+00  0.5293E+01
  -7.860  0.8947E+00  0.5311E+01
  -7.840  0.8832E+00  0.5328E+01
  -7.820  0.8726E+00  0.5346E+01
  -7.800  0.8629E+00  0.5363E+01
  -7.780  0.8538E+00  0.5380E+01
  -7.760  0.8452E+00  0.5397E+01
  -7.740  0.8371E+00  0.5414E+01
  -7.720  0.8293E+00  0.5430E+01
  -7.700  0.8220E+00  0.5447E+01
  -7.680  0.8151E+00  0.5463E+01
  -7.660  0.8085E+00  0.5479E+01
  -7.640  0.8022E+00  0.5495E+01
  -7.620  0.7961E+00  0.5511E+01
  -7.600  0.7902E+00  0.5527E+01
  -7.580  0.7845E+00  0.5543E+01
  -7.560  0.7791E+00  0.5558E+01
  -7.540  0.7739E+00  0.5574E+01
  -7.520  0.7689E+00  0.5589E+01
  -7.500  0.7640E+00  0.5605E+01
  -7.480  0.7592E+00  0.5620E+01
  -7.460  0.7545E+00  0.5635E+01
  -7.440  0.7501E+00  0.5650E+01
  -7.420  0.7458E+00  0.5665E+01
  -7.400  0.7417E+00  0.5680E+01
  -7.380  0.7376E+00  0.5694E+01
  -7.360  0.7335E+00  0.5709E+01
  -7.340  0.7296E+00  0.5724E+01
  -7.320  0.7258E+00  0.5738E+01
  -7.300  0.7222E+00  0.5753E+01
  -7.280  0.7187E+00  0.5767E+01
  -7.260  0.7152E+00  0.5781E+01
  -7.240  0.7117E+00  0.5795E+01
  -7.220  0.7083E+00  0.5810E+01
  -7.200  0.7050E+00  0.5824E+01
  -7.180  0.7018E+00  0.5838E+01
  -7.160  0.6987E+00  0.5852E+01
  -7.140  0.6957E+00  0.5866E+01
  -7.120  0.6926E+00  0.5880E+01
  -7.100  0.6896E+00  0.5893E+01
  -7.080  0.6867E+00  0.5907E+01
  -7.060  0.6840E+00  0.5921E+01
  -7.040  0.6812E+00  0.5934E+01
  -7.020  0.6785E+00  0.5948E+01
  -7.000  0.6758E+00  0.5961E+01
  -6.980  0.6732E+00  0.5975E+01
  -6.960  0.6706E+00  0.5988E+01
  -6.940  0.6681E+00  0.6002E+01
  -6.920  0.6657E+00  0.6015E+01
  -6.900  0.6632E+00  0.6028E+01
  -6.880  0.6608E+00  0.6041E+01
  -6.860  0.6584E+00  0.6055E+01
  -6.840  0.6561E+00  0.6068E+01
  -6.820  0.6538E+00  0.6081E+01
  -6.800  0.6517E+00  0.6094E+01
  -6.780  0.6495E+00  0.6107E+01
  -6.760  0.6473E+00  0.6120E+01
  -6.740  0.6451E+00  0.6133E+01
  -6.720  0.6430E+00  0.6146E+01
  -6.700  0.6410E+00  0.6158E+01
  -6.680  0.6390E+00  0.6171E+01
  -6.660  0.6370E+00  0.6184E+01
  -6.640  0.6350E+00  0.6197E+01
  -6.620  0.6331E+00  0.6209E+01
  -6.600  0.6312E+00  0.6222E+01
  -6.580  0.6293E+00  0.6234E+01
  -6.560  0.6275E+00  0.6247E+01
  -6.540  0.6257E+00  0.6260E+01
  -6.520  0.6239E+00  0.6272E+01
  -6.500  0.6221E+00  0.6284E+01
  -6.480  0.6204E+00  0.6297E+01
  -6.460  0.6187E+00  0.6309E+01
  -6.440  0.6171E+00  0.6322E+01
  -6.420  0.6154E+00  0.6334E+01
  -6.400  0.6137E+00  0.6346E+01
  -6.380  0.6121E+00  0.6358E+01
  -6.360  0.6106E+00  0.6371E+01
  -6.340  0.6091E+00  0.6383E+01
  -6.320  0.6075E+00  0.6395E+01
  -6.300  0.6060E+00  0.6407E+01
  -6.280  0.6045E+00  0.6419E+01
  -6.260  0.6031E+00  0.6431E+01
  -6.240  0.6016E+00  0.6443E+01
  -6.220  0.6002E+00  0.6455E+01
  -6.200  0.5988E+00  0.6467E+01
  -6.180  0.5974E+00  0.6479E+01
  -6.160  0.5961E+00  0.6491E+01
  -6.140  0.5948E+00  0.6503E+01
  -6.120  0.5935E+00  0.6515E+01
  -6.100  0.5922E+00  0.6527E+01
  -6.080  0.5909E+00  0.6539E+01
  -6.060  0.5897E+00  0.6550E+01
  -6.040  0.5885E+00  0.6562E+01
  -6.020  0.5873E+00  0.6574E+01
  -6.000  0.5861E+00  0.6586E+01
  -5.980  0.5849E+00  0.6597E+01
  -5.960  0.5838E+00  0.6609E+01
  -5.940  0.5827E+00  0.6621E+01
  -5.920  0.5816E+00  0.6632E+01
  -5.900  0.5805E+00  0.6644E+01
  -5.880  0.5794E+00  0.6655E+01
  -5.860  0.5784E+00  0.6667E+01
  -5.840  0.5774E+00  0.6679E+01
  -5.820  0.5764E+00  0.6690E+01
  -5.800  0.5754E+00  0.6702E+01
  -5.780  0.5744E+00  0.6713E+01
  -5.760  0.5735E+00  0.6725E+01
  -5.740  0.5726E+00  0.6736E+01
  -5.720  0.5717E+00  0.6747E+01
  -5.700  0.5708E+00  0.6759E+01
  -5.680  0.5699E+00  0.6770E+01
  -5.660  0.5691E+00  0.6782E+01
  -5.640  0.5683E+00  0.6793E+01
  -5.620  0.5675E+00  0.6804E+01
  -5.600  0.5667E+00  0.6816E+01
  -5.580  0.5660E+00  0.6827E+01
  -5.560  0.5653E+00  0.6838E+01
  -5.540  0.5646E+00  0.6850E+01
  -5.520  0.5639E+00  0.6861E+01
  -5.500  0.5632E+00  0.6872E+01
  -5.480  0.5625E+00  0.6883E+01
  -5.460  0.5619E+00  0.6895E+01
  -5.440  0.5614E+00  0.6906E+01
  -5.420  0.5608E+00  0.6917E+01
  -5.400  0.5603E+00  0.6928E+01
  -5.380  0.5597E+00  0.6939E+01
  -5.360  0.5592E+00  0.6951E+01
  -5.340  0.5588E+00  0.6962E+01
  -5.320  0.5584E+00  0.6973E+01
  -5.300  0.5579E+00  0.6984E+01
  -5.280  0.5575E+00  0.6995E+01
  -5.260  0.5571E+00  0.7006E+01
  -5.240  0.5568E+00  0.7018E+01
  -5.220  0.5565E+00  0.7029E+01
  -5.200  0.5563E+00  0.7040E+01
  -5.180  0.5560E+00  0.7051E+01
  -5.160  0.5557E+00  0.7062E+01
  -5.140  0.5555E+00  0.7073E+01
  -5.120  0.5554E+00  0.7084E+01
  -5.100  0.5554E+00  0.7095E+01
  -5.080  0.5553E+00  0.7106E+01
  -5.060  0.5552E+00  0.7118E+01
  -5.040  0.5551E+00  0.7129E+01
  -5.020  0.5552E+00  0.7140E+01
  -5.000  0.5553E+00  0.7151E+01
  -4.980  0.5554E+00  0.7162E+01
  -4.960  0.5554E+00  0.7173E+01
  -4.940  0.5553E+00  0.7184E+01
  -4.920  0.5549E+00  0.7195E+01
  -4.900  0.5539E+00  0.7206E+01
  -4.880  0.5517E+00  0.7217E+01
  -4.860  0.5474E+00  0.7228E+01
  -4.840  0.5401E+00  0.7239E+01
  -4.820  0.5290E+00  0.7250E+01
  -4.800  0.5137E+00  0.7260E+01
  -4.780  0.4944E+00  0.7270E+01
  -4.760  0.4720E+00  0.7279E+01
  -4.740  0.4483E+00  0.7288E+01
  -4.720  0.4255E+00  0.7297E+01
  -4.700  0.4055E+00  0.7305E+01
  -4.680  0.3897E+00  0.7313E+01
  -4.660  0.3786E+00  0.7320E+01
  -4.640  0.3718E+00  0.7328E+01
  -4.620  0.3684E+00  0.7335E+01
  -4.600  0.3675E+00  0.7342E+01
  -4.580  0.3683E+00  0.7350E+01
  -4.560  0.3703E+00  0.7357E+01
  -4.540  0.3729E+00  0.7365E+01
  -4.520  0.3758E+00  0.7372E+01
  -4.500  0.3789E+00  0.7380E+01
  -4.480  0.3823E+00  0.7387E+01
  -4.460  0.3859E+00  0.7395E+01
  -4.440  0.3899E+00  0.7403E+01
  -4.420  0.3942E+00  0.7411E+01
  -4.400  0.3986E+00  0.7419E+01
  -4.380  0.4033E+00  0.7427E+01
  -4.360  0.4085E+00  0.7435E+01
  -4.340  0.4143E+00  0.7443E+01
  -4.320  0.4207E+00  0.7452E+01
  -4.300  0.4277E+00  0.7460E+01
  -4.280  0.4355E+00  0.7469E+01
  -4.260  0.4443E+00  0.7478E+01
  -4.240  0.4547E+00  0.7487E+01
  -4.220  0.4670E+00  0.7496E+01
  -4.200  0.4815E+00  0.7506E+01
  -4.180  0.4984E+00  0.7516E+01
  -4.160  0.5175E+00  0.7526E+01
  -4.140  0.5380E+00  0.7537E+01
  -4.120  0.5587E+00  0.7548E+01
  -4.100  0.5771E+00  0.7560E+01
  -4.080  0.5905E+00  0.7572E+01
  -4.060  0.5963E+00  0.7584E+01
  -4.040  0.5931E+00  0.7595E+01
  -4.020  0.5813E+00  0.7607E+01
  -4.000  0.5623E+00  0.7618E+01
  -3.980  0.5388E+00  0.7629E+01
  -3.960  0.5132E+00  0.7639E+01
  -3.940  0.4877E+00  0.7649E+01
  -3.920  0.4639E+00  0.7658E+01
  -3.900  0.4428E+00  0.7667E+01
  -3.880  0.4245E+00  0.7676E+01
  -3.860  0.4085E+00  0.7684E+01
  -3.840  0.3944E+00  0.7692E+01
  -3.820  0.3817E+00  0.7699E+01
  -3.800  0.3701E+00  0.7707E+01
  -3.780  0.3597E+00  0.7714E+01
  -3.760  0.3502E+00  0.7721E+01
  -3.740  0.3413E+00  0.7728E+01
  -3.720  0.3328E+00  0.7734E+01
  -3.700  0.3246E+00  0.7741E+01
  -3.680  0.3170E+00  0.7747E+01
  -3.660  0.3098E+00  0.7753E+01
  -3.640  0.3031E+00  0.7760E+01
  -3.620  0.2966E+00  0.7765E+01
  -3.600  0.2901E+00  0.7771E+01
  -3.580  0.2839E+00  0.7777E+01
  -3.560  0.2780E+00  0.7782E+01
  -3.540  0.2724E+00  0.7788E+01
  -3.520  0.2670E+00  0.7793E+01
  -3.500  0.2617E+00  0.7799E+01
  -3.480  0.2565E+00  0.7804E+01
  -3.460  0.2513E+00  0.7809E+01
  -3.440  0.2465E+00  0.7814E+01
  -3.420  0.2419E+00  0.7818E+01
  -3.400  0.2373E+00  0.7823E+01
  -3.380  0.2328E+00  0.7828E+01
  -3.360  0.2282E+00  0.7832E+01
  -3.340  0.2239E+00  0.7837E+01
  -3.320  0.2197E+00  0.7841E+01
  -3.300  0.2157E+00  0.7846E+01
  -3.280  0.2117E+00  0.7850E+01
  -3.260  0.2077E+00  0.7854E+01
  -3.240  0.2037E+00  0.7858E+01
  -3.220  0.1999E+00  0.7862E+01
  -3.200  0.1963E+00  0.7866E+01
  -3.180  0.1927E+00  0.7870E+01
  -3.160  0.1890E+00  0.7874E+01
  -3.140  0.1854E+00  0.7877E+01
  -3.120  0.1819E+00  0.7881E+01
  -3.100  0.1785E+00  0.7885E+01
  -3.080  0.1752E+00  0.7888E+01
  -3.060  0.1719E+00  0.7891E+01
  -3.040  0.1686E+00  0.7895E+01
  -3.020  0.1653E+00  0.7898E+01
  -3.000  0.1621E+00  0.7901E+01
  -2.980  0.1590E+00  0.7905E+01
  -2.960  0.1559E+00  0.7908E+01
  -2.940  0.1528E+00  0.7911E+01
  -2.920  0.1498E+00  0.7914E+01
  -2.900  0.1467E+00  0.7917E+01
  -2.880  0.1438E+00  0.7920E+01
  -2.860  0.1409E+00  0.7922E+01
  -2.840  0.1380E+00  0.7925E+01
  -2.820  0.1352E+00  0.7928E+01
  -2.800  0.1323E+00  0.7930E+01
  -2.780  0.1295E+00  0.7933E+01
  -2.760  0.1267E+00  0.7936E+01
  -2.740  0.1240E+00  0.7938E+01
  -2.720  0.1213E+00  0.7941E+01
  -2.700  0.1186E+00  0.7943E+01
  -2.680  0.1159E+00  0.7945E+01
  -2.660  0.1133E+00  0.7947E+01
  -2.640  0.1107E+00  0.7950E+01
  -2.620  0.1081E+00  0.7952E+01
  -2.600  0.1055E+00  0.7954E+01
  -2.580  0.1029E+00  0.7956E+01
  -2.560  0.1004E+00  0.7958E+01
  -2.540  0.9785E-01  0.7960E+01
  -2.520  0.9536E-01  0.7962E+01
  -2.500  0.9288E-01  0.7964E+01
  -2.480  0.9040E-01  0.7966E+01
  -2.460  0.8793E-01  0.7967E+01
  -2.440  0.8548E-01  0.7969E+01
  -2.420  0.8307E-01  0.7971E+01
  -2.400  0.8067E-01  0.7972E+01
  -2.380  0.7827E-01  0.7974E+01
  -2.360  0.7587E-01  0.7975E+01
  -2.340  0.7349E-01  0.7977E+01
  -2.320  0.7114E-01  0.7978E+01
  -2.300  0.6880E-01  0.7980E+01
  -2.280  0.6646E-01  0.7981E+01
  -2.260  0.6412E-01  0.7982E+01
  -2.240  0.6180E-01  0.7983E+01
  -2.220  0.5949E-01  0.7985E+01
  -2.200  0.5720E-01  0.7986E+01
  -2.180  0.5491E-01  0.7987E+01
  -2.160  0.5261E-01  0.7988E+01
  -2.140  0.5033E-01  0.7989E+01
  -2.120  0.4806E-01  0.7990E+01
  -2.100  0.4580E-01  0.7991E+01
  -2.080  0.4354E-01  0.7992E+01
  -2.060  0.4128E-01  0.7993E+01
  -2.040  0.3902E-01  0.7993E+01
  -2.020  0.3677E-01  0.7994E+01
  -2.000  0.3453E-01  0.7995E+01
  -1.980  0.3230E-01  0.7995E+01
  -1.960  0.3006E-01  0.7996E+01
  -1.940  0.2782E-01  0.7997E+01
  -1.920  0.2558E-01  0.7997E+01
  -1.900  0.2335E-01  0.7998E+01
  -1.880  0.2113E-01  0.7998E+01
  -1.860  0.1891E-01  0.7998E+01
  -1.840  0.1672E-01  0.7999E+01
  -1.820  0.1458E-01  0.7999E+01
  -1.800  0.1252E-01  0.7999E+01
  -1.780  0.1061E-01  0.7999E+01
  -1.760  0.8920E-02  0.8000E+01
  -1.740  0.7546E-02  0.8000E+01
  -1.720  0.6583E-02  0.8000E+01
  -1.700  0.6104E-02  0.8000E+01
  -1.680  0.6151E-02  0.8000E+01
  -1.660  0.6722E-02  0.8000E+01
  -1.640  0.7774E-02  0.8000E+01
  -1.620  0.9231E-02  0.8001E+01
  -1.600  0.1100E-01  0.8001E+01
  -1.580  0.1299E-01  0.8001E+01
  -1.560  0.1512E-01  0.8001E+01
  -1.540  0.1735E-01  0.8002E+01
  -1.520  0.1963E-01  0.8002E+01
  -1.500  0.2194E-01  0.8003E+01
  -1.480  0.2427E-01  0.8003E+01
  -1.460  0.2662E-01  0.8004E+01
  -1.440  0.2899E-01  0.8004E+01
  -1.420  0.3137E-01  0.8005E+01
  -1.400  0.3377E-01  0.8005E+01
  -1.380  0.3618E-01  0.8006E+01
  -1.360  0.3860E-01  0.8007E+01
  -1.340  0.4105E-01  0.8008E+01
  -1.320  0.4352E-01  0.8009E+01
  -1.300  0.4600E-01  0.8010E+01
  -1.280  0.4850E-01  0.8011E+01
  -1.260  0.5103E-01  0.8012E+01
  -1.240  0.5358E-01  0.8013E+01
  -1.220  0.5616E-01  0.8014E+01
  -1.200  0.5876E-01  0.8015E+01
  -1.180  0.6139E-01  0.8016E+01
  -1.160  0.6404E-01  0.8017E+01
  -1.140  0.6673E-01  0.8019E+01
  -1.120  0.6946E-01  0.8020E+01
  -1.100  0.7222E-01  0.8022E+01
  -1.080  0.7500E-01  0.8023E+01
  -1.060  0.7783E-01  0.8025E+01
  -1.040  0.8069E-01  0.8026E+01
  -1.020  0.8361E-01  0.8028E+01
  -1.000  0.8658E-01  0.8030E+01
  -0.980  0.8957E-01  0.8031E+01
  -0.960  0.9261E-01  0.8033E+01
  -0.940  0.9571E-01  0.8035E+01
  -0.920  0.9888E-01  0.8037E+01
  -0.900  0.1021E+00  0.8039E+01
  -0.880  0.1054E+00  0.8041E+01
  -0.860  0.1087E+00  0.8044E+01
  -0.840  0.1121E+00  0.8046E+01
  -0.820  0.1156E+00  0.8048E+01
  -0.800  0.1192E+00  0.8050E+01
  -0.780  0.1229E+00  0.8053E+01
  -0.760  0.1266E+00  0.8055E+01
  -0.740  0.1304E+00  0.8058E+01
  -0.720  0.1344E+00  0.8061E+01
  -0.700  0.1385E+00  0.8064E+01
  -0.680  0.1427E+00  0.8066E+01
  -0.660  0.1469E+00  0.8069E+01
  -0.640  0.1513E+00  0.8072E+01
  -0.620  0.1559E+00  0.8075E+01
  -0.600  0.1607E+00  0.8079E+01
  -0.580  0.1657E+00  0.8082E+01
  -0.560  0.1708E+00  0.8085E+01
  -0.540  0.1760E+00  0.8089E+01
  -0.520  0.1815E+00  0.8093E+01
  -0.500  0.1874E+00  0.8096E+01
  -0.480  0.1935E+00  0.8100E+01
  -0.460  0.1999E+00  0.8104E+01
  -0.440  0.2066E+00  0.8108E+01
  -0.420  0.2136E+00  0.8113E+01
  -0.400  0.2211E+00  0.8117E+01
  -0.380  0.2292E+00  0.8122E+01
  -0.360  0.2378E+00  0.8126E+01
  -0.340  0.2470E+00  0.8131E+01
  -0.320  0.2569E+00  0.8136E+01
  -0.300  0.2677E+00  0.8142E+01
  -0.280  0.2796E+00  0.8147E+01
  -0.260  0.2930E+00  0.8153E+01
  -0.240  0.3081E+00  0.8159E+01
  -0.220  0.3253E+00  0.8166E+01
  -0.200  0.3454E+00  0.8173E+01
  -0.180  0.3695E+00  0.8180E+01
  -0.160  0.3983E+00  0.8188E+01
  -0.140  0.4328E+00  0.8197E+01
  -0.120  0.4727E+00  0.8206E+01
  -0.100  0.5171E+00  0.8217E+01
  -0.080  0.5634E+00  0.8228E+01
  -0.060  0.6077E+00  0.8240E+01
  -0.040  0.6448E+00  0.8253E+01
  -0.020  0.6701E+00  0.8266E+01
  -0.000  0.6806E+00  0.8280E+01
   0.020  0.6759E+00  0.8293E+01
   0.040  0.6582E+00  0.8307E+01
   0.060  0.6317E+00  0.8319E+01
   0.080  0.6009E+00  0.8331E+01
   0.100  0.5696E+00  0.8343E+01
   0.120  0.5405E+00  0.8353E+01
   0.140  0.5149E+00  0.8364E+01
   0.160  0.4931E+00  0.8374E+01
   0.180  0.4749E+00  0.8383E+01
   0.200  0.4596E+00  0.8392E+01
   0.220  0.4465E+00  0.8401E+01
   0.240  0.4349E+00  0.8410E+01
   0.260  0.4246E+00  0.8418E+01
   0.280  0.4154E+00  0.8427E+01
   0.300  0.4072E+00  0.8435E+01
   0.320  0.3997E+00  0.8443E+01
   0.340  0.3928E+00  0.8451E+01
   0.360  0.3864E+00  0.8458E+01
   0.380  0.3802E+00  0.8466E+01
   0.400  0.3745E+00  0.8474E+01
   0.420  0.3692E+00  0.8481E+01
   0.440  0.3644E+00  0.8488E+01
   0.460  0.3599E+00  0.8495E+01
   0.480  0.3554E+00  0.8503E+01
   0.500  0.3511E+00  0.8510E+01
   0.520  0.3469E+00  0.8517E+01
   0.540  0.3431E+00  0.8523E+01
   0.560  0.3396E+00  0.8530E+01
   0.580  0.3363E+00  0.8537E+01
   0.600  0.3330E+00  0.8544E+01
   0.620  0.3296E+00  0.8550E+01
   0.640  0.3264E+00  0.8557E+01
   0.660  0.3234E+00  0.8563E+01
   0.680  0.3206E+00  0.8570E+01
   0.700  0.3180E+00  0.8576E+01
   0.720  0.3155E+00  0.8582E+01
   0.740  0.3128E+00  0.8588E+01
   0.760  0.3101E+00  0.8595E+01
   0.780  0.3076E+00  0.8601E+01
   0.800  0.3053E+00  0.8607E+01
   0.820  0.3033E+00  0.8613E+01
   0.840  0.3012E+00  0.8619E+01
   0.860  0.2990E+00  0.8625E+01
   0.880  0.2968E+00  0.8631E+01
   0.900  0.2946E+00  0.8637E+01
   0.920  0.2926E+00  0.8643E+01
   0.940  0.2908E+00  0.8649E+01
   0.960  0.2891E+00  0.8654E+01
   0.980  0.2874E+00  0.8660E+01
   1.000  0.2854E+00  0.8666E+01
   1.020  0.2835E+00  0.8671E+01
   1.040  0.2817E+00  0.8677E+01
   1.060  0.2801E+00  0.8683E+01
   1.080  0.2787E+00  0.8688E+01
   1.100  0.2772E+00  0.8694E+01
   1.120  0.2756E+00  0.8699E+01
   1.140  0.2739E+00  0.8705E+01
   1.160  0.2722E+00  0.8710E+01
   1.180  0.2707E+00  0.8716E+01
   1.200  0.2694E+00  0.8721E+01
   1.220  0.2682E+00  0.8726E+01
   1.240  0.2669E+00  0.8732E+01
   1.260  0.2654E+00  0.8737E+01
   1.280  0.2639E+00  0.8742E+01
   1.300  0.2627E+00  0.8748E+01
   1.320  0.2620E+00  0.8753E+01
   1.340  0.2621E+00  0.8758E+01
   1.360  0.2634E+00  0.8763E+01
   1.380  0.2664E+00  0.8769E+01
   1.400  0.2721E+00  0.8774E+01
   1.420  0.2818E+00  0.8780E+01
   1.440  0.2963E+00  0.8786E+01
   1.460  0.3157E+00  0.8792E+01
   1.480  0.3390E+00  0.8799E+01
   1.500  0.3644E+00  0.8806E+01
   1.520  0.3895E+00  0.8814E+01
   1.540  0.4122E+00  0.8822E+01
   1.560  0.4310E+00  0.8831E+01
   1.580  0.4454E+00  0.8840E+01
   1.600  0.4555E+00  0.8849E+01
   1.620  0.4617E+00  0.8858E+01
   1.640  0.4649E+00  0.8867E+01
   1.660  0.4659E+00  0.8877E+01
   1.680  0.4657E+00  0.8886E+01
   1.700  0.4651E+00  0.8895E+01
   1.720  0.4644E+00  0.8904E+01
   1.740  0.4638E+00  0.8914E+01
   1.760  0.4631E+00  0.8923E+01
   1.780  0.4622E+00  0.8932E+01
   1.800  0.4610E+00  0.8941E+01
   1.820  0.4598E+00  0.8951E+01
   1.840  0.4588E+00  0.8960E+01
   1.860  0.4580E+00  0.8969E+01
   1.880  0.4574E+00  0.8978E+01
   1.900  0.4568E+00  0.8987E+01
   1.920  0.4559E+00  0.8996E+01
   1.940  0.4548E+00  0.9005E+01
   1.960  0.4536E+00  0.9015E+01
   1.980  0.4527E+00  0.9024E+01
   2.000  0.4520E+00  0.9033E+01
   2.020  0.4515E+00  0.9042E+01
   2.040  0.4509E+00  0.9051E+01
   2.060  0.4501E+00  0.9060E+01
   2.080  0.4490E+00  0.9069E+01
   2.100  0.4479E+00  0.9078E+01
   2.120  0.4470E+00  0.9087E+01
   2.140  0.4465E+00  0.9096E+01
   2.160  0.4461E+00  0.9104E+01
   2.180  0.4455E+00  0.9113E+01
   2.200  0.4447E+00  0.9122E+01
   2.220  0.4438E+00  0.9131E+01
   2.240  0.4430E+00  0.9140E+01
   2.260  0.4428E+00  0.9149E+01
   2.280  0.4437E+00  0.9158E+01
   2.300  0.4460E+00  0.9167E+01
   2.320  0.4504E+00  0.9176E+01
   2.340  0.4576E+00  0.9185E+01
   2.360  0.4687E+00  0.9194E+01
   2.380  0.4844E+00  0.9204E+01
   2.400  0.5050E+00  0.9214E+01
   2.420  0.5293E+00  0.9225E+01
   2.440  0.5555E+00  0.9236E+01
   2.460  0.5809E+00  0.9247E+01
   2.480  0.6032E+00  0.9259E+01
   2.500  0.6212E+00  0.9272E+01
   2.520  0.6345E+00  0.9284E+01
   2.540  0.6436E+00  0.9297E+01
   2.560  0.6495E+00  0.9310E+01
   2.580  0.6533E+00  0.9323E+01
   2.600  0.6558E+00  0.9336E+01
   2.620  0.6581E+00  0.9350E+01
   2.640  0.6614E+00  0.9363E+01
   2.660  0.6671E+00  0.9376E+01
   2.680  0.6766E+00  0.9390E+01
   2.700  0.6909E+00  0.9404E+01
   2.720  0.7101E+00  0.9418E+01
   2.740  0.7331E+00  0.9432E+01
   2.760  0.7584E+00  0.9448E+01
   2.780  0.7836E+00  0.9463E+01
   2.800  0.8069E+00  0.9479E+01
   2.820  0.8267E+00  0.9496E+01
   2.840  0.8423E+00  0.9513E+01
   2.860  0.8536E+00  0.9530E+01
   2.880  0.8609E+00  0.9547E+01
   2.900  0.8649E+00  0.9564E+01
   2.920  0.8666E+00  0.9582E+01
   2.940  0.8669E+00  0.9599E+01
   2.960  0.8666E+00  0.9616E+01
   2.980  0.8664E+00  0.9634E+01
   3.000  0.8664E+00  0.9651E+01
   3.020  0.8663E+00  0.9668E+01
   3.040  0.8659E+00  0.9686E+01
   3.060  0.8652E+00  0.9703E+01
   3.080  0.8643E+00  0.9720E+01
   3.100  0.8634E+00  0.9738E+01
   3.120  0.8629E+00  0.9755E+01
   3.140  0.8628E+00  0.9772E+01
   3.160  0.8627E+00  0.9789E+01
   3.180  0.8625E+00  0.9807E+01
   3.200  0.8618E+00  0.9824E+01
   3.220  0.8610E+00  0.9841E+01
   3.240  0.8601E+00  0.9858E+01
   3.260  0.8595E+00  0.9875E+01
   3.280  0.8593E+00  0.9893E+01
   3.300  0.8593E+00  0.9910E+01
   3.320  0.8592E+00  0.9927E+01
   3.340  0.8587E+00  0.9944E+01
   3.360  0.8579E+00  0.9961E+01
   3.380  0.8570E+00  0.9978E+01
   3.400  0.8564E+00  0.9996E+01
   3.420  0.8561E+00  0.1001E+02
   3.440  0.8561E+00  0.1003E+02
   3.460  0.8561E+00  0.1005E+02
   3.480  0.8558E+00  0.1006E+02
   3.500  0.8551E+00  0.1008E+02
   3.520  0.8542E+00  0.1010E+02
   3.540  0.8535E+00  0.1012E+02
   3.560  0.8532E+00  0.1013E+02
   3.580  0.8532E+00  0.1015E+02
   3.600  0.8533E+00  0.1017E+02
   3.620  0.8531E+00  0.1018E+02
   3.640  0.8526E+00  0.1020E+02
   3.660  0.8518E+00  0.1022E+02
   3.680  0.8510E+00  0.1023E+02
   3.700  0.8506E+00  0.1025E+02
   3.720  0.8505E+00  0.1027E+02
   3.740  0.8507E+00  0.1029E+02
   3.760  0.8507E+00  0.1030E+02
   3.780  0.8504E+00  0.1032E+02
   3.800  0.8497E+00  0.1034E+02
   3.820  0.8489E+00  0.1035E+02
   3.840  0.8485E+00  0.1037E+02
   3.860  0.8484E+00  0.1039E+02
   3.880  0.8486E+00  0.1040E+02
   3.900  0.8488E+00  0.1042E+02
   3.920  0.8488E+00  0.1044E+02
   3.940  0.8484E+00  0.1046E+02
   3.960  0.8478E+00  0.1047E+02
   3.980  0.8474E+00  0.1049E+02
   4.000  0.8475E+00  0.1051E+02
   4.020  0.8480E+00  0.1052E+02
   4.040  0.8487E+00  0.1054E+02
   4.060  0.8495E+00  0.1056E+02
   4.080  0.8501E+00  0.1057E+02
   4.100  0.8505E+00  0.1059E+02
   4.120  0.8509E+00  0.1061E+02
   4.140  0.8514E+00  0.1063E+02
   4.160  0.8514E+00  0.1064E+02
   4.180  0.8503E+00  0.1066E+02
   4.200  0.8473E+00  0.1068E+02
   4.220  0.8420E+00  0.1069E+02
   4.240  0.8352E+00  0.1071E+02
   4.260  0.8282E+00  0.1073E+02
   4.280  0.8230E+00  0.1074E+02
   4.300  0.8210E+00  0.1076E+02
   4.320  0.8227E+00  0.1078E+02
   4.340  0.8276E+00  0.1079E+02
   4.360  0.8342E+00  0.1081E+02
   4.380  0.8412E+00  0.1083E+02
   4.400  0.8472E+00  0.1084E+02
   4.420  0.8518E+00  0.1086E+02
   4.440  0.8552E+00  0.1088E+02
   4.460  0.8578E+00  0.1089E+02
   4.480  0.8600E+00  0.1091E+02
   4.500  0.8622E+00  0.1093E+02
   4.520  0.8645E+00  0.1095E+02
   4.540  0.8675E+00  0.1096E+02
   4.560  0.8717E+00  0.1098E+02
   4.580  0.8778E+00  0.1100E+02
   4.600  0.8857E+00  0.1102E+02
   4.620  0.8945E+00  0.1103E+02
   4.640  0.9026E+00  0.1105E+02
   4.660  0.9081E+00  0.1107E+02
   4.680  0.9093E+00  0.1109E+02
   4.700  0.9052E+00  0.1111E+02
   4.720  0.8961E+00  0.1112E+02
   4.740  0.8832E+00  0.1114E+02
   4.760  0.8683E+00  0.1116E+02
   4.780  0.8534E+00  0.1118E+02
   4.800  0.8396E+00  0.1119E+02
   4.820  0.8281E+00  0.1121E+02
   4.840  0.8198E+00  0.1123E+02
   4.860  0.8164E+00  0.1124E+02
   4.880  0.8203E+00  0.1126E+02
   4.900  0.8347E+00  0.1128E+02
   4.920  0.8618E+00  0.1129E+02
   4.940  0.9011E+00  0.1131E+02
   4.960  0.9491E+00  0.1133E+02
   4.980  0.9985E+00  0.1135E+02
   5.000  0.1041E+01  0.1137E+02
   5.020  0.1069E+01  0.1139E+02
   5.040  0.1078E+01  0.1141E+02
   5.060  0.1071E+01  0.1143E+02
   5.080  0.1054E+01  0.1146E+02
   5.100  0.1034E+01  0.1148E+02
   5.120  0.1021E+01  0.1150E+02
   5.140  0.1018E+01  0.1152E+02
   5.160  0.1027E+01  0.1154E+02
   5.180  0.1044E+01  0.1156E+02
   5.200  0.1064E+01  0.1158E+02
   5.220  0.1082E+01  0.1160E+02
   5.240  0.1094E+01  0.1162E+02
   5.260  0.1098E+01  0.1165E+02
   5.280  0.1097E+01  0.1167E+02
   5.300  0.1092E+01  0.1169E+02
   5.320  0.1086E+01  0.1171E+02
   5.340  0.1081E+01  0.1173E+02
   5.360  0.1076E+01  0.1175E+02
   5.380  0.1073E+01  0.1178E+02
   5.400  0.1070E+01  0.1180E+02
   5.420  0.1067E+01  0.1182E+02
   5.440  0.1065E+01  0.1184E+02
   5.460  0.1063E+01  0.1186E+02
   5.480  0.1063E+01  0.1188E+02
   5.500  0.1064E+01  0.1190E+02
   5.520  0.1066E+01  0.1192E+02
   5.540  0.1071E+01  0.1195E+02
   5.560  0.1081E+01  0.1197E+02
   5.580  0.1098E+01  0.1199E+02
   5.600  0.1125E+01  0.1201E+02
   5.620  0.1163E+01  0.1204E+02
   5.640  0.1213E+01  0.1206E+02
   5.660  0.1274E+01  0.1209E+02
   5.680  0.1340E+01  0.1211E+02
   5.700  0.1407E+01  0.1214E+02
   5.720  0.1469E+01  0.1217E+02
   5.740  0.1520E+01  0.1220E+02
   5.760  0.1557E+01  0.1223E+02
   5.780  0.1580E+01  0.1226E+02
   5.800  0.1587E+01  0.1229E+02
   5.820  0.1582E+01  0.1233E+02
   5.840  0.1569E+01  0.1236E+02
   5.860  0.1551E+01  0.1239E+02
   5.880  0.1535E+01  0.1242E+02
   5.900  0.1524E+01  0.1245E+02
   5.920  0.1519E+01  0.1248E+02
   5.940  0.1521E+01  0.1251E+02
   5.960  0.1528E+01  0.1254E+02
   5.980  0.1535E+01  0.1257E+02
   6.000  0.1539E+01  0.1260E+02
   6.020  0.1538E+01  0.1263E+02
   6.040  0.1531E+01  0.1266E+02
   6.060  0.1518E+01  0.1269E+02
   6.080  0.1502E+01  0.1272E+02
   6.100  0.1485E+01  0.1275E+02
   6.120  0.1468E+01  0.1278E+02
   6.140  0.1452E+01  0.1281E+02
   6.160  0.1436E+01  0.1284E+02
   6.180  0.1418E+01  0.1287E+02
   6.200  0.1397E+01  0.1290E+02
   6.220  0.1370E+01  0.1292E+02
   6.240  0.1336E+01  0.1295E+02
   6.260  0.1293E+01  0.1298E+02
   6.280  0.1243E+01  0.1300E+02
   6.300  0.1187E+01  0.1303E+02
   6.320  0.1127E+01  0.1305E+02
   6.340  0.1070E+01  0.1307E+02
   6.360  0.1018E+01  0.1309E+02
   6.380  0.9746E+00  0.1311E+02
   6.400  0.9400E+00  0.1313E+02
   6.420  0.9135E+00  0.1315E+02
   6.440  0.8933E+00  0.1316E+02
   6.460  0.8778E+00  0.1318E+02
   6.480  0.8658E+00  0.1320E+02
   6.500  0.8566E+00  0.1322E+02
   6.520  0.8497E+00  0.1323E+02
   6.540  0.8442E+00  0.1325E+02
   6.560  0.8393E+00  0.1327E+02
   6.580  0.8343E+00  0.1328E+02
   6.600  0.8289E+00  0.1330E+02
   6.620  0.8235E+00  0.1332E+02
   6.640  0.8186E+00  0.1333E+02
   6.660  0.8144E+00  0.1335E+02
   6.680  0.8107E+00  0.1337E+02
   6.700  0.8071E+00  0.1338E+02
   6.720  0.8032E+00  0.1340E+02
   6.740  0.7990E+00  0.1341E+02
   6.760  0.7949E+00  0.1343E+02
   6.780  0.7910E+00  0.1345E+02
   6.800  0.7875E+00  0.1346E+02
   6.820  0.7844E+00  0.1348E+02
   6.840  0.7814E+00  0.1349E+02
   6.860  0.7783E+00  0.1351E+02
   6.880  0.7749E+00  0.1352E+02
   6.900  0.7715E+00  0.1354E+02
   6.920  0.7683E+00  0.1355E+02
   6.940  0.7654E+00  0.1357E+02
   6.960  0.7628E+00  0.1359E+02
   6.980  0.7603E+00  0.1360E+02
   7.000  0.7576E+00  0.1362E+02
   7.020  0.7547E+00  0.1363E+02
   7.040  0.7519E+00  0.1365E+02
   7.060  0.7492E+00  0.1366E+02
   7.080  0.7469E+00  0.1368E+02
   7.100  0.7448E+00  0.1369E+02
   7.120  0.7427E+00  0.1371E+02
   7.140  0.7402E+00  0.1372E+02
   7.160  0.7376E+00  0.1374E+02
   7.180  0.7349E+00  0.1375E+02
   7.200  0.7326E+00  0.1376E+02
   7.220  0.7309E+00  0.1378E+02
   7.240  0.7294E+00  0.1379E+02
   7.260  0.7278E+00  0.1381E+02
   7.280  0.7257E+00  0.1382E+02
   7.300  0.7231E+00  0.1384E+02
   7.320  0.7203E+00  0.1385E+02
   7.340  0.7180E+00  0.1387E+02
   7.360  0.7165E+00  0.1388E+02
   7.380  0.7157E+00  0.1389E+02
   7.400  0.7150E+00  0.1391E+02
   7.420  0.7136E+00  0.1392E+02
   7.440  0.7112E+00  0.1394E+02
   7.460  0.7082E+00  0.1395E+02
   7.480  0.7053E+00  0.1397E+02
   7.500  0.7035E+00  0.1398E+02
   7.520  0.7029E+00  0.1399E+02
   7.540  0.7030E+00  0.1401E+02
   7.560  0.7028E+00  0.1402E+02
   7.580  0.7014E+00  0.1404E+02
   7.600  0.6987E+00  0.1405E+02
   7.620  0.6954E+00  0.1406E+02
   7.640  0.6926E+00  0.1408E+02
   7.660  0.6912E+00  0.1409E+02
   7.680  0.6912E+00  0.1411E+02
   7.700  0.6921E+00  0.1412E+02
   7.720  0.6924E+00  0.1413E+02
   7.740  0.6911E+00  0.1415E+02
   7.760  0.6883E+00  0.1416E+02
   7.780  0.6847E+00  0.1417E+02
   7.800  0.6818E+00  0.1419E+02
   7.820  0.6806E+00  0.1420E+02
   7.840  0.6812E+00  0.1422E+02
   7.860  0.6827E+00  0.1423E+02
   7.880  0.6836E+00  0.1424E+02
   7.900  0.6826E+00  0.1426E+02
   7.920  0.6798E+00  0.1427E+02
   7.940  0.6761E+00  0.1428E+02
   7.960  0.6732E+00  0.1430E+02
   7.980  0.6721E+00  0.1431E+02
   8.000  0.6729E+00  0.1432E+02
   8.020  0.6746E+00  0.1434E+02
   8.040  0.6758E+00  0.1435E+02
   8.060  0.6753E+00  0.1436E+02
   8.080  0.6732E+00  0.1438E+02
   8.100  0.6701E+00  0.1439E+02
   8.120  0.6675E+00  0.1440E+02
   8.140  0.6661E+00  0.1442E+02
   8.160  0.6664E+00  0.1443E+02
   8.180  0.6676E+00  0.1444E+02
   8.200  0.6690E+00  0.1446E+02
   8.220  0.6696E+00  0.1447E+02
   8.240  0.6689E+00  0.1448E+02
   8.260  0.6670E+00  0.1450E+02
   8.280  0.6647E+00  0.1451E+02
   8.300  0.6628E+00  0.1452E+02
   8.320  0.6621E+00  0.1454E+02
   8.340  0.6627E+00  0.1455E+02
   8.360  0.6642E+00  0.1456E+02
   8.380  0.6659E+00  0.1458E+02
   8.400  0.6668E+00  0.1459E+02
   8.420  0.6665E+00  0.1460E+02
   8.440  0.6650E+00  0.1462E+02
   8.460  0.6630E+00  0.1463E+02
   8.480  0.6617E+00  0.1464E+02
   8.500  0.6616E+00  0.1466E+02
   8.520  0.6630E+00  0.1467E+02
   8.540  0.6654E+00  0.1468E+02
   8.560  0.6678E+00  0.1470E+02
   8.580  0.6692E+00  0.1471E+02
   8.600  0.6692E+00  0.1472E+02
   8.620  0.6682E+00  0.1474E+02
   8.640  0.6671E+00  0.1475E+02
   8.660  0.6671E+00  0.1476E+02
   8.680  0.6688E+00  0.1478E+02
   8.700  0.6720E+00  0.1479E+02
   8.720  0.6759E+00  0.1480E+02
   8.740  0.6798E+00  0.1482E+02
   8.760  0.6835E+00  0.1483E+02
   8.780  0.6879E+00  0.1485E+02
   8.800  0.6949E+00  0.1486E+02
   8.820  0.7069E+00  0.1487E+02
   8.840  0.7261E+00  0.1489E+02
   8.860  0.7537E+00  0.1490E+02
   8.880  0.7899E+00  0.1492E+02
   8.900  0.8338E+00  0.1494E+02
   8.920  0.8837E+00  0.1495E+02
   8.940  0.9369E+00  0.1497E+02
   8.960  0.9900E+00  0.1499E+02
   8.980  0.1039E+01  0.1501E+02
   9.000  0.1078E+01  0.1503E+02
   9.020  0.1104E+01  0.1506E+02
   9.040  0.1114E+01  0.1508E+02
   9.060  0.1108E+01  0.1510E+02
   9.080  0.1088E+01  0.1512E+02
   9.100  0.1058E+01  0.1514E+02
   9.120  0.1023E+01  0.1516E+02
   9.140  0.9876E+00  0.1518E+02
   9.160  0.9527E+00  0.1520E+02
   9.180  0.9196E+00  0.1522E+02
   9.200  0.8888E+00  0.1524E+02
   9.220  0.8608E+00  0.1526E+02
   9.240  0.8369E+00  0.1527E+02
   9.260  0.8176E+00  0.1529E+02
   9.280  0.8030E+00  0.1531E+02
   9.300  0.7913E+00  0.1532E+02
   9.320  0.7802E+00  0.1534E+02
   9.340  0.7674E+00  0.1535E+02
   9.360  0.7519E+00  0.1537E+02
   9.380  0.7344E+00  0.1538E+02
   9.400  0.7168E+00  0.1540E+02
   9.420  0.7013E+00  0.1541E+02
   9.440  0.6891E+00  0.1542E+02
   9.460  0.6803E+00  0.1544E+02
   9.480  0.6736E+00  0.1545E+02
   9.500  0.6672E+00  0.1546E+02
   9.520  0.6603E+00  0.1548E+02
   9.540  0.6527E+00  0.1549E+02
   9.560  0.6454E+00  0.1550E+02
   9.580  0.6395E+00  0.1552E+02
   9.600  0.6356E+00  0.1553E+02
   9.620  0.6334E+00  0.1554E+02
   9.640  0.6317E+00  0.1555E+02
   9.660  0.6290E+00  0.1557E+02
   9.680  0.6245E+00  0.1558E+02
   9.700  0.6181E+00  0.1559E+02
   9.720  0.6109E+00  0.1560E+02
   9.740  0.6045E+00  0.1562E+02
   9.760  0.6001E+00  0.1563E+02
   9.780  0.5981E+00  0.1564E+02
   9.800  0.5974E+00  0.1565E+02
   9.820  0.5965E+00  0.1566E+02
   9.840  0.5936E+00  0.1568E+02
   9.860  0.5872E+00  0.1569E+02
   9.880  0.5769E+00  0.1570E+02
   9.900  0.5624E+00  0.1571E+02
   9.920  0.5438E+00  0.1572E+02
   9.940  0.5206E+00  0.1573E+02
   9.960  0.4924E+00  0.1574E+02
   9.980  0.4587E+00  0.1575E+02
  10.000  0.4204E+00  0.1576E+02
  10.020  0.3795E+00  0.1577E+02
  10.040  0.3394E+00  0.1577E+02
  10.060  0.3036E+00  0.1578E+02
  10.080  0.2747E+00  0.1579E+02
  10.100  0.2533E+00  0.1579E+02
  10.120  0.2383E+00  0.1579E+02
  10.140  0.2275E+00  0.1580E+02
  10.160  0.2189E+00  0.1580E+02
  10.180  0.2115E+00  0.1581E+02
  10.200  0.2053E+00  0.1581E+02
  10.220  0.2010E+00  0.1582E+02
  10.240  0.1990E+00  0.1582E+02
  10.260  0.1985E+00  0.1582E+02
  10.280  0.1983E+00  0.1583E+02
  10.300  0.1969E+00  0.1583E+02
  10.320  0.1938E+00  0.1584E+02
  10.340  0.1895E+00  0.1584E+02
  10.360  0.1855E+00  0.1584E+02
  10.380  0.1829E+00  0.1585E+02
  10.400  0.1819E+00  0.1585E+02
  10.420  0.1819E+00  0.1585E+02
  10.440  0.1815E+00  0.1586E+02
  10.460  0.1799E+00  0.1586E+02
  10.480  0.1769E+00  0.1587E+02
  10.500  0.1736E+00  0.1587E+02
  10.520  0.1708E+00  0.1587E+02
  10.540  0.1689E+00  0.1588E+02
  10.560  0.1679E+00  0.1588E+02
  10.580  0.1670E+00  0.1588E+02
  10.600  0.1658E+00  0.1589E+02
  10.620  0.1642E+00  0.1589E+02
  10.640  0.1625E+00  0.1589E+02
  10.660  0.1609E+00  0.1590E+02
  10.680  0.1596E+00  0.1590E+02
  10.700  0.1580E+00  0.1590E+02
  10.720  0.1562E+00  0.1590E+02
  10.740  0.1541E+00  0.1591E+02
  10.760  0.1525E+00  0.1591E+02
  10.780  0.1518E+00  0.1591E+02
  10.800  0.1518E+00  0.1592E+02
  10.820  0.1520E+00  0.1592E+02
  10.840  0.1515E+00  0.1592E+02
  10.860  0.1499E+00  0.1593E+02
  10.880  0.1476E+00  0.1593E+02
  10.900  0.1457E+00  0.1593E+02
  10.920  0.1448E+00  0.1593E+02
  10.940  0.1452E+00  0.1594E+02
  10.960  0.1464E+00  0.1594E+02
  10.980  0.1475E+00  0.1594E+02
  11.000  0.1479E+00  0.1595E+02
  11.020  0.1476E+00  0.1595E+02
  11.040  0.1474E+00  0.1595E+02
  11.060  0.1481E+00  0.1596E+02
  11.080  0.1504E+00  0.1596E+02
  11.100  0.1546E+00  0.1596E+02
  11.120  0.1604E+00  0.1596E+02
  11.140  0.1671E+00  0.1597E+02
  11.160  0.1737E+00  0.1597E+02
  11.180  0.1790E+00  0.1597E+02
  11.200  0.1815E+00  0.1598E+02
  11.220  0.1798E+00  0.1598E+02
  11.240  0.1730E+00  0.1599E+02
  11.260  0.1605E+00  0.1599E+02
  11.280  0.1425E+00  0.1599E+02
  11.300  0.1205E+00  0.1599E+02
  11.320  0.9637E-01  0.1600E+02
  11.340  0.7254E-01  0.1600E+02
  11.360  0.5115E-01  0.1600E+02
  11.380  0.3367E-01  0.1600E+02
  11.400  0.2061E-01  0.1600E+02
  11.420  0.1171E-01  0.1600E+02
  11.440  0.6162E-02  0.1600E+02
  11.460  0.2997E-02  0.1600E+02
  11.480  0.1345E-02  0.1600E+02
  11.500  0.5569E-03  0.1600E+02
  11.520  0.2123E-03  0.1600E+02
  11.540  0.7453E-04  0.1600E+02
  11.560  0.2406E-04  0.1600E+02
  11.580  0.7142E-05  0.1600E+02
  11.600  0.1948E-05  0.1600E+02
  11.620  0.4881E-06  0.1600E+02
  11.640  0.1123E-06  0.1600E+02
  11.660  0.2371E-07  0.1600E+02
  11.680  0.4596E-08  0.1600E+02
  11.700  0.8172E-09  0.1600E+02
  11.720  0.1333E-09  0.1600E+02
  11.740  0.1994E-10  0.1600E+02
  11.760  0.2736E-11  0.1600E+02
  11.780  0.3443E-12  0.1600E+02
  11.800  0.3971E-13  0.1600E+02
  11.820  0.4198E-14  0.1600E+02
  11.840  0.4069E-15  0.1600E+02
  11.860  0.3615E-16  0.1600E+02
  11.880  0.2943E-17  0.1600E+02
  11.900  0.2196E-18  0.1600E+02
  11.920  0.1501E-19  0.1600E+02
  11.940  0.9405E-21  0.1600E+02
  11.960  0.5399E-22  0.1600E+02
  11.980  0.2840E-23  0.1600E+02
  12.000  0.1369E-24  0.1600E+02
  12.020  0.6043E-26  0.1600E+02
  12.040  0.2444E-27  0.1600E+02
  12.060  0.9057E-29  0.1600E+02
  12.080  0.3075E-30  0.1600E+02
  12.100  0.9562E-32  0.1600E+02
  12.120  0.2724E-33  0.1600E+02
  12.140  0.7109E-35  0.1600E+02
  12.160  0.1699E-36  0.1600E+02
  12.180  0.3721E-38  0.1600E+02
  12.200  0.7463E-40  0.1600E+02
  12.220  0.1371E-41  0.1600E+02
  12.240  0.2307E-43  0.1600E+02
  12.260  0.3557E-45  0.1600E+02
  12.280  0.5021E-47  0.1600E+02
  12.300  0.6493E-49  0.1600E+02
  12.320  0.7691E-51  0.1600E+02
  12.340  0.8343E-53  0.1600E+02
  12.360  0.8290E-55  0.1600E+02
  12.380  0.7544E-57  0.1600E+02
  12.400  0.6288E-59  0.1600E+02
  12.420  0.4800E-61  0.1600E+02
  12.440  0.3356E-63  0.1600E+02
  12.460  0.2149E-65  0.1600E+02
  12.480  0.1260E-67  0.1600E+02
  12.500  0.6770E-70  0.1600E+02
  12.520  0.3330E-72  0.1600E+02
  12.540  0.1500E-74  0.1600E+02
  12.560  0.6191E-77  0.1600E+02
  12.580  0.2340E-79  0.1600E+02
  12.600  0.8110E-82  0.1600E+02
  12.620  0.3878E-84  0.1600E+02
  12.640  0.1319E-84  0.1600E+02
  12.660  0.1312E-84  0.1600E+02
  12.680  0.1312E-84  0.1600E+02
  12.700  0.1312E-84  0.1600E+02
  12.720  0.1312E-84  0.1600E+02
  12.740  0.1312E-84  0.1600E+02
  12.760  0.1312E-84  0.1600E+02
  12.780  0.1312E-84  0.1600E+02
  12.800  0.1312E-84  0.1600E+02
  12.820  0.1312E-84  0.1600E+02
  12.840  0.1312E-84  0.1600E+02
  12.860  0.1312E-84  0.1600E+02
  12.880  0.1312E-84  0.1600E+02
  12.900  0.1312E-84  0.1600E+02
  12.920  0.1312E-84  0.1600E+02
  12.940  0.1312E-84  0.1600E+02
  12.960  0.1312E-84  0.1600E+02
  12.980  0.1312E-84  0.1600E+02
  13.000  0.1312E-84  0.1600E+02
  13.020  0.1312E-84  0.1600E+02
  13.040  0.1312E-84  0.1600E+02
  13.060  0.1312E-84  0.1600E+02
  13.080  0.1312E-84  0.1600E+02
  13.100  0.1312E-84  0.1600E+02
  13.120  0.1312E-84  0.1600E+02
  13.140  0.1312E-84  0.1600E+02
  13.160  0.1312E-84  0.1600E+02
  13.180  0.1312E-84  0.1600E+02
  13.200  0.1312E-84  0.1600E+02
  13.220  0.1312E-84  0.1600E+02
  13.240  0.1312E-84  0.1600E+02
  13.260  0.1312E-84  0.1600E+02
  13.280  0.1312E-84  0.1600E+02
  13.300  0.1312E-84  0.1600E+02
  13.320  0.1312E-84  0.1600E+02
  13.340  0.1312E-84  0.1600E+02
  13.360  0.1312E-84  0.1600E+02
  13.380  0.1312E-84  0.1600E+02
  13.400  0.1312E-84  0.1600E+02
  13.420  0.1312E-84  0.1600E+02
  13.440  0.1312E-84  0.1600E+02
  13.460  0.1312E-84  0.1600E+02
  13.480  0.1312E-84  0.1600E+02
  13.500  0.1312E-84  0.1600E+02
  13.520  0.1312E-84  0.1600E+02
  13.540  0.1312E-84  0.1600E+02
  13.560  0.1312E-84  0.1600E+02
  13.580  0.1312E-84  0.1600E+02
  13.600  0.1312E-84  0.1600E+02
  13.620  0.1312E-84  0.1600E+02
  13.640  0.1312E-84  0.1600E+02
  13.660  0.1312E-84  0.1600E+02
  13.680  0.1312E-84  0.1600E+02
  13.700  0.1312E-84  0.1600E+02
  13.720  0.1312E-84  0.1600E+02
  13.740  0.1312E-84  0.1600E+02
  13.760  0.1312E-84  0.1600E+02
  13.780  0.1312E-84  0.1600E+02
  13.800  0.1312E-84  0.1600E+02
  13.820  0.1312E-84  0.1600E+02
  13.840  0.1312E-84  0.1600E+02
  13.860  0.1312E-84  0.1600E+02
  13.880  0.1312E-84  0.1600E+02
  13.900  0.1312E-84  0.1600E+02
  13.920  0.1312E-84  0.1600E+02
  13.940  0.1312E-84  0.1600E+02
  13.960  0.1312E-84  0.1600E+02
  13.980  0.1312E-84  0.1600E+02
  14.000  0.1312E-84  0.1600E+02
  14.020  0.1312E-84  0.1600E+02
  14.040  0.1312E-84  0.1600E+02
  14.060  0.1312E-84  0.1600E+02
  14.080  0.1312E-84  0.1600E+02
  14.100  0.1312E-84  0.1600E+02
  14.120  0.1312E-84  0.1600E+02
  14.140  0.1312E-84  0.1600E+02
  14.160  0.1312E-84  0.1600E+02
  14.180  0.1312E-84  0.1600E+02
  14.200  0.1312E-84  0.1600E+02
  14.220  0.1312E-84  0.1600E+02
  14.240  0.1312E-84  0.1600E+02
  14.260  0.1312E-84  0.1600E+02
  14.280  0.1312E-84  0.1600E+02
  14.300  0.1312E-84  0.1600E+02
  14.320  0.1312E-84  0.1600E+02
  14.340  0.1312E-84  0.1600E+02
  14.360  0.1312E-84  0.1600E+02
  14.380  0.1312E-84  0.1600E+02
  14.400  0.1312E-84  0.1600E+02
  14.420  0.1312E-84  0.1600E+02
  14.440  0.1312E-84  0.1600E+02
  14.460  0.1312E-84  0.1600E+02
  14.480  0.1312E-84  0.1600E+02
  14.500  0.1312E-84  0.1600E+02
  14.520  0.1312E-84  0.1600E+02
  14.540  0.1312E-84  0.1600E+02
  14.560  0.1312E-84  0.1600E+02
  14.580  0.1312E-84  0.1600E+02
  14.600  0.1312E-84  0.1600E+02
  14.620  0.1312E-84  0.1600E+02
  14.640  0.1312E-84  0.1600E+02
  14.660  0.1312E-84  0.1600E+02
  14.680  0.1312E-84  0.1600E+02
  14.700  0.1312E-84  0.1600E+02
  14.720  0.1312E-84  0.1600E+02
  14.740  0.1312E-84  0.1600E+02
  14.760  0.1312E-84  0.1600E+02
  14.780  0.1312E-84  0.1600E+02
  14.800  0.1312E-84  0.1600E+02
  14.820  0.1312E-84  0.1600E+02
  14.840  0.1312E-84  0.1600E+02
  14.860  0.1312E-84  0.1600E+02
  14.880  0.1312E-84  0.1600E+02
  14.900  0.1312E-84  0.1600E+02
  14.920  0.1312E-84  0.1600E+02
  14.940  0.1312E-84  0.1600E+02
  14.960  0.1312E-84  0.1600E+02
  14.980  0.1312E-84  0.1600E+02
  15.000  0.1312E-84  0.1600E+02
