 &plot nbnd=  20, nks=   401 /
            0.000000  0.000000  0.000000
  -22.599  -21.142  -19.072  -15.595  -12.631  -10.655   -9.705   -9.584   -9.103   -8.352
   -7.566   -7.143   -7.088   -0.998   -0.397   -0.327    0.067    0.122    0.134    0.223
            0.000000  0.000000  0.002500
  -22.599  -21.142  -19.072  -15.595  -12.631  -10.654   -9.705   -9.585   -9.102   -8.353
   -7.566   -7.143   -7.088   -0.998   -0.397   -0.327    0.067    0.122    0.134    0.223
            0.000000  0.000000  0.005000
  -22.599  -21.142  -19.072  -15.595  -12.631  -10.654   -9.706   -9.586   -9.102   -8.354
   -7.566   -7.145   -7.088   -0.998   -0.396   -0.326    0.068    0.122    0.134    0.224
            0.000000  0.000000  0.007500
  -22.598  -21.141  -19.072  -15.594  -12.631  -10.653   -9.707   -9.587   -9.101   -8.357
   -7.566   -7.147   -7.087   -0.998   -0.396   -0.326    0.069    0.123    0.135    0.224
            0.000000  0.000000  0.010000
  -22.597  -21.141  -19.071  -15.594  -12.630  -10.652   -9.708   -9.589   -9.100   -8.361
   -7.567   -7.150   -7.086   -0.998   -0.395   -0.325    0.070    0.124    0.136    0.225
            0.000000  0.000000  0.012500
  -22.596  -21.140  -19.070  -15.593  -12.630  -10.651   -9.710   -9.592   -9.099   -8.366
   -7.567   -7.154   -7.085   -0.998   -0.394   -0.323    0.071    0.125    0.137    0.227
            0.000000  0.000000  0.015000
  -22.595  -21.139  -19.069  -15.592  -12.629  -10.650   -9.712   -9.596   -9.098   -8.371
   -7.568   -7.159   -7.083   -0.998   -0.392   -0.322    0.073    0.127    0.139    0.228
            0.000000  0.000000  0.017500
  -22.594  -21.137  -19.068  -15.591  -12.628  -10.648   -9.714   -9.599   -9.096   -8.378
   -7.569   -7.165   -7.082   -0.998   -0.390   -0.320    0.075    0.129    0.141    0.230
            0.000000  0.000000  0.020000
  -22.592  -21.136  -19.066  -15.590  -12.627  -10.646   -9.717   -9.603   -9.094   -8.386
   -7.570   -7.172   -7.080   -0.998   -0.388   -0.318    0.077    0.131    0.143    0.233
            0.000000  0.000000  0.022500
  -22.590  -21.134  -19.064  -15.588  -12.626  -10.644   -9.721   -9.608   -9.092   -8.395
   -7.571   -7.180   -7.077   -0.998   -0.386   -0.315    0.079    0.133    0.146    0.235
            0.000000  0.000000  0.025000
  -22.588  -21.132  -19.062  -15.586  -12.625  -10.642   -9.726   -9.612   -9.090   -8.405
   -7.572   -7.189   -7.075   -0.998   -0.384   -0.313    0.082    0.136    0.149    0.238
            0.000000  0.000000  0.027500
  -22.586  -21.129  -19.060  -15.585  -12.623  -10.639   -9.732   -9.616   -9.087   -8.416
   -7.574   -7.199   -7.072   -0.999   -0.381   -0.310    0.085    0.139    0.152    0.241
            0.000000  0.000000  0.030000
  -22.583  -21.127  -19.058  -15.583  -12.622  -10.636   -9.739   -9.620   -9.084   -8.428
   -7.575   -7.209   -7.069   -0.999   -0.378   -0.307    0.089    0.142    0.155    0.245
            0.000000  0.000000  0.032500
  -22.581  -21.124  -19.055  -15.580  -12.620  -10.633   -9.747   -9.625   -9.081   -8.441
   -7.577   -7.221   -7.066   -0.999   -0.374   -0.303    0.092    0.146    0.159    0.249
            0.000000  0.000000  0.035000
  -22.578  -21.121  -19.053  -15.578  -12.619  -10.629   -9.756   -9.628   -9.077   -8.455
   -7.579   -7.233   -7.062   -0.999   -0.371   -0.300    0.096    0.150    0.163    0.253
            0.000000  0.000000  0.037500
  -22.575  -21.118  -19.050  -15.575  -12.617  -10.625   -9.766   -9.632   -9.073   -8.470
   -7.581   -7.246   -7.059   -0.999   -0.367   -0.295    0.101    0.154    0.167    0.257
            0.000000  0.000000  0.040000
  -22.571  -21.115  -19.046  -15.573  -12.615  -10.621   -9.778   -9.635   -9.069   -8.485
   -7.584   -7.260   -7.054   -0.999   -0.363   -0.291    0.105    0.159    0.172    0.262
            0.000000  0.000000  0.042500
  -22.568  -21.111  -19.043  -15.570  -12.613  -10.617   -9.791   -9.637   -9.065   -8.502
   -7.586   -7.275   -7.050   -0.999   -0.358   -0.287    0.110    0.164    0.177    0.267
            0.000000  0.000000  0.045000
  -22.564  -21.108  -19.040  -15.567  -12.611  -10.612   -9.805   -9.639   -9.061   -8.520
   -7.589   -7.291   -7.046   -1.000   -0.353   -0.282    0.115    0.169    0.182    0.272
            0.000000  0.000000  0.047500
  -22.560  -21.104  -19.036  -15.563  -12.608  -10.607   -9.821   -9.641   -9.056   -8.538
   -7.592   -7.307   -7.041   -1.000   -0.349   -0.277    0.121    0.174    0.188    0.278
            0.000000  0.000000  0.050000
  -22.555  -21.099  -19.032  -15.560  -12.606  -10.602   -9.837   -9.643   -9.051   -8.557
   -7.595   -7.324   -7.036   -1.000   -0.343   -0.271    0.127    0.180    0.193    0.284
            0.000000  0.000000  0.052500
  -22.551  -21.095  -19.028  -15.556  -12.604  -10.597   -9.855   -9.644   -9.046   -8.578
   -7.598   -7.343   -7.030   -1.001   -0.338   -0.266    0.133    0.186    0.199    0.290
            0.000000  0.000000  0.055000
  -22.546  -21.090  -19.023  -15.553  -12.601  -10.591   -9.874   -9.646   -9.040   -8.599
   -7.602   -7.361   -7.025   -1.001   -0.332   -0.260    0.139    0.192    0.206    0.297
            0.000000  0.000000  0.057500
  -22.541  -21.086  -19.019  -15.549  -12.598  -10.586   -9.894   -9.646   -9.034   -8.621
   -7.606   -7.381   -7.019   -1.001   -0.326   -0.253    0.146    0.198    0.213    0.304
            0.000000  0.000000  0.060000
  -22.536  -21.081  -19.014  -15.545  -12.595  -10.579   -9.914   -9.647   -9.028   -8.643
   -7.610   -7.402   -7.012   -1.002   -0.320   -0.247    0.153    0.205    0.220    0.311
            0.000000  0.000000  0.062500
  -22.531  -21.075  -19.009  -15.540  -12.592  -10.573   -9.936   -9.648   -9.022   -8.667
   -7.614   -7.423   -7.006   -1.002   -0.313   -0.240    0.160    0.212    0.227    0.318
            0.000000  0.000000  0.065000
  -22.525  -21.070  -19.004  -15.536  -12.589  -10.566   -9.959   -9.649   -9.015   -8.691
   -7.619   -7.445   -6.999   -1.003   -0.306   -0.233    0.167    0.220    0.234    0.326
            0.000000  0.000000  0.067500
  -22.519  -21.064  -18.998  -15.531  -12.586  -10.560   -9.982   -9.649   -9.009   -8.716
   -7.623   -7.468   -6.992   -1.004   -0.299   -0.226    0.175    0.228    0.242    0.334
            0.000000  0.000000  0.070000
  -22.513  -21.058  -18.993  -15.526  -12.583  -10.552  -10.007   -9.649   -9.001   -8.742
   -7.628   -7.491   -6.985   -1.004   -0.292   -0.218    0.183    0.236    0.250    0.343
            0.000000  0.000000  0.072500
  -22.507  -21.052  -18.987  -15.522  -12.579  -10.545  -10.032   -9.650   -8.994   -8.768
   -7.634   -7.515   -6.978   -1.005   -0.284   -0.210    0.192    0.244    0.259    0.351
            0.000000  0.000000  0.075000
  -22.501  -21.046  -18.981  -15.516  -12.576  -10.537  -10.058   -9.650   -8.987   -8.796
   -7.639   -7.540   -6.970   -1.006   -0.277   -0.202    0.200    0.253    0.268    0.360
            0.000000  0.000000  0.077500
  -22.494  -21.039  -18.975  -15.511  -12.572  -10.529  -10.085   -9.650   -8.979   -8.824
   -7.645   -7.565   -6.962   -1.007   -0.268   -0.194    0.209    0.261    0.277    0.370
            0.000000  0.000000  0.080000
  -22.487  -21.033  -18.968  -15.506  -12.568  -10.521  -10.113   -9.651   -8.971   -8.852
   -7.651   -7.591   -6.954   -1.008   -0.260   -0.185    0.218    0.271    0.286    0.379
            0.000000  0.000000  0.082500
  -22.480  -21.026  -18.962  -15.500  -12.565  -10.513  -10.141   -9.651   -8.962   -8.881
   -7.657   -7.618   -6.945   -1.009   -0.251   -0.176    0.228    0.280    0.296    0.389
            0.000000  0.000000  0.085000
  -22.473  -21.018  -18.955  -15.494  -12.561  -10.504  -10.170   -9.651   -8.954   -8.911
   -7.664   -7.645   -6.937   -1.010   -0.243   -0.167    0.238    0.290    0.306    0.399
            0.000000  0.000000  0.087500
  -22.465  -21.011  -18.948  -15.488  -12.557  -10.495  -10.200   -9.651   -8.945   -8.942
   -7.677   -7.667   -6.928   -1.011   -0.233   -0.158    0.248    0.300    0.316    0.410
            0.000000  0.000000  0.090000
  -22.458  -21.003  -18.941  -15.482  -12.552  -10.486  -10.231   -9.651   -8.973   -8.936
   -7.703   -7.676   -6.918   -1.013   -0.224   -0.148    0.258    0.311    0.326    0.421
            0.000000  0.000000  0.092500
  -22.450  -20.996  -18.933  -15.476  -12.548  -10.476  -10.262   -9.652   -9.005   -8.926
   -7.732   -7.684   -6.909   -1.014   -0.214   -0.138    0.269    0.321    0.337    0.432
            0.000000  0.000000  0.095000
  -22.441  -20.988  -18.926  -15.470  -12.544  -10.466  -10.294   -9.652   -9.037   -8.917
   -7.761   -7.691   -6.899   -1.016   -0.204   -0.128    0.280    0.332    0.348    0.443
            0.000000  0.000000  0.097500
  -22.433  -20.979  -18.918  -15.463  -12.540  -10.456  -10.326   -9.652   -9.070   -8.907
   -7.792   -7.699   -6.889   -1.018   -0.194   -0.117    0.291    0.344    0.359    0.455
            0.000000  0.000000  0.100000
  -22.424  -20.971  -18.910  -15.456  -12.535  -10.446  -10.360   -9.652   -9.103   -8.897
   -7.822   -7.707   -6.878   -1.019   -0.184   -0.106    0.302    0.355    0.371    0.467
            0.000000  0.000000  0.102500
  -22.415  -20.962  -18.901  -15.450  -12.531  -10.436  -10.393   -9.653   -9.137   -8.886
   -7.853   -7.715   -6.868   -1.021   -0.173   -0.095    0.314    0.367    0.383    0.479
            0.000000  0.000000  0.105000
  -22.406  -20.953  -18.893  -15.443  -12.526  -10.428  -10.425   -9.653   -9.171   -8.876
   -7.885   -7.724   -6.857   -1.023   -0.162   -0.084    0.326    0.379    0.395    0.492
            0.000000  0.000000  0.107500
  -22.397  -20.944  -18.884  -15.435  -12.521  -10.462  -10.414   -9.654   -9.206   -8.865
   -7.917   -7.733   -6.846   -1.026   -0.151   -0.072    0.338    0.392    0.408    0.505
            0.000000  0.000000  0.110000
  -22.388  -20.935  -18.876  -15.428  -12.517  -10.498  -10.403   -9.654   -9.241   -8.854
   -7.950   -7.742   -6.835   -1.028   -0.140   -0.061    0.351    0.405    0.420    0.518
            0.000000  0.000000  0.112500
  -22.378  -20.925  -18.866  -15.421  -12.512  -10.534  -10.391   -9.655   -9.277   -8.842
   -7.983   -7.751   -6.823   -1.031   -0.128   -0.048    0.364    0.418    0.433    0.532
            0.000000  0.000000  0.115000
  -22.368  -20.916  -18.857  -15.413  -12.507  -10.570  -10.379   -9.656   -9.313   -8.831
   -8.016   -7.761   -6.811   -1.033   -0.116   -0.036    0.377    0.431    0.447    0.546
            0.000000  0.000000  0.117500
  -22.358  -20.906  -18.848  -15.405  -12.502  -10.607  -10.367   -9.657   -9.350   -8.819
   -8.050   -7.771   -6.799   -1.036   -0.104   -0.023    0.390    0.445    0.460    0.560
            0.000000  0.000000  0.120000
  -22.347  -20.896  -18.838  -15.397  -12.497  -10.645  -10.355   -9.658   -9.387   -8.807
   -8.084   -7.781   -6.787   -1.039   -0.092   -0.011    0.404    0.459    0.474    0.574
            0.000000  0.000000  0.122500
  -22.337  -20.885  -18.828  -15.389  -12.492  -10.683  -10.342   -9.659   -9.424   -8.794
   -8.119   -7.791   -6.774   -1.042   -0.079    0.003    0.418    0.474    0.488    0.589
            0.000000  0.000000  0.125000
  -22.326  -20.875  -18.818  -15.381  -12.487  -10.721  -10.330   -9.661   -9.462   -8.782
   -8.153   -7.802   -6.761   -1.046   -0.066    0.016    0.432    0.488    0.503    0.604
            0.000000  0.000000  0.127500
  -22.315  -20.864  -18.808  -15.373  -12.482  -10.760  -10.316   -9.663   -9.499   -8.769
   -8.189   -7.813   -6.748   -1.049   -0.053    0.030    0.447    0.503    0.517    0.620
            0.000000  0.000000  0.130000
  -22.304  -20.853  -18.798  -15.365  -12.477  -10.799  -10.303   -9.665   -9.537   -8.756
   -8.224   -7.824   -6.735   -1.053   -0.040    0.043    0.461    0.519    0.532    0.635
            0.000000  0.000000  0.132500
  -22.292  -20.842  -18.787  -15.356  -12.472  -10.839  -10.290   -9.668   -9.575   -8.742
   -8.259   -7.836   -6.721   -1.057   -0.026    0.058    0.476    0.534    0.547    0.651
            0.000000  0.000000  0.135000
  -22.281  -20.830  -18.776  -15.347  -12.467  -10.879  -10.276   -9.673   -9.611   -8.729
   -8.295   -7.848   -6.707   -1.061   -0.012    0.072    0.492    0.550    0.563    0.668
            0.000000  0.000000  0.137500
  -22.269  -20.819  -18.765  -15.339  -12.462  -10.919  -10.262   -9.683   -9.642   -8.715
   -8.331   -7.860   -6.693   -1.066    0.002    0.087    0.507    0.566    0.578    0.684
            0.000000  0.000000  0.140000
  -22.257  -20.807  -18.754  -15.330  -12.456  -10.960  -10.247   -9.708   -9.659   -8.701
   -8.367   -7.872   -6.678   -1.070    0.016    0.102    0.523    0.583    0.594    0.701
            0.000000  0.000000  0.142500
  -22.244  -20.795  -18.742  -15.321  -12.451  -11.001  -10.233   -9.743   -9.667   -8.686
   -8.403   -7.885   -6.664   -1.075    0.031    0.117    0.539    0.600    0.610    0.719
            0.000000  0.000000  0.145000
  -22.232  -20.782  -18.731  -15.312  -12.446  -11.043  -10.218   -9.781   -9.672   -8.672
   -8.439   -7.897   -6.649   -1.080    0.045    0.132    0.555    0.617    0.626    0.736
            0.000000  0.000000  0.147500
  -22.219  -20.770  -18.719  -15.302  -12.441  -11.084  -10.203   -9.821   -9.676   -8.657
   -8.476   -7.910   -6.634   -1.086    0.060    0.148    0.572    0.635    0.643    0.754
            0.000000  0.000000  0.150000
  -22.206  -20.757  -18.707  -15.293  -12.436  -11.126  -10.187   -9.861   -9.680   -8.642
   -8.512   -7.924   -6.618   -1.091    0.076    0.164    0.589    0.653    0.660    0.772
            0.000000  0.000000  0.152500
  -22.193  -20.744  -18.694  -15.284  -12.431  -11.169  -10.172   -9.901   -9.685   -8.626
   -8.548   -7.938   -6.603   -1.097    0.091    0.180    0.606    0.671    0.676    0.791
            0.000000  0.000000  0.155000
  -22.180  -20.731  -18.682  -15.274  -12.426  -11.211  -10.156   -9.941   -9.690   -8.611
   -8.584   -7.951   -6.587   -1.104    0.107    0.196    0.623    0.689    0.694    0.809
            0.000000  0.000000  0.157500
  -22.166  -20.718  -18.669  -15.264  -12.422  -11.254  -10.140   -9.982   -9.695   -8.620
   -8.595   -7.966   -6.571   -1.110    0.123    0.213    0.641    0.708    0.711    0.828
            0.000000  0.000000  0.160000
  -22.152  -20.704  -18.656  -15.255  -12.417  -11.297  -10.124  -10.023   -9.701   -8.655
   -8.579   -7.980   -6.554   -1.117    0.139    0.230    0.659    0.727    0.728    0.848
            0.000000  0.000000  0.162500
  -22.138  -20.690  -18.643  -15.245  -12.412  -11.340  -10.107  -10.063   -9.707   -8.690
   -8.563   -7.995   -6.537   -1.124    0.155    0.247    0.677    0.746    0.747    0.867
            0.000000  0.000000  0.165000
  -22.124  -20.677  -18.630  -15.235  -12.408  -11.384  -10.104  -10.090   -9.714   -8.725
   -8.546   -8.010   -6.520   -1.131    0.172    0.264    0.695    0.763    0.766    0.887
            0.000000  0.000000  0.167500
  -22.109  -20.662  -18.617  -15.225  -12.404  -11.427  -10.145  -10.073   -9.722   -8.760
   -8.529   -8.025   -6.503   -1.139    0.189    0.282    0.714    0.781    0.786    0.908
            0.000000  0.000000  0.170000
  -22.095  -20.648  -18.603  -15.215  -12.400  -11.471  -10.186  -10.056   -9.730   -8.794
   -8.512   -8.041   -6.486   -1.147    0.206    0.299    0.733    0.799    0.807    0.928
            0.000000  0.000000  0.172500
  -22.080  -20.633  -18.589  -15.205  -12.396  -11.515  -10.227  -10.038   -9.740   -8.827
   -8.495   -8.057   -6.468   -1.155    0.223    0.318    0.752    0.817    0.828    0.949
            0.000000  0.000000  0.175000
  -22.065  -20.619  -18.575  -15.195  -12.392  -11.559  -10.267  -10.020   -9.750   -8.860
   -8.478   -8.073   -6.450   -1.164    0.240    0.336    0.772    0.834    0.849    0.970
            0.000000  0.000000  0.177500
  -22.049  -20.604  -18.561  -15.185  -12.389  -11.603  -10.308  -10.002   -9.761   -8.892
   -8.460   -8.089   -6.432   -1.173    0.258    0.354    0.792    0.852    0.870    0.992
            0.000000  0.000000  0.180000
  -22.034  -20.588  -18.546  -15.175  -12.386  -11.647  -10.348   -9.984   -9.773   -8.923
   -8.442   -8.106   -6.414   -1.182    0.276    0.373    0.812    0.870    0.892    1.013
            0.000000  0.000000  0.182500
  -22.018  -20.573  -18.531  -15.165  -12.383  -11.692  -10.389   -9.965   -9.787   -8.954
   -8.424   -8.122   -6.395   -1.192    0.294    0.392    0.832    0.887    0.914    1.036
            0.000000  0.000000  0.185000
  -22.002  -20.557  -18.517  -15.154  -12.380  -11.736  -10.428   -9.946   -9.802   -8.983
   -8.405   -8.140   -6.376   -1.202    0.313    0.411    0.853    0.905    0.936    1.058
            0.000000  0.000000  0.187500
  -21.986  -20.541  -18.502  -15.144  -12.378  -11.780  -10.468   -9.927   -9.818   -9.011
   -8.387   -8.157   -6.357   -1.212    0.331    0.431    0.874    0.922    0.958    1.081
            0.000000  0.000000  0.190000
  -21.970  -20.525  -18.486  -15.134  -12.376  -11.825  -10.507   -9.908   -9.835   -9.038
   -8.368   -8.175   -6.338   -1.223    0.350    0.450    0.895    0.938    0.981    1.104
            0.000000  0.000000  0.192500
  -21.953  -20.509  -18.471  -15.124  -12.375  -11.869  -10.546   -9.888   -9.854   -9.063
   -8.348   -8.192   -6.318   -1.234    0.369    0.470    0.916    0.954    1.005    1.127
            0.000000  0.000000  0.195000
  -21.936  -20.493  -18.455  -15.114  -12.374  -11.914  -10.585   -9.874   -9.869   -9.088
   -8.329   -8.211   -6.298   -1.246    0.388    0.490    0.938    0.970    1.028    1.151
            0.000000  0.000000  0.197500
  -21.919  -20.476  -18.439  -15.104  -12.374  -11.958  -10.623   -9.896   -9.849   -9.111
   -8.310   -8.229   -6.278   -1.257    0.407    0.510    0.960    0.984    1.052    1.175
            0.000000  0.000000  0.200000
  -21.902  -20.459  -18.423  -15.094  -12.374  -12.002  -10.660   -9.920   -9.828   -9.133
   -8.290   -8.248   -6.258   -1.270    0.427    0.531    0.983    0.998    1.076    1.199
            0.000000  0.000000  0.202500
  -21.884  -20.442  -18.407  -15.084  -12.375  -12.047  -10.697   -9.945   -9.808   -9.153
   -8.270   -8.267   -6.237   -1.282    0.447    0.552    1.005    1.011    1.101    1.223
            0.000000  0.000000  0.205000
  -21.867  -20.425  -18.391  -15.074  -12.377  -12.091  -10.733   -9.971   -9.787   -9.172
   -8.286   -8.249   -6.216   -1.296    0.467    0.573    1.023    1.028    1.125    1.248
            0.000000  0.000000  0.207500
  -21.849  -20.407  -18.374  -15.064  -12.379  -12.135  -10.769   -9.999   -9.766   -9.190
   -8.305   -8.229   -6.195   -1.309    0.487    0.594    1.033    1.051    1.151    1.273
            0.000000  0.000000  0.210000
  -21.831  -20.389  -18.357  -15.054  -12.382  -12.178  -10.804  -10.029   -9.745   -9.206
   -8.325   -8.208   -6.174   -1.323    0.507    0.615    1.041    1.075    1.176    1.299
            0.000000  0.000000  0.212500
  -21.812  -20.371  -18.340  -15.045  -12.387  -12.222  -10.838  -10.060   -9.723   -9.222
   -8.345   -8.187   -6.153   -1.337    0.528    0.636    1.048    1.098    1.202    1.324
            0.000000  0.000000  0.215000
  -21.794  -20.353  -18.323  -15.036  -12.392  -12.265  -10.870  -10.092   -9.702   -9.236
   -8.365   -8.166   -6.131   -1.352    0.549    0.658    1.053    1.122    1.228    1.350
            0.000000  0.000000  0.217500
  -21.775  -20.335  -18.305  -15.026  -12.398  -12.309  -10.902  -10.125   -9.680   -9.249
   -8.386   -8.145   -6.109   -1.367    0.570    0.680    1.056    1.147    1.254    1.377
            0.000000  0.000000  0.220000
  -21.756  -20.316  -18.288  -15.018  -12.405  -12.351  -10.933  -10.160   -9.658   -9.261
   -8.406   -8.123   -6.087   -1.383    0.591    0.702    1.057    1.171    1.281    1.403
            0.000000  0.000000  0.222500
  -21.737  -20.298  -18.270  -15.009  -12.414  -12.393  -10.963  -10.196   -9.635   -9.272
   -8.427   -8.101   -6.064   -1.399    0.612    0.724    1.056    1.196    1.308    1.430
            0.000000  0.000000  0.225000
  -21.718  -20.279  -18.252  -15.000  -12.438  -12.420  -10.991  -10.232   -9.612   -9.282
   -8.449   -8.079   -6.041   -1.415    0.634    0.747    1.053    1.221    1.335    1.458
            0.000000  0.000000  0.227500
  -21.698  -20.260  -18.234  -14.992  -12.479  -12.432  -11.018  -10.270   -9.590   -9.292
   -8.470   -8.057   -6.018   -1.432    0.656    0.770    1.047    1.247    1.363    1.485
            0.000000  0.000000  0.230000
  -21.678  -20.240  -18.215  -14.984  -12.520  -12.444  -11.044  -10.308   -9.566   -9.301
   -8.492   -8.034   -5.995   -1.450    0.678    0.792    1.040    1.272    1.391    1.513
            0.000000  0.000000  0.232500
  -21.658  -20.221  -18.196  -14.977  -12.561  -12.458  -11.069  -10.348   -9.543   -9.309
   -8.514   -8.012   -5.972   -1.467    0.700    0.815    1.031    1.298    1.419    1.541
            0.000000  0.000000  0.235000
  -21.638  -20.201  -18.178  -14.970  -12.602  -12.473  -11.092  -10.388   -9.519   -9.316
   -8.536   -7.989   -5.948   -1.486    0.722    0.839    1.019    1.325    1.447    1.570
            0.000000  0.000000  0.237500
  -21.618  -20.181  -18.159  -14.963  -12.642  -12.489  -11.113  -10.428   -9.496   -9.324
   -8.558   -7.966   -5.925   -1.504    0.745    0.862    1.006    1.351    1.476    1.598
            0.000000  0.000000  0.240000
  -21.597  -20.161  -18.139  -14.957  -12.681  -12.507  -11.133  -10.469   -9.472   -9.330
   -8.581   -7.942   -5.900   -1.524    0.768    0.886    0.992    1.378    1.505    1.627
            0.000000  0.000000  0.242500
  -21.576  -20.140  -18.120  -14.951  -12.720  -12.526  -11.152  -10.511   -9.447   -9.336
   -8.604   -7.919   -5.876   -1.543    0.791    0.909    0.976    1.406    1.535    1.655
            0.000000  0.000000  0.245000
  -21.555  -20.120  -18.100  -14.946  -12.758  -12.546  -11.168  -10.553   -9.423   -9.342
   -8.627   -7.895   -5.852   -1.563    0.814    0.933    0.958    1.433    1.565    1.682
            0.000000  0.000000  0.247500
  -21.534  -20.099  -18.081  -14.942  -12.796  -12.569  -11.184  -10.596   -9.398   -9.348
   -8.650   -7.871   -5.827   -1.584    0.837    0.939    0.957    1.461    1.595    1.710
            0.000000  0.000000  0.250000
  -21.512  -20.078  -18.061  -14.938  -12.832  -12.592  -11.198  -10.639   -9.373   -9.353
   -8.674   -7.847   -5.802   -1.605    0.861    0.918    0.981    1.489    1.625    1.738
            0.000000  0.000000  0.252500
  -21.491  -20.057  -18.040  -14.935  -12.868  -12.617  -11.210  -10.683   -9.358   -9.348
   -8.697   -7.823   -5.777   -1.626    0.884    0.897    1.006    1.518    1.656    1.766
            0.000000  0.000000  0.255000
  -21.469  -20.036  -18.020  -14.932  -12.903  -12.644  -11.221  -10.726   -9.362   -9.322
   -8.721   -7.798   -5.752   -1.648    0.874    0.908    1.030    1.546    1.687    1.795
            0.000000  0.000000  0.257500
  -21.447  -20.014  -17.999  -14.931  -12.937  -12.672  -11.230  -10.771   -9.367   -9.297
   -8.746   -7.773   -5.726   -1.670    0.850    0.932    1.055    1.575    1.718    1.824
            0.000000  0.000000  0.260000
  -21.424  -19.992  -17.979  -14.930  -12.970  -12.701  -11.238  -10.815   -9.371   -9.271
   -8.770   -7.749   -5.700   -1.693    0.825    0.957    1.079    1.605    1.750    1.854
            0.000000  0.000000  0.262500
  -21.402  -19.970  -17.958  -14.930  -13.002  -12.731  -11.245  -10.860   -9.375   -9.245
   -8.795   -7.723   -5.674   -1.716    0.799    0.981    1.104    1.634    1.782    1.884
            0.000000  0.000000  0.265000
  -21.379  -19.948  -17.937  -14.931  -13.032  -12.763  -11.250  -10.904   -9.379   -9.218
   -8.819   -7.698   -5.648   -1.739    0.772    1.006    1.129    1.664    1.814    1.915
            0.000000  0.000000  0.267500
  -21.356  -19.926  -17.915  -14.934  -13.062  -12.796  -11.254  -10.949   -9.383   -9.192
   -8.844   -7.673   -5.622   -1.763    0.745    1.031    1.154    1.694    1.847    1.946
            0.000000  0.000000  0.270000
  -21.333  -19.903  -17.894  -14.937  -13.090  -12.830  -11.257  -10.995   -9.387   -9.165
   -8.870   -7.647   -5.595   -1.788    0.716    1.056    1.179    1.725    1.880    1.977
            0.000000  0.000000  0.272500
  -21.310  -19.880  -17.872  -14.942  -13.117  -12.865  -11.259  -11.040   -9.391   -9.138
   -8.895   -7.621   -5.568   -1.812    0.687    1.081    1.205    1.756    1.913    2.009
            0.000000  0.000000  0.275000
  -21.286  -19.857  -17.850  -14.948  -13.142  -12.900  -11.260  -11.085   -9.395   -9.111
   -8.921   -7.595   -5.541   -1.838    0.657    1.107    1.230    1.787    1.946    2.041
            0.000000  0.000000  0.277500
  -21.263  -19.834  -17.828  -14.955  -13.166  -12.937  -11.260  -11.131   -9.398   -9.084
   -8.947   -7.569   -5.514   -1.863    0.626    1.132    1.255    1.819    1.980    2.074
            0.000000  0.000000  0.280000
  -21.239  -19.811  -17.806  -14.963  -13.188  -12.975  -11.259  -11.176   -9.402   -9.056
   -8.973   -7.543   -5.487   -1.889    0.595    1.158    1.281    1.850    2.014    2.107
            0.000000  0.000000  0.282500
  -21.214  -19.787  -17.783  -14.973  -13.209  -13.013  -11.259  -11.220   -9.406   -9.028
   -8.999   -7.516   -5.459   -1.916    0.562    1.184    1.307    1.882    2.049    2.140
            0.000000  0.000000  0.285000
  -21.190  -19.764  -17.761  -14.984  -13.229  -13.052  -11.276  -11.246   -9.409   -9.025
   -9.000   -7.490   -5.431   -1.943    0.530    1.210    1.332    1.915    2.083    2.173
            0.000000  0.000000  0.287500
  -21.166  -19.740  -17.738  -14.997  -13.246  -13.092  -11.318  -11.246   -9.413   -9.052
   -8.972   -7.463   -5.403   -1.970    0.497    1.237    1.358    1.947    2.119    2.207
            0.000000  0.000000  0.290000
  -21.141  -19.715  -17.715  -15.011  -13.262  -13.132  -11.363  -11.243   -9.417   -9.079
   -8.943   -7.436   -5.375   -1.998    0.463    1.263    1.384    1.980    2.154    2.242
            0.000000  0.000000  0.292500
  -21.116  -19.691  -17.691  -15.026  -13.277  -13.173  -11.409  -11.238   -9.420   -9.106
   -8.915   -7.409   -5.347   -2.026    0.428    1.290    1.410    2.014    2.190    2.277
            0.000000  0.000000  0.295000
  -21.091  -19.667  -17.668  -15.043  -13.290  -13.215  -11.455  -11.232   -9.424   -9.133
   -8.886   -7.381   -5.319   -2.054    0.394    1.317    1.436    2.047    2.226    2.312
            0.000000  0.000000  0.297500
  -21.065  -19.642  -17.644  -15.062  -13.301  -13.257  -11.501  -11.226   -9.428   -9.160
   -8.857   -7.354   -5.290   -2.083    0.358    1.345    1.462    2.081    2.262    2.347
            0.000000  0.000000  0.300000
  -21.040  -19.617  -17.621  -15.082  -13.312  -13.298  -11.547  -11.219   -9.432   -9.188
   -8.827   -7.326   -5.261   -2.112    0.323    1.372    1.488    2.116    2.298    2.383
            0.000000  0.000000  0.302500
  -21.014  -19.592  -17.597  -15.103  -13.343  -13.317  -11.594  -11.212   -9.435   -9.215
   -8.798   -7.298   -5.232   -2.141    0.287    1.400    1.514    2.150    2.335    2.386
            0.000000  0.000000  0.305000
  -20.988  -19.567  -17.572  -15.126  -13.386  -13.324  -11.640  -11.204   -9.439   -9.243
   -8.768   -7.271   -5.203   -2.171    0.250    1.427    1.540    2.185    2.344    2.373
            0.000000  0.000000  0.307500
  -20.962  -19.541  -17.548  -15.150  -13.429  -13.329  -11.686  -11.195   -9.443   -9.271
   -8.738   -7.243   -5.174   -2.201    0.213    1.455    1.566    2.220    2.299    2.410
            0.000000  0.000000  0.310000
  -20.935  -19.516  -17.524  -15.175  -13.473  -13.332  -11.732  -11.186   -9.447   -9.299
   -8.708   -7.215   -5.144   -2.232    0.176    1.484    1.593    2.252    2.256    2.448
            0.000000  0.000000  0.312500
  -20.909  -19.490  -17.499  -15.202  -13.517  -13.334  -11.778  -11.177   -9.451   -9.327
   -8.678   -7.186   -5.115   -2.262    0.139    1.512    1.619    2.204    2.291    2.486
            0.000000  0.000000  0.315000
  -20.882  -19.464  -17.474  -15.230  -13.561  -13.334  -11.825  -11.167   -9.456   -9.356
   -8.647   -7.158   -5.085   -2.294    0.101    1.541    1.645    2.156    2.327    2.524
            0.000000  0.000000  0.317500
  -20.855  -19.438  -17.449  -15.259  -13.606  -13.333  -11.871  -11.157   -9.460   -9.384
   -8.617   -7.130   -5.055   -2.325    0.063    1.569    1.671    2.107    2.364    2.563
            0.000000  0.000000  0.320000
  -20.828  -19.411  -17.424  -15.289  -13.651  -13.331  -11.917  -11.147   -9.464   -9.413
   -8.586   -7.101   -5.025   -2.356    0.025    1.598    1.697    2.058    2.400    2.602
            0.000000  0.000000  0.322500
  -20.800  -19.385  -17.398  -15.320  -13.696  -13.328  -11.963  -11.136   -9.469   -9.441
   -8.555   -7.072   -4.995   -2.388   -0.014    1.628    1.723    2.008    2.437    2.642
            0.000000  0.000000  0.325000
  -20.773  -19.358  -17.373  -15.352  -13.741  -13.323  -12.009  -11.125   -9.477   -9.467
   -8.524   -7.044   -4.965   -2.420   -0.052    1.657    1.749    1.958    2.475    2.681
            0.000000  0.000000  0.327500
  -20.745  -19.331  -17.347  -15.385  -13.786  -13.317  -12.054  -11.114   -9.502   -9.476
   -8.492   -7.015   -4.934   -2.453   -0.091    1.687    1.775    1.908    2.512    2.721
            0.000000  0.000000  0.330000
  -20.717  -19.304  -17.321  -15.419  -13.831  -13.311  -12.100  -11.102   -9.530   -9.482
   -8.461   -6.986   -4.904   -2.485   -0.130    1.717    1.801    1.858    2.550    2.762
            0.000000  0.000000  0.332500
  -20.689  -19.277  -17.295  -15.453  -13.877  -13.303  -12.146  -11.091   -9.559   -9.487
   -8.429   -6.957   -4.873   -2.518   -0.170    1.747    1.808    1.827    2.588    2.802
            0.000000  0.000000  0.335000
  -20.660  -19.249  -17.268  -15.489  -13.922  -13.294  -12.191  -11.079   -9.589   -9.492
   -8.397   -6.928   -4.843   -2.551   -0.209    1.757    1.777    1.853    2.627    2.843
            0.000000  0.000000  0.337500
  -20.632  -19.222  -17.242  -15.525  -13.968  -13.285  -12.236  -11.066   -9.619   -9.497
   -8.365   -6.899   -4.812   -2.584   -0.248    1.706    1.807    1.879    2.665    2.884
            0.000000  0.000000  0.340000
  -20.603  -19.194  -17.215  -15.562  -14.014  -13.275  -12.281  -11.054   -9.648   -9.502
   -8.332   -6.870   -4.781   -2.617   -0.288    1.655    1.838    1.905    2.705    2.926
            0.000000  0.000000  0.342500
  -20.574  -19.166  -17.189  -15.599  -14.059  -13.264  -12.326  -11.041   -9.678   -9.507
   -8.300   -6.841   -4.750   -2.651   -0.327    1.604    1.869    1.930    2.744    2.968
            0.000000  0.000000  0.345000
  -20.545  -19.138  -17.162  -15.637  -14.105  -13.252  -12.370  -11.028   -9.708   -9.513
   -8.267   -6.812   -4.719   -2.684   -0.367    1.553    1.900    1.956    2.783    3.010
            0.000000  0.000000  0.347500
  -20.516  -19.110  -17.134  -15.675  -14.151  -13.240  -12.414  -11.015   -9.738   -9.518
   -8.234   -6.783   -4.688   -2.718   -0.406    1.502    1.931    1.981    2.823    3.052
            0.000000  0.000000  0.350000
  -20.486  -19.081  -17.107  -15.714  -14.197  -13.228  -12.458  -11.002   -9.768   -9.524
   -8.201   -6.754   -4.657   -2.752   -0.446    1.451    1.963    2.007    2.864    3.095
            0.000000  0.000000  0.352500
  -20.456  -19.053  -17.080  -15.753  -14.242  -13.216  -12.501  -10.988   -9.799   -9.530
   -8.168   -6.725   -4.626   -2.786   -0.485    1.400    1.994    2.032    2.904    3.138
            0.000000  0.000000  0.355000
  -20.427  -19.024  -17.052  -15.793  -14.288  -13.203  -12.544  -10.975   -9.829   -9.536
   -8.135   -6.696   -4.595   -2.820   -0.525    1.349    2.026    2.057    2.945    3.181
            0.000000  0.000000  0.357500
  -20.396  -18.995  -17.024  -15.833  -14.334  -13.190  -12.585  -10.961   -9.860   -9.542
   -8.102   -6.667   -4.564   -2.854   -0.564    1.298    2.058    2.083    2.986    3.225
            0.000000  0.000000  0.360000
  -20.366  -18.967  -16.996  -15.873  -14.379  -13.178  -12.626  -10.947   -9.890   -9.548
   -8.068   -6.638   -4.533   -2.888   -0.604    1.247    2.090    2.108    3.027    3.269
            0.000000  0.000000  0.362500
  -20.336  -18.937  -16.968  -15.913  -14.425  -13.166  -12.666  -10.934   -9.921   -9.554
   -8.034   -6.609   -4.502   -2.922   -0.643    1.195    2.121    2.134    3.069    3.313
            0.000000  0.000000  0.365000
  -20.305  -18.908  -16.940  -15.954  -14.471  -13.156  -12.703  -10.920   -9.952   -9.561
   -8.000   -6.580   -4.471   -2.956   -0.682    1.144    2.151    2.162    3.111    3.358
            0.000000  0.000000  0.367500
  -20.274  -18.879  -16.912  -15.995  -14.516  -13.147  -12.739  -10.905   -9.983   -9.567
   -7.966   -6.552   -4.440   -2.990   -0.720    1.093    2.178    2.192    3.153    3.403
            0.000000  0.000000  0.370000
  -20.243  -18.849  -16.883  -16.036  -14.561  -13.141  -12.771  -10.891  -10.014   -9.574
   -7.932   -6.523   -4.409   -3.024   -0.759    1.042    2.204    2.224    3.195    3.448
            0.000000  0.000000  0.372500
  -20.212  -18.820  -16.855  -16.077  -14.607  -13.138  -12.799  -10.877  -10.045   -9.581
   -7.898   -6.495   -4.378   -3.058   -0.797    0.991    2.228    2.257    3.238    3.494
            0.000000  0.000000  0.375000
  -20.181  -18.790  -16.826  -16.119  -14.652  -13.141  -12.821  -10.862  -10.076   -9.588
   -7.863   -6.467   -4.348   -3.091   -0.835    0.940    2.253    2.291    3.281    3.539
            0.000000  0.000000  0.377500
  -20.149  -18.760  -16.797  -16.160  -14.697  -13.150  -12.837  -10.848  -10.107   -9.595
   -7.829   -6.439   -4.317   -3.125   -0.873    0.889    2.277    2.324    3.324    3.585
            0.000000  0.000000  0.380000
  -20.117  -18.730  -16.768  -16.201  -14.742  -13.165  -12.845  -10.833  -10.138   -9.602
   -7.794   -6.411   -4.287   -3.158   -0.910    0.838    2.301    2.358    3.367    3.632
            0.000000  0.000000  0.382500
  -20.085  -18.701  -16.739  -16.243  -14.786  -13.187  -12.847  -10.819  -10.169   -9.610
   -7.759   -6.384   -4.257   -3.191   -0.947    0.787    2.325    2.392    3.411    3.679
            0.000000  0.000000  0.385000
  -20.053  -18.671  -16.710  -16.284  -14.831  -13.214  -12.842  -10.804  -10.200   -9.617
   -7.725   -6.357   -4.227   -3.224   -0.984    0.737    2.349    2.427    3.455    3.726
            0.000000  0.000000  0.387500
  -20.021  -18.640  -16.681  -16.326  -14.875  -13.245  -12.834  -10.789  -10.232   -9.625
   -7.690   -6.330   -4.198   -3.257   -1.020    0.686    2.372    2.461    3.498    3.773
            0.000000  0.000000  0.390000
  -19.988  -18.610  -16.651  -16.367  -14.920  -13.279  -12.821  -10.775  -10.263   -9.633
   -7.654   -6.303   -4.168   -3.289   -1.055    0.636    2.396    2.496    3.543    3.821
            0.000000  0.000000  0.392500
  -19.956  -18.580  -16.622  -16.409  -14.963  -13.316  -12.806  -10.760  -10.294   -9.641
   -7.619   -6.277   -4.139   -3.321   -1.090    0.585    2.419    2.531    3.587    3.869
            0.000000  0.000000  0.395000
  -19.923  -18.550  -16.593  -16.450  -15.007  -13.354  -12.789  -10.745  -10.326   -9.649
   -7.584   -6.252   -4.111   -3.353   -1.125    0.535    2.442    2.567    3.631    3.917
            0.000000  0.000000  0.397500
  -19.890  -18.520  -16.564  -16.491  -15.051  -13.393  -12.771  -10.730  -10.357   -9.658
   -7.549   -6.226   -4.082   -3.384   -1.158    0.485    2.466    2.602    3.675    3.966
            0.000000  0.000000  0.400000
  -19.857  -18.490  -16.536  -16.530  -15.094  -13.433  -12.751  -10.716  -10.388   -9.666
   -7.513   -6.202   -4.055   -3.415   -1.192    0.435    2.489    2.638    3.719    4.014
            0.000000  0.000000  0.402500
  -19.823  -18.460  -16.573  -16.505  -15.136  -13.474  -12.730  -10.701  -10.420   -9.675
   -7.478   -6.178   -4.027   -3.445   -1.224    0.385    2.512    2.673    3.763    4.064
            0.000000  0.000000  0.405000
  -19.790  -18.430  -16.613  -16.476  -15.179  -13.515  -12.708  -10.686  -10.451   -9.683
   -7.442   -6.154   -4.000   -3.475   -1.255    0.335    2.534    2.710    3.807    4.113
            0.000000  0.000000  0.407500
  -19.756  -18.400  -16.653  -16.447  -15.220  -13.556  -12.686  -10.672  -10.481   -9.692
   -7.406   -6.131   -3.974   -3.504   -1.286    0.286    2.557    2.746    3.851    4.163
            0.000000  0.000000  0.410000
  -19.722  -18.371  -16.693  -16.419  -15.262  -13.597  -12.663  -10.659  -10.511   -9.701
   -7.371   -6.109   -3.949   -3.532   -1.316    0.236    2.580    2.782    3.894    4.213
            0.000000  0.000000  0.412500
  -19.688  -18.341  -16.732  -16.390  -15.302  -13.639  -12.640  -10.647  -10.540   -9.711
   -7.335   -6.087   -3.924   -3.560   -1.344    0.187    2.603    2.819    3.935    4.263
            0.000000  0.000000  0.415000
  -19.654  -18.312  -16.771  -16.362  -15.342  -13.681  -12.616  -10.639  -10.564   -9.720
   -7.299   -6.066   -3.900   -3.587   -1.372    0.138    2.625    2.855    3.976    4.314
            0.000000  0.000000  0.417500
  -19.620  -18.283  -16.810  -16.335  -15.381  -13.723  -12.591  -10.643  -10.578   -9.729
   -7.263   -6.047   -3.876   -3.613   -1.399    0.090    2.648    2.892    4.014    4.365
            0.000000  0.000000  0.420000
  -19.585  -18.255  -16.847  -16.308  -15.419  -13.765  -12.566  -10.661  -10.576   -9.739
   -7.227   -6.028   -3.854   -3.638   -1.424    0.041    2.670    2.930    4.049    4.415
            0.000000  0.000000  0.422500
  -19.551  -18.227  -16.884  -16.282  -15.456  -13.806  -12.541  -10.687  -10.566   -9.749
   -7.192   -6.010   -3.832   -3.663   -1.448   -0.007    2.693    2.967    4.080    4.452
            0.000000  0.000000  0.425000
  -19.516  -18.200  -16.921  -16.258  -15.492  -13.848  -12.516  -10.717  -10.553   -9.759
   -7.156   -5.993   -3.812   -3.686   -1.471   -0.055    2.715    3.004    4.104    4.451
            0.000000  0.000000  0.427500
  -19.481  -18.173  -16.956  -16.235  -15.525  -13.890  -12.490  -10.747  -10.540   -9.769
   -7.120   -5.977   -3.792   -3.708   -1.492   -0.103    2.738    3.042    4.119    4.456
            0.000000  0.000000  0.430000
  -19.446  -18.148  -16.990  -16.214  -15.556  -13.932  -12.464  -10.778  -10.525   -9.779
   -7.084   -5.962   -3.774   -3.729   -1.512   -0.151    2.760    3.079    4.126    4.469
            0.000000  0.000000  0.432500
  -19.411  -18.123  -17.023  -16.195  -15.585  -13.973  -12.438  -10.809  -10.511   -9.789
   -7.048   -5.949   -3.760   -3.745   -1.530   -0.198    2.783    3.117    4.123    4.492
            0.000000  0.000000  0.435000
  -19.375  -18.100  -17.054  -16.180  -15.609  -14.015  -12.411  -10.841  -10.496   -9.800
   -7.012   -5.937   -3.770   -3.738   -1.546   -0.245    2.805    3.155    4.114    4.522
            0.000000  0.000000  0.437500
  -19.340  -18.078  -17.084  -16.169  -15.630  -14.057  -12.384  -10.872  -10.481   -9.810
   -6.977   -5.926   -3.786   -3.724   -1.561   -0.292    2.827    3.193    4.099    4.558
            0.000000  0.000000  0.440000
  -19.304  -18.058  -17.111  -16.162  -15.645  -14.098  -12.357  -10.904  -10.466   -9.821
   -6.941   -5.917   -3.802   -3.711   -1.574   -0.338    2.850    3.231    4.080    4.598
            0.000000  0.000000  0.442500
  -19.268  -18.040  -17.136  -16.161  -15.655  -14.139  -12.330  -10.936  -10.451   -9.832
   -6.906   -5.909   -3.817   -3.699   -1.585   -0.384    2.872    3.269    4.060    4.641
            0.000000  0.000000  0.445000
  -19.233  -18.025  -17.159  -16.165  -15.659  -14.180  -12.302  -10.967  -10.436   -9.843
   -6.870   -5.902   -3.830   -3.689   -1.594   -0.430    2.895    3.307    4.037    4.686
            0.000000  0.000000  0.447500
  -19.197  -18.012  -17.178  -16.175  -15.656  -14.221  -12.275  -10.999  -10.421   -9.854
   -6.835   -5.898   -3.841   -3.680   -1.601   -0.475    2.918    3.345    4.014    4.733
            0.000000  0.000000  0.450000
  -19.160  -18.003  -17.194  -16.190  -15.648  -14.262  -12.247  -11.031  -10.406   -9.866
   -6.800   -5.895   -3.852   -3.672   -1.606   -0.520    2.940    3.382    3.990    4.781
            0.000000  0.000000  0.452500
  -19.124  -17.997  -17.207  -16.210  -15.635  -14.303  -12.219  -11.062  -10.392   -9.877
   -6.765   -5.893   -3.860   -3.666   -1.610   -0.565    2.963    3.419    3.966    4.830
            0.000000  0.000000  0.455000
  -19.088  -17.995  -17.215  -16.234  -15.618  -14.344  -12.190  -11.094  -10.377   -9.889
   -6.730   -5.893   -3.867   -3.661   -1.611   -0.609    2.986    3.456    3.942    4.880
            0.000000  0.000000  0.457500
  -19.052  -17.996  -17.219  -16.261  -15.597  -14.384  -12.162  -11.126  -10.362   -9.900
   -6.695   -5.895   -3.873   -3.658   -1.609   -0.653    3.009    3.492    3.919    4.863
            0.000000  0.000000  0.460000
  -19.015  -18.002  -17.219  -16.290  -15.574  -14.424  -12.133  -11.157  -10.347   -9.912
   -6.661   -5.899   -3.877   -3.657   -1.606   -0.696    3.032    3.526    3.898    4.835
            0.000000  0.000000  0.462500
  -18.979  -18.012  -17.214  -16.321  -15.548  -14.465  -12.104  -11.189  -10.332   -9.924
   -6.627   -5.904   -3.879   -3.657   -1.601   -0.739    3.055    3.559    3.878    4.805
            0.000000  0.000000  0.465000
  -18.942  -18.025  -17.206  -16.353  -15.521  -14.505  -12.076  -11.221  -10.317   -9.936
   -6.593   -5.911   -3.880   -3.658   -1.594   -0.781    3.078    3.587    3.862    4.772
            0.000000  0.000000  0.467500
  -18.905  -18.042  -17.194  -16.387  -15.492  -14.544  -12.046  -11.252  -10.303   -9.949
   -6.559   -5.920   -3.880   -3.661   -1.584   -0.823    3.101    3.611    3.852    4.738
            0.000000  0.000000  0.470000
  -18.869  -18.062  -17.179  -16.421  -15.462  -14.584  -12.017  -11.284  -10.288   -9.961
   -6.526   -5.930   -3.878   -3.665   -1.573   -0.864    3.125    3.626    3.850    4.703
            0.000000  0.000000  0.472500
  -18.832  -18.084  -17.161  -16.456  -15.430  -14.623  -11.988  -11.315  -10.274   -9.973
   -6.493   -5.942   -3.875   -3.670   -1.560   -0.905    3.148    3.631    3.859    4.666
            0.000000  0.000000  0.475000
  -18.795  -18.109  -17.140  -16.491  -15.398  -14.663  -11.958  -11.346  -10.259   -9.986
   -6.460   -5.955   -3.871   -3.676   -1.545   -0.945    3.172    3.626    3.877    4.629
            0.000000  0.000000  0.477500
  -18.758  -18.136  -17.117  -16.527  -15.365  -14.702  -11.929  -11.378  -10.245   -9.999
   -6.428   -5.970   -3.866   -3.683   -1.528   -0.984    3.196    3.615    3.902    4.591
            0.000000  0.000000  0.480000
  -18.722  -18.164  -17.092  -16.563  -15.332  -14.741  -11.899  -11.409  -10.230  -10.011
   -6.396   -5.987   -3.859   -3.692   -1.509   -1.022    3.219    3.598    3.933    4.553
            0.000000  0.000000  0.482500
  -18.685  -18.194  -17.065  -16.598  -15.298  -14.779  -11.869  -11.440  -10.216  -10.024
   -6.365   -6.004   -3.851   -3.701   -1.489   -1.060    3.243    3.578    3.967    4.514
            0.000000  0.000000  0.485000
  -18.648  -18.225  -17.037  -16.634  -15.264  -14.817  -11.839  -11.471  -10.202  -10.037
   -6.334   -6.023   -3.843   -3.710   -1.467   -1.097    3.267    3.557    4.003    4.475
            0.000000  0.000000  0.487500
  -18.612  -18.257  -17.008  -16.670  -15.229  -14.855  -11.809  -11.502  -10.188  -10.050
   -6.304   -6.043   -3.834   -3.721   -1.443   -1.133    3.292    3.534    4.040    4.436
            0.000000  0.000000  0.490000
  -18.576  -18.290  -16.978  -16.705  -15.194  -14.893  -11.779  -11.533  -10.174  -10.063
   -6.275   -6.065   -3.824   -3.731   -1.418   -1.168    3.316    3.511    4.078    4.396
            0.000000  0.000000  0.492500
  -18.540  -18.323  -16.947  -16.740  -15.159  -14.930  -11.749  -11.564  -10.160  -10.077
   -6.247   -6.087   -3.814   -3.742   -1.392   -1.202    3.340    3.487    4.117    4.356
            0.000000  0.000000  0.495000
  -18.505  -18.357  -16.916  -16.774  -15.124  -14.966  -11.719  -11.595  -10.146  -10.090
   -6.219   -6.110   -3.804   -3.753   -1.366   -1.235    3.364    3.463    4.156    4.316
            0.000000  0.000000  0.497500
  -18.471  -18.389  -16.885  -16.805  -15.092  -14.999  -11.689  -11.625  -10.134  -10.102
   -6.194   -6.133   -3.794   -3.763   -1.340   -1.264    3.388    3.439    4.195    4.277
            0.000000  0.000000  0.500000
  -18.451  -18.409  -16.867  -16.824  -15.074  -15.017  -11.667  -11.647  -10.125  -10.110
   -6.179   -6.147   -3.789   -3.768   -1.324   -1.281    3.406    3.421    4.227    4.245
            0.000000  0.000000  0.497500
  -18.471  -18.389  -16.885  -16.805  -15.092  -14.999  -11.689  -11.625  -10.134  -10.102
   -6.194   -6.133   -3.794   -3.763   -1.340   -1.264    3.388    3.439    4.195    4.277
            0.000000  0.000000  0.495000
  -18.505  -18.357  -16.916  -16.774  -15.124  -14.966  -11.719  -11.595  -10.146  -10.090
   -6.219   -6.110   -3.804   -3.753   -1.366   -1.235    3.364    3.463    4.156    4.316
            0.000000  0.000000  0.492500
  -18.540  -18.323  -16.947  -16.740  -15.159  -14.930  -11.749  -11.564  -10.160  -10.077
   -6.247   -6.087   -3.814   -3.742   -1.392   -1.202    3.340    3.487    4.117    4.356
            0.000000  0.000000  0.490000
  -18.576  -18.290  -16.978  -16.705  -15.194  -14.893  -11.779  -11.533  -10.174  -10.063
   -6.275   -6.065   -3.824   -3.731   -1.418   -1.168    3.316    3.511    4.078    4.396
            0.000000  0.000000  0.487500
  -18.612  -18.257  -17.008  -16.670  -15.229  -14.855  -11.809  -11.502  -10.188  -10.050
   -6.304   -6.043   -3.834   -3.721   -1.443   -1.133    3.292    3.534    4.040    4.436
            0.000000  0.000000  0.485000
  -18.648  -18.225  -17.037  -16.634  -15.264  -14.817  -11.839  -11.471  -10.202  -10.037
   -6.334   -6.023   -3.843   -3.710   -1.467   -1.097    3.267    3.557    4.003    4.475
            0.000000  0.000000  0.482500
  -18.685  -18.194  -17.065  -16.598  -15.298  -14.779  -11.869  -11.440  -10.216  -10.024
   -6.365   -6.004   -3.851   -3.701   -1.489   -1.060    3.243    3.578    3.967    4.514
            0.000000  0.000000  0.480000
  -18.722  -18.164  -17.092  -16.563  -15.332  -14.741  -11.899  -11.409  -10.230  -10.011
   -6.396   -5.987   -3.859   -3.692   -1.509   -1.022    3.219    3.598    3.933    4.553
            0.000000  0.000000  0.477500
  -18.758  -18.136  -17.117  -16.527  -15.365  -14.702  -11.929  -11.378  -10.245   -9.999
   -6.428   -5.970   -3.866   -3.683   -1.528   -0.984    3.196    3.615    3.902    4.591
            0.000000  0.000000  0.475000
  -18.795  -18.109  -17.140  -16.491  -15.398  -14.663  -11.958  -11.346  -10.259   -9.986
   -6.460   -5.955   -3.871   -3.676   -1.545   -0.945    3.172    3.626    3.877    4.629
            0.000000  0.000000  0.472500
  -18.832  -18.084  -17.161  -16.456  -15.430  -14.623  -11.988  -11.315  -10.274   -9.973
   -6.493   -5.942   -3.875   -3.670   -1.560   -0.905    3.148    3.631    3.859    4.666
            0.000000  0.000000  0.470000
  -18.869  -18.062  -17.179  -16.421  -15.462  -14.584  -12.017  -11.284  -10.288   -9.961
   -6.526   -5.930   -3.878   -3.665   -1.573   -0.864    3.125    3.626    3.850    4.703
            0.000000  0.000000  0.467500
  -18.905  -18.042  -17.194  -16.387  -15.492  -14.544  -12.046  -11.252  -10.303   -9.949
   -6.559   -5.920   -3.880   -3.661   -1.584   -0.823    3.101    3.611    3.852    4.738
            0.000000  0.000000  0.465000
  -18.942  -18.025  -17.206  -16.353  -15.521  -14.505  -12.076  -11.221  -10.317   -9.936
   -6.593   -5.911   -3.880   -3.658   -1.594   -0.781    3.078    3.587    3.862    4.772
            0.000000  0.000000  0.462500
  -18.979  -18.012  -17.214  -16.321  -15.548  -14.465  -12.104  -11.189  -10.332   -9.924
   -6.627   -5.904   -3.879   -3.657   -1.601   -0.739    3.055    3.559    3.878    4.805
            0.000000  0.000000  0.460000
  -19.015  -18.002  -17.219  -16.290  -15.574  -14.424  -12.133  -11.157  -10.347   -9.912
   -6.661   -5.899   -3.877   -3.657   -1.606   -0.696    3.032    3.526    3.898    4.835
            0.000000  0.000000  0.457500
  -19.052  -17.996  -17.219  -16.261  -15.597  -14.384  -12.162  -11.126  -10.362   -9.900
   -6.695   -5.895   -3.873   -3.658   -1.609   -0.653    3.009    3.492    3.919    4.863
            0.000000  0.000000  0.455000
  -19.088  -17.995  -17.215  -16.234  -15.618  -14.344  -12.190  -11.094  -10.377   -9.889
   -6.730   -5.893   -3.867   -3.661   -1.611   -0.609    2.986    3.456    3.942    4.880
            0.000000  0.000000  0.452500
  -19.124  -17.997  -17.207  -16.210  -15.635  -14.303  -12.219  -11.062  -10.392   -9.877
   -6.765   -5.893   -3.860   -3.666   -1.610   -0.565    2.963    3.419    3.966    4.830
            0.000000  0.000000  0.450000
  -19.160  -18.003  -17.194  -16.190  -15.648  -14.262  -12.247  -11.031  -10.406   -9.866
   -6.800   -5.895   -3.852   -3.672   -1.606   -0.520    2.940    3.382    3.990    4.781
            0.000000  0.000000  0.447500
  -19.197  -18.012  -17.178  -16.175  -15.656  -14.221  -12.275  -10.999  -10.421   -9.854
   -6.835   -5.898   -3.841   -3.680   -1.601   -0.475    2.918    3.345    4.014    4.733
            0.000000  0.000000  0.445000
  -19.233  -18.025  -17.159  -16.165  -15.659  -14.180  -12.302  -10.967  -10.436   -9.843
   -6.870   -5.902   -3.830   -3.689   -1.594   -0.430    2.895    3.307    4.037    4.686
            0.000000  0.000000  0.442500
  -19.268  -18.040  -17.136  -16.161  -15.655  -14.139  -12.330  -10.936  -10.451   -9.832
   -6.906   -5.909   -3.817   -3.699   -1.585   -0.384    2.872    3.269    4.060    4.641
            0.000000  0.000000  0.440000
  -19.304  -18.058  -17.111  -16.162  -15.645  -14.098  -12.357  -10.904  -10.466   -9.821
   -6.941   -5.917   -3.802   -3.711   -1.574   -0.338    2.850    3.231    4.080    4.598
            0.000000  0.000000  0.437500
  -19.340  -18.078  -17.084  -16.169  -15.630  -14.057  -12.384  -10.872  -10.481   -9.810
   -6.977   -5.926   -3.786   -3.724   -1.561   -0.292    2.827    3.193    4.099    4.558
            0.000000  0.000000  0.435000
  -19.375  -18.100  -17.054  -16.180  -15.609  -14.015  -12.411  -10.841  -10.496   -9.800
   -7.012   -5.937   -3.770   -3.738   -1.546   -0.245    2.805    3.155    4.114    4.522
            0.000000  0.000000  0.432500
  -19.411  -18.123  -17.023  -16.195  -15.585  -13.973  -12.438  -10.809  -10.511   -9.789
   -7.048   -5.949   -3.760   -3.745   -1.530   -0.198    2.783    3.117    4.123    4.492
            0.000000  0.000000  0.430000
  -19.446  -18.148  -16.990  -16.214  -15.556  -13.932  -12.464  -10.778  -10.525   -9.779
   -7.084   -5.962   -3.774   -3.729   -1.512   -0.151    2.760    3.079    4.126    4.469
            0.000000  0.000000  0.427500
  -19.481  -18.173  -16.956  -16.235  -15.525  -13.890  -12.490  -10.747  -10.540   -9.769
   -7.120   -5.977   -3.792   -3.708   -1.492   -0.103    2.738    3.042    4.119    4.456
            0.000000  0.000000  0.425000
  -19.516  -18.200  -16.921  -16.258  -15.492  -13.848  -12.516  -10.717  -10.553   -9.759
   -7.156   -5.993   -3.812   -3.686   -1.471   -0.055    2.715    3.004    4.104    4.451
            0.000000  0.000000  0.422500
  -19.551  -18.227  -16.884  -16.282  -15.456  -13.806  -12.541  -10.687  -10.566   -9.749
   -7.192   -6.010   -3.832   -3.663   -1.448   -0.007    2.693    2.967    4.080    4.452
            0.000000  0.000000  0.420000
  -19.585  -18.255  -16.847  -16.308  -15.419  -13.765  -12.566  -10.661  -10.576   -9.739
   -7.227   -6.028   -3.854   -3.638   -1.424    0.041    2.670    2.930    4.049    4.415
            0.000000  0.000000  0.417500
  -19.620  -18.283  -16.810  -16.335  -15.381  -13.723  -12.591  -10.643  -10.578   -9.729
   -7.263   -6.047   -3.876   -3.613   -1.399    0.090    2.648    2.892    4.014    4.365
            0.000000  0.000000  0.415000
  -19.654  -18.312  -16.771  -16.362  -15.342  -13.681  -12.616  -10.639  -10.564   -9.720
   -7.299   -6.066   -3.900   -3.587   -1.372    0.138    2.625    2.855    3.976    4.314
            0.000000  0.000000  0.412500
  -19.688  -18.341  -16.732  -16.390  -15.302  -13.639  -12.640  -10.647  -10.540   -9.711
   -7.335   -6.087   -3.924   -3.560   -1.344    0.187    2.603    2.819    3.935    4.263
            0.000000  0.000000  0.410000
  -19.722  -18.371  -16.693  -16.419  -15.262  -13.597  -12.663  -10.659  -10.511   -9.701
   -7.371   -6.109   -3.949   -3.532   -1.316    0.236    2.580    2.782    3.894    4.213
            0.000000  0.000000  0.407500
  -19.756  -18.400  -16.653  -16.447  -15.220  -13.556  -12.686  -10.672  -10.481   -9.692
   -7.406   -6.131   -3.974   -3.504   -1.286    0.286    2.557    2.746    3.851    4.163
            0.000000  0.000000  0.405000
  -19.790  -18.430  -16.613  -16.476  -15.179  -13.515  -12.708  -10.686  -10.451   -9.683
   -7.442   -6.154   -4.000   -3.475   -1.255    0.335    2.534    2.710    3.807    4.113
            0.000000  0.000000  0.402500
  -19.823  -18.460  -16.573  -16.505  -15.136  -13.474  -12.730  -10.701  -10.420   -9.675
   -7.478   -6.178   -4.027   -3.445   -1.224    0.385    2.512    2.673    3.763    4.064
            0.000000  0.000000  0.400000
  -19.857  -18.490  -16.536  -16.530  -15.094  -13.433  -12.751  -10.716  -10.388   -9.666
   -7.513   -6.202   -4.055   -3.415   -1.192    0.435    2.489    2.638    3.719    4.014
            0.000000  0.000000  0.397500
  -19.890  -18.520  -16.564  -16.491  -15.051  -13.393  -12.771  -10.730  -10.357   -9.658
   -7.549   -6.226   -4.082   -3.384   -1.158    0.485    2.466    2.602    3.675    3.966
            0.000000  0.000000  0.395000
  -19.923  -18.550  -16.593  -16.450  -15.007  -13.354  -12.789  -10.745  -10.326   -9.649
   -7.584   -6.252   -4.111   -3.353   -1.125    0.535    2.442    2.567    3.631    3.917
            0.000000  0.000000  0.392500
  -19.956  -18.580  -16.622  -16.409  -14.963  -13.316  -12.806  -10.760  -10.294   -9.641
   -7.619   -6.277   -4.139   -3.321   -1.090    0.585    2.419    2.531    3.587    3.869
            0.000000  0.000000  0.390000
  -19.988  -18.610  -16.651  -16.367  -14.920  -13.279  -12.821  -10.775  -10.263   -9.633
   -7.654   -6.303   -4.168   -3.289   -1.055    0.636    2.396    2.496    3.543    3.821
            0.000000  0.000000  0.387500
  -20.021  -18.640  -16.681  -16.326  -14.875  -13.245  -12.834  -10.789  -10.232   -9.625
   -7.690   -6.330   -4.198   -3.257   -1.020    0.686    2.372    2.461    3.498    3.773
            0.000000  0.000000  0.385000
  -20.053  -18.671  -16.710  -16.284  -14.831  -13.214  -12.842  -10.804  -10.200   -9.617
   -7.725   -6.357   -4.227   -3.224   -0.984    0.737    2.349    2.427    3.455    3.726
            0.000000  0.000000  0.382500
  -20.085  -18.701  -16.739  -16.243  -14.786  -13.187  -12.847  -10.819  -10.169   -9.610
   -7.759   -6.384   -4.257   -3.191   -0.947    0.787    2.325    2.392    3.411    3.679
            0.000000  0.000000  0.380000
  -20.117  -18.730  -16.768  -16.201  -14.742  -13.165  -12.845  -10.833  -10.138   -9.602
   -7.794   -6.411   -4.287   -3.158   -0.910    0.838    2.301    2.358    3.367    3.632
            0.000000  0.000000  0.377500
  -20.149  -18.760  -16.797  -16.160  -14.697  -13.150  -12.837  -10.848  -10.107   -9.595
   -7.829   -6.439   -4.317   -3.125   -0.873    0.889    2.277    2.324    3.324    3.585
            0.000000  0.000000  0.375000
  -20.181  -18.790  -16.826  -16.119  -14.652  -13.141  -12.821  -10.862  -10.076   -9.588
   -7.863   -6.467   -4.348   -3.091   -0.835    0.940    2.253    2.291    3.281    3.539
            0.000000  0.000000  0.372500
  -20.212  -18.820  -16.855  -16.077  -14.607  -13.138  -12.799  -10.877  -10.045   -9.581
   -7.898   -6.495   -4.378   -3.058   -0.797    0.991    2.228    2.257    3.238    3.494
            0.000000  0.000000  0.370000
  -20.243  -18.849  -16.883  -16.036  -14.561  -13.141  -12.771  -10.891  -10.014   -9.574
   -7.932   -6.523   -4.409   -3.024   -0.759    1.042    2.204    2.224    3.195    3.448
            0.000000  0.000000  0.367500
  -20.274  -18.879  -16.912  -15.995  -14.516  -13.147  -12.739  -10.905   -9.983   -9.567
   -7.966   -6.552   -4.440   -2.990   -0.720    1.093    2.178    2.192    3.153    3.403
            0.000000  0.000000  0.365000
  -20.305  -18.908  -16.940  -15.954  -14.471  -13.156  -12.703  -10.920   -9.952   -9.561
   -8.000   -6.580   -4.471   -2.956   -0.682    1.144    2.151    2.162    3.111    3.358
            0.000000  0.000000  0.362500
  -20.336  -18.937  -16.968  -15.913  -14.425  -13.166  -12.666  -10.934   -9.921   -9.554
   -8.034   -6.609   -4.502   -2.922   -0.643    1.195    2.121    2.134    3.069    3.313
            0.000000  0.000000  0.360000
  -20.366  -18.967  -16.996  -15.873  -14.379  -13.178  -12.626  -10.947   -9.890   -9.548
   -8.068   -6.638   -4.533   -2.888   -0.604    1.247    2.090    2.108    3.027    3.269
            0.000000  0.000000  0.357500
  -20.396  -18.995  -17.024  -15.833  -14.334  -13.190  -12.585  -10.961   -9.860   -9.542
   -8.102   -6.667   -4.564   -2.854   -0.564    1.298    2.058    2.083    2.986    3.225
            0.000000  0.000000  0.355000
  -20.427  -19.024  -17.052  -15.793  -14.288  -13.203  -12.544  -10.975   -9.829   -9.536
   -8.135   -6.696   -4.595   -2.820   -0.525    1.349    2.026    2.057    2.945    3.181
            0.000000  0.000000  0.352500
  -20.456  -19.053  -17.080  -15.753  -14.242  -13.216  -12.501  -10.988   -9.799   -9.530
   -8.168   -6.725   -4.626   -2.786   -0.485    1.400    1.994    2.032    2.904    3.138
            0.000000  0.000000  0.350000
  -20.486  -19.081  -17.107  -15.714  -14.197  -13.228  -12.458  -11.002   -9.768   -9.524
   -8.201   -6.754   -4.657   -2.752   -0.446    1.451    1.963    2.007    2.864    3.095
            0.000000  0.000000  0.347500
  -20.516  -19.110  -17.134  -15.675  -14.151  -13.240  -12.414  -11.015   -9.738   -9.518
   -8.234   -6.783   -4.688   -2.718   -0.406    1.502    1.931    1.981    2.823    3.052
            0.000000  0.000000  0.345000
  -20.545  -19.138  -17.162  -15.637  -14.105  -13.252  -12.370  -11.028   -9.708   -9.513
   -8.267   -6.812   -4.719   -2.684   -0.367    1.553    1.900    1.956    2.783    3.010
            0.000000  0.000000  0.342500
  -20.574  -19.166  -17.189  -15.599  -14.059  -13.264  -12.326  -11.041   -9.678   -9.507
   -8.300   -6.841   -4.750   -2.651   -0.327    1.604    1.869    1.930    2.744    2.968
            0.000000  0.000000  0.340000
  -20.603  -19.194  -17.215  -15.562  -14.014  -13.275  -12.281  -11.054   -9.648   -9.502
   -8.332   -6.870   -4.781   -2.617   -0.288    1.655    1.838    1.905    2.705    2.926
            0.000000  0.000000  0.337500
  -20.632  -19.222  -17.242  -15.525  -13.968  -13.285  -12.236  -11.066   -9.619   -9.497
   -8.365   -6.899   -4.812   -2.584   -0.248    1.706    1.807    1.879    2.665    2.884
            0.000000  0.000000  0.335000
  -20.660  -19.249  -17.268  -15.489  -13.922  -13.294  -12.191  -11.079   -9.589   -9.492
   -8.397   -6.928   -4.843   -2.551   -0.209    1.757    1.777    1.853    2.627    2.843
            0.000000  0.000000  0.332500
  -20.689  -19.277  -17.295  -15.453  -13.877  -13.303  -12.146  -11.091   -9.559   -9.487
   -8.429   -6.957   -4.873   -2.518   -0.170    1.747    1.808    1.827    2.588    2.802
            0.000000  0.000000  0.330000
  -20.717  -19.304  -17.321  -15.419  -13.831  -13.311  -12.100  -11.102   -9.530   -9.482
   -8.461   -6.986   -4.904   -2.485   -0.130    1.717    1.801    1.858    2.550    2.762
            0.000000  0.000000  0.327500
  -20.745  -19.331  -17.347  -15.385  -13.786  -13.317  -12.054  -11.114   -9.502   -9.476
   -8.492   -7.015   -4.934   -2.453   -0.091    1.687    1.775    1.908    2.512    2.721
            0.000000  0.000000  0.325000
  -20.773  -19.358  -17.373  -15.352  -13.741  -13.323  -12.009  -11.125   -9.477   -9.467
   -8.524   -7.044   -4.965   -2.420   -0.052    1.657    1.749    1.958    2.475    2.681
            0.000000  0.000000  0.322500
  -20.800  -19.385  -17.398  -15.320  -13.696  -13.328  -11.963  -11.136   -9.469   -9.441
   -8.555   -7.072   -4.995   -2.388   -0.014    1.628    1.723    2.008    2.437    2.642
            0.000000  0.000000  0.320000
  -20.828  -19.411  -17.424  -15.289  -13.651  -13.331  -11.917  -11.147   -9.464   -9.413
   -8.586   -7.101   -5.025   -2.356    0.025    1.598    1.697    2.058    2.400    2.602
            0.000000  0.000000  0.317500
  -20.855  -19.438  -17.449  -15.259  -13.606  -13.333  -11.871  -11.157   -9.460   -9.384
   -8.617   -7.130   -5.055   -2.325    0.063    1.569    1.671    2.107    2.364    2.563
            0.000000  0.000000  0.315000
  -20.882  -19.464  -17.474  -15.230  -13.561  -13.334  -11.825  -11.167   -9.456   -9.356
   -8.647   -7.158   -5.085   -2.294    0.101    1.541    1.645    2.156    2.327    2.524
            0.000000  0.000000  0.312500
  -20.909  -19.490  -17.499  -15.202  -13.517  -13.334  -11.778  -11.177   -9.451   -9.327
   -8.678   -7.186   -5.115   -2.262    0.139    1.512    1.619    2.204    2.291    2.486
            0.000000  0.000000  0.310000
  -20.935  -19.516  -17.524  -15.175  -13.473  -13.332  -11.732  -11.186   -9.447   -9.299
   -8.708   -7.215   -5.144   -2.232    0.176    1.484    1.593    2.252    2.256    2.448
            0.000000  0.000000  0.307500
  -20.962  -19.541  -17.548  -15.150  -13.429  -13.329  -11.686  -11.195   -9.443   -9.271
   -8.738   -7.243   -5.174   -2.201    0.213    1.455    1.566    2.220    2.299    2.410
            0.000000  0.000000  0.305000
  -20.988  -19.567  -17.572  -15.126  -13.386  -13.324  -11.640  -11.204   -9.439   -9.243
   -8.768   -7.271   -5.203   -2.171    0.250    1.427    1.540    2.185    2.344    2.373
            0.000000  0.000000  0.302500
  -21.014  -19.592  -17.597  -15.103  -13.343  -13.317  -11.594  -11.212   -9.435   -9.215
   -8.798   -7.298   -5.232   -2.141    0.287    1.400    1.514    2.150    2.335    2.386
            0.000000  0.000000  0.300000
  -21.040  -19.617  -17.621  -15.082  -13.312  -13.298  -11.547  -11.219   -9.432   -9.188
   -8.827   -7.326   -5.261   -2.112    0.323    1.372    1.488    2.116    2.298    2.383
            0.000000  0.000000  0.297500
  -21.065  -19.642  -17.644  -15.062  -13.301  -13.257  -11.501  -11.226   -9.428   -9.160
   -8.857   -7.354   -5.290   -2.083    0.358    1.345    1.462    2.081    2.262    2.347
            0.000000  0.000000  0.295000
  -21.091  -19.667  -17.668  -15.043  -13.290  -13.215  -11.455  -11.232   -9.424   -9.133
   -8.886   -7.381   -5.319   -2.054    0.394    1.317    1.436    2.047    2.226    2.312
            0.000000  0.000000  0.292500
  -21.116  -19.691  -17.691  -15.026  -13.277  -13.173  -11.409  -11.238   -9.420   -9.106
   -8.915   -7.409   -5.347   -2.026    0.428    1.290    1.410    2.014    2.190    2.277
            0.000000  0.000000  0.290000
  -21.141  -19.715  -17.715  -15.011  -13.262  -13.132  -11.363  -11.243   -9.417   -9.079
   -8.943   -7.436   -5.375   -1.998    0.463    1.263    1.384    1.980    2.154    2.242
            0.000000  0.000000  0.287500
  -21.166  -19.740  -17.738  -14.997  -13.246  -13.092  -11.318  -11.246   -9.413   -9.052
   -8.972   -7.463   -5.403   -1.970    0.497    1.237    1.358    1.947    2.119    2.207
            0.000000  0.000000  0.285000
  -21.190  -19.764  -17.761  -14.984  -13.229  -13.052  -11.276  -11.246   -9.409   -9.025
   -9.000   -7.490   -5.431   -1.943    0.530    1.210    1.332    1.915    2.083    2.173
            0.000000  0.000000  0.282500
  -21.214  -19.787  -17.783  -14.973  -13.209  -13.013  -11.259  -11.220   -9.406   -9.028
   -8.999   -7.516   -5.459   -1.916    0.562    1.184    1.307    1.882    2.049    2.140
            0.000000  0.000000  0.280000
  -21.239  -19.811  -17.806  -14.963  -13.188  -12.975  -11.259  -11.176   -9.402   -9.056
   -8.973   -7.543   -5.487   -1.889    0.595    1.158    1.281    1.850    2.014    2.107
            0.000000  0.000000  0.277500
  -21.263  -19.834  -17.828  -14.955  -13.166  -12.937  -11.260  -11.131   -9.398   -9.084
   -8.947   -7.569   -5.514   -1.863    0.626    1.132    1.255    1.819    1.980    2.074
            0.000000  0.000000  0.275000
  -21.286  -19.857  -17.850  -14.948  -13.142  -12.900  -11.260  -11.085   -9.395   -9.111
   -8.921   -7.595   -5.541   -1.838    0.657    1.107    1.230    1.787    1.946    2.041
            0.000000  0.000000  0.272500
  -21.310  -19.880  -17.872  -14.942  -13.117  -12.865  -11.259  -11.040   -9.391   -9.138
   -8.895   -7.621   -5.568   -1.812    0.687    1.081    1.205    1.756    1.913    2.009
            0.000000  0.000000  0.270000
  -21.333  -19.903  -17.894  -14.937  -13.090  -12.830  -11.257  -10.995   -9.387   -9.165
   -8.870   -7.647   -5.595   -1.788    0.716    1.056    1.179    1.725    1.880    1.977
            0.000000  0.000000  0.267500
  -21.356  -19.926  -17.915  -14.934  -13.062  -12.796  -11.254  -10.949   -9.383   -9.192
   -8.844   -7.673   -5.622   -1.763    0.745    1.031    1.154    1.694    1.847    1.946
            0.000000  0.000000  0.265000
  -21.379  -19.948  -17.937  -14.931  -13.032  -12.763  -11.250  -10.904   -9.379   -9.218
   -8.819   -7.698   -5.648   -1.739    0.772    1.006    1.129    1.664    1.814    1.915
            0.000000  0.000000  0.262500
  -21.402  -19.970  -17.958  -14.930  -13.002  -12.731  -11.245  -10.860   -9.375   -9.245
   -8.795   -7.723   -5.674   -1.716    0.799    0.981    1.104    1.634    1.782    1.884
            0.000000  0.000000  0.260000
  -21.424  -19.992  -17.979  -14.930  -12.970  -12.701  -11.238  -10.815   -9.371   -9.271
   -8.770   -7.749   -5.700   -1.693    0.825    0.957    1.079    1.605    1.750    1.854
            0.000000  0.000000  0.257500
  -21.447  -20.014  -17.999  -14.931  -12.937  -12.672  -11.230  -10.771   -9.367   -9.297
   -8.746   -7.773   -5.726   -1.670    0.850    0.932    1.055    1.575    1.718    1.824
            0.000000  0.000000  0.255000
  -21.469  -20.036  -18.020  -14.932  -12.903  -12.644  -11.221  -10.726   -9.362   -9.322
   -8.721   -7.798   -5.752   -1.648    0.874    0.908    1.030    1.546    1.687    1.795
            0.000000  0.000000  0.252500
  -21.491  -20.057  -18.040  -14.935  -12.868  -12.617  -11.210  -10.683   -9.358   -9.348
   -8.697   -7.823   -5.777   -1.626    0.884    0.897    1.006    1.518    1.656    1.766
            0.000000  0.000000  0.250000
  -21.512  -20.078  -18.061  -14.938  -12.832  -12.592  -11.198  -10.639   -9.373   -9.353
   -8.674   -7.847   -5.802   -1.605    0.861    0.918    0.981    1.489    1.625    1.738
            0.000000  0.000000  0.247500
  -21.534  -20.099  -18.081  -14.942  -12.796  -12.569  -11.184  -10.596   -9.398   -9.348
   -8.650   -7.871   -5.827   -1.584    0.837    0.939    0.957    1.461    1.595    1.710
            0.000000  0.000000  0.245000
  -21.555  -20.120  -18.100  -14.946  -12.758  -12.546  -11.168  -10.553   -9.423   -9.342
   -8.627   -7.895   -5.852   -1.563    0.814    0.933    0.958    1.433    1.565    1.682
            0.000000  0.000000  0.242500
  -21.576  -20.140  -18.120  -14.951  -12.720  -12.526  -11.152  -10.511   -9.447   -9.336
   -8.604   -7.919   -5.876   -1.543    0.791    0.909    0.976    1.406    1.535    1.655
            0.000000  0.000000  0.240000
  -21.597  -20.161  -18.139  -14.957  -12.681  -12.507  -11.133  -10.469   -9.472   -9.330
   -8.581   -7.942   -5.900   -1.524    0.768    0.886    0.992    1.378    1.505    1.628
            0.000000  0.000000  0.237500
  -21.618  -20.181  -18.159  -14.963  -12.642  -12.489  -11.113  -10.428   -9.496   -9.324
   -8.558   -7.966   -5.925   -1.504    0.745    0.862    1.006    1.351    1.476    1.598
            0.000000  0.000000  0.235000
  -21.638  -20.201  -18.178  -14.970  -12.602  -12.473  -11.092  -10.388   -9.519   -9.316
   -8.536   -7.989   -5.948   -1.486    0.722    0.839    1.019    1.325    1.447    1.570
            0.000000  0.000000  0.232500
  -21.658  -20.221  -18.196  -14.977  -12.561  -12.458  -11.069  -10.348   -9.543   -9.309
   -8.514   -8.012   -5.972   -1.467    0.700    0.815    1.031    1.298    1.419    1.541
            0.000000  0.000000  0.230000
  -21.678  -20.240  -18.215  -14.984  -12.520  -12.444  -11.044  -10.308   -9.566   -9.301
   -8.492   -8.034   -5.995   -1.450    0.678    0.792    1.040    1.272    1.391    1.513
            0.000000  0.000000  0.227500
  -21.698  -20.260  -18.234  -14.992  -12.479  -12.432  -11.018  -10.270   -9.590   -9.292
   -8.470   -8.057   -6.018   -1.432    0.656    0.770    1.047    1.247    1.363    1.485
            0.000000  0.000000  0.225000
  -21.718  -20.279  -18.252  -15.000  -12.438  -12.420  -10.991  -10.232   -9.612   -9.282
   -8.449   -8.079   -6.041   -1.415    0.634    0.747    1.053    1.221    1.335    1.458
            0.000000  0.000000  0.222500
  -21.737  -20.298  -18.270  -15.009  -12.414  -12.393  -10.963  -10.196   -9.635   -9.272
   -8.427   -8.101   -6.064   -1.399    0.612    0.724    1.056    1.196    1.308    1.430
            0.000000  0.000000  0.220000
  -21.756  -20.316  -18.288  -15.018  -12.405  -12.351  -10.933  -10.160   -9.658   -9.261
   -8.406   -8.123   -6.087   -1.383    0.591    0.702    1.057    1.171    1.281    1.403
            0.000000  0.000000  0.217500
  -21.775  -20.335  -18.305  -15.026  -12.398  -12.309  -10.902  -10.125   -9.680   -9.249
   -8.386   -8.145   -6.109   -1.367    0.570    0.680    1.056    1.147    1.254    1.377
            0.000000  0.000000  0.215000
  -21.794  -20.353  -18.323  -15.036  -12.392  -12.265  -10.870  -10.092   -9.702   -9.236
   -8.365   -8.166   -6.131   -1.352    0.549    0.658    1.053    1.122    1.228    1.350
            0.000000  0.000000  0.212500
  -21.812  -20.371  -18.340  -15.045  -12.387  -12.222  -10.838  -10.060   -9.723   -9.222
   -8.345   -8.187   -6.153   -1.337    0.528    0.636    1.048    1.098    1.202    1.324
            0.000000  0.000000  0.210000
  -21.831  -20.389  -18.357  -15.054  -12.382  -12.178  -10.804  -10.029   -9.745   -9.206
   -8.325   -8.208   -6.174   -1.323    0.507    0.615    1.041    1.075    1.176    1.299
            0.000000  0.000000  0.207500
  -21.849  -20.407  -18.374  -15.064  -12.379  -12.135  -10.769   -9.999   -9.766   -9.190
   -8.305   -8.229   -6.195   -1.309    0.487    0.594    1.033    1.051    1.151    1.273
            0.000000  0.000000  0.205000
  -21.867  -20.425  -18.391  -15.074  -12.377  -12.091  -10.733   -9.971   -9.787   -9.172
   -8.286   -8.249   -6.216   -1.296    0.467    0.573    1.023    1.028    1.125    1.248
            0.000000  0.000000  0.202500
  -21.884  -20.442  -18.407  -15.084  -12.375  -12.047  -10.697   -9.945   -9.808   -9.153
   -8.270   -8.267   -6.237   -1.282    0.447    0.552    1.005    1.011    1.101    1.223
            0.000000  0.000000  0.200000
  -21.902  -20.459  -18.423  -15.094  -12.374  -12.002  -10.660   -9.920   -9.828   -9.133
   -8.290   -8.248   -6.258   -1.270    0.427    0.531    0.983    0.998    1.076    1.199
            0.000000  0.000000  0.197500
  -21.919  -20.476  -18.439  -15.104  -12.374  -11.958  -10.623   -9.896   -9.849   -9.111
   -8.310   -8.229   -6.278   -1.257    0.407    0.510    0.960    0.984    1.052    1.175
            0.000000  0.000000  0.195000
  -21.936  -20.493  -18.455  -15.114  -12.374  -11.914  -10.585   -9.874   -9.869   -9.088
   -8.329   -8.211   -6.298   -1.246    0.388    0.490    0.938    0.970    1.028    1.151
            0.000000  0.000000  0.192500
  -21.953  -20.509  -18.471  -15.124  -12.375  -11.869  -10.546   -9.888   -9.854   -9.063
   -8.348   -8.192   -6.318   -1.234    0.369    0.470    0.916    0.954    1.005    1.127
            0.000000  0.000000  0.190000
  -21.970  -20.525  -18.486  -15.134  -12.376  -11.825  -10.507   -9.908   -9.835   -9.038
   -8.368   -8.175   -6.338   -1.223    0.350    0.450    0.895    0.938    0.981    1.104
            0.000000  0.000000  0.187500
  -21.986  -20.541  -18.502  -15.144  -12.378  -11.780  -10.468   -9.927   -9.818   -9.011
   -8.387   -8.157   -6.357   -1.212    0.331    0.431    0.874    0.922    0.958    1.081
            0.000000  0.000000  0.185000
  -22.002  -20.557  -18.517  -15.154  -12.380  -11.736  -10.428   -9.946   -9.802   -8.983
   -8.405   -8.140   -6.376   -1.202    0.313    0.411    0.853    0.905    0.936    1.058
            0.000000  0.000000  0.182500
  -22.018  -20.573  -18.531  -15.165  -12.383  -11.692  -10.389   -9.965   -9.787   -8.954
   -8.424   -8.122   -6.395   -1.192    0.294    0.392    0.832    0.887    0.914    1.036
            0.000000  0.000000  0.180000
  -22.034  -20.588  -18.546  -15.175  -12.386  -11.647  -10.348   -9.984   -9.773   -8.923
   -8.442   -8.106   -6.414   -1.182    0.276    0.373    0.812    0.870    0.892    1.013
            0.000000  0.000000  0.177500
  -22.049  -20.604  -18.561  -15.185  -12.389  -11.603  -10.308  -10.002   -9.761   -8.892
   -8.460   -8.089   -6.432   -1.173    0.258    0.354    0.792    0.852    0.870    0.992
            0.000000  0.000000  0.175000
  -22.065  -20.619  -18.575  -15.195  -12.392  -11.559  -10.267  -10.020   -9.750   -8.860
   -8.478   -8.073   -6.450   -1.164    0.240    0.336    0.772    0.834    0.849    0.970
            0.000000  0.000000  0.172500
  -22.080  -20.633  -18.589  -15.205  -12.396  -11.515  -10.227  -10.038   -9.740   -8.827
   -8.495   -8.057   -6.468   -1.155    0.223    0.318    0.752    0.817    0.828    0.949
            0.000000  0.000000  0.170000
  -22.095  -20.648  -18.603  -15.215  -12.400  -11.471  -10.186  -10.056   -9.730   -8.794
   -8.512   -8.041   -6.486   -1.147    0.206    0.299    0.733    0.799    0.807    0.928
            0.000000  0.000000  0.167500
  -22.109  -20.662  -18.617  -15.225  -12.404  -11.427  -10.145  -10.073   -9.722   -8.760
   -8.529   -8.025   -6.503   -1.139    0.189    0.282    0.714    0.781    0.786    0.908
            0.000000  0.000000  0.165000
  -22.124  -20.677  -18.630  -15.235  -12.408  -11.384  -10.104  -10.090   -9.714   -8.725
   -8.546   -8.010   -6.520   -1.131    0.172    0.264    0.695    0.763    0.766    0.887
            0.000000  0.000000  0.162500
  -22.138  -20.690  -18.643  -15.245  -12.412  -11.340  -10.107  -10.063   -9.707   -8.690
   -8.563   -7.995   -6.537   -1.124    0.155    0.247    0.677    0.746    0.747    0.867
            0.000000  0.000000  0.160000
  -22.152  -20.704  -18.656  -15.255  -12.417  -11.297  -10.124  -10.023   -9.701   -8.655
   -8.579   -7.980   -6.554   -1.117    0.139    0.230    0.659    0.727    0.728    0.848
            0.000000  0.000000  0.157500
  -22.166  -20.718  -18.669  -15.264  -12.422  -11.254  -10.140   -9.982   -9.695   -8.620
   -8.595   -7.966   -6.571   -1.110    0.123    0.213    0.641    0.708    0.711    0.828
            0.000000  0.000000  0.155000
  -22.180  -20.731  -18.682  -15.274  -12.426  -11.211  -10.156   -9.941   -9.690   -8.611
   -8.584   -7.951   -6.587   -1.104    0.107    0.196    0.623    0.689    0.694    0.809
            0.000000  0.000000  0.152500
  -22.193  -20.744  -18.694  -15.284  -12.431  -11.169  -10.172   -9.901   -9.685   -8.626
   -8.548   -7.938   -6.603   -1.097    0.091    0.180    0.606    0.671    0.676    0.791
            0.000000  0.000000  0.150000
  -22.206  -20.757  -18.707  -15.293  -12.436  -11.126  -10.187   -9.861   -9.680   -8.642
   -8.512   -7.924   -6.618   -1.091    0.076    0.164    0.589    0.653    0.660    0.772
            0.000000  0.000000  0.147500
  -22.219  -20.770  -18.719  -15.302  -12.441  -11.084  -10.203   -9.821   -9.676   -8.657
   -8.476   -7.910   -6.634   -1.086    0.060    0.148    0.572    0.635    0.643    0.754
            0.000000  0.000000  0.145000
  -22.232  -20.782  -18.731  -15.312  -12.446  -11.043  -10.218   -9.781   -9.672   -8.672
   -8.439   -7.897   -6.649   -1.080    0.045    0.132    0.555    0.617    0.626    0.736
            0.000000  0.000000  0.142500
  -22.244  -20.795  -18.742  -15.321  -12.451  -11.001  -10.233   -9.743   -9.667   -8.686
   -8.403   -7.885   -6.664   -1.075    0.031    0.117    0.539    0.600    0.610    0.719
            0.000000  0.000000  0.140000
  -22.257  -20.807  -18.754  -15.330  -12.456  -10.960  -10.247   -9.708   -9.659   -8.701
   -8.367   -7.872   -6.678   -1.070    0.016    0.102    0.523    0.583    0.594    0.701
            0.000000  0.000000  0.137500
  -22.269  -20.819  -18.765  -15.339  -12.462  -10.919  -10.262   -9.683   -9.642   -8.715
   -8.331   -7.860   -6.693   -1.066    0.002    0.087    0.507    0.566    0.578    0.684
            0.000000  0.000000  0.135000
  -22.281  -20.830  -18.776  -15.347  -12.467  -10.879  -10.276   -9.673   -9.611   -8.729
   -8.295   -7.848   -6.707   -1.061   -0.012    0.072    0.492    0.550    0.563    0.668
            0.000000  0.000000  0.132500
  -22.292  -20.842  -18.787  -15.356  -12.472  -10.839  -10.290   -9.668   -9.575   -8.742
   -8.259   -7.836   -6.721   -1.057   -0.026    0.058    0.476    0.534    0.547    0.651
            0.000000  0.000000  0.130000
  -22.304  -20.853  -18.798  -15.365  -12.477  -10.799  -10.303   -9.665   -9.537   -8.756
   -8.224   -7.824   -6.735   -1.053   -0.040    0.043    0.461    0.519    0.532    0.635
            0.000000  0.000000  0.127500
  -22.315  -20.864  -18.808  -15.373  -12.482  -10.760  -10.316   -9.663   -9.499   -8.769
   -8.189   -7.813   -6.748   -1.049   -0.053    0.030    0.447    0.503    0.517    0.620
            0.000000  0.000000  0.125000
  -22.326  -20.875  -18.818  -15.381  -12.487  -10.721  -10.330   -9.661   -9.462   -8.782
   -8.153   -7.802   -6.761   -1.046   -0.066    0.016    0.432    0.488    0.503    0.604
            0.000000  0.000000  0.122500
  -22.337  -20.885  -18.828  -15.389  -12.492  -10.683  -10.342   -9.659   -9.424   -8.794
   -8.119   -7.791   -6.774   -1.042   -0.079    0.003    0.418    0.474    0.488    0.589
            0.000000  0.000000  0.120000
  -22.347  -20.896  -18.838  -15.397  -12.497  -10.645  -10.355   -9.658   -9.387   -8.807
   -8.084   -7.781   -6.787   -1.039   -0.092   -0.011    0.404    0.459    0.474    0.574
            0.000000  0.000000  0.117500
  -22.358  -20.906  -18.848  -15.405  -12.502  -10.607  -10.367   -9.657   -9.350   -8.819
   -8.050   -7.771   -6.799   -1.036   -0.104   -0.023    0.390    0.445    0.460    0.560
            0.000000  0.000000  0.115000
  -22.368  -20.916  -18.857  -15.413  -12.507  -10.570  -10.379   -9.656   -9.313   -8.831
   -8.016   -7.761   -6.811   -1.033   -0.116   -0.036    0.377    0.431    0.447    0.546
            0.000000  0.000000  0.112500
  -22.378  -20.925  -18.866  -15.421  -12.512  -10.534  -10.391   -9.655   -9.277   -8.842
   -7.983   -7.751   -6.823   -1.031   -0.128   -0.048    0.364    0.418    0.433    0.532
            0.000000  0.000000  0.110000
  -22.388  -20.935  -18.876  -15.428  -12.517  -10.498  -10.403   -9.654   -9.241   -8.854
   -7.950   -7.742   -6.835   -1.028   -0.140   -0.061    0.351    0.405    0.420    0.518
            0.000000  0.000000  0.107500
  -22.397  -20.944  -18.884  -15.435  -12.521  -10.462  -10.414   -9.654   -9.206   -8.865
   -7.917   -7.733   -6.846   -1.026   -0.151   -0.072    0.338    0.392    0.408    0.505
            0.000000  0.000000  0.105000
  -22.406  -20.953  -18.893  -15.443  -12.526  -10.428  -10.425   -9.653   -9.171   -8.876
   -7.885   -7.724   -6.857   -1.023   -0.162   -0.084    0.326    0.379    0.395    0.492
            0.000000  0.000000  0.102500
  -22.415  -20.962  -18.901  -15.450  -12.531  -10.436  -10.393   -9.653   -9.137   -8.886
   -7.853   -7.715   -6.868   -1.021   -0.173   -0.095    0.314    0.367    0.383    0.479
            0.000000  0.000000  0.100000
  -22.424  -20.971  -18.910  -15.456  -12.535  -10.446  -10.360   -9.652   -9.103   -8.897
   -7.822   -7.707   -6.878   -1.019   -0.184   -0.106    0.302    0.355    0.371    0.467
            0.000000  0.000000  0.097500
  -22.433  -20.979  -18.918  -15.463  -12.540  -10.456  -10.326   -9.652   -9.070   -8.907
   -7.792   -7.699   -6.889   -1.018   -0.194   -0.117    0.291    0.344    0.359    0.455
            0.000000  0.000000  0.095000
  -22.441  -20.988  -18.926  -15.470  -12.544  -10.466  -10.294   -9.652   -9.037   -8.917
   -7.761   -7.691   -6.899   -1.016   -0.204   -0.128    0.280    0.332    0.348    0.443
            0.000000  0.000000  0.092500
  -22.450  -20.996  -18.933  -15.476  -12.548  -10.476  -10.262   -9.652   -9.005   -8.926
   -7.732   -7.684   -6.909   -1.014   -0.214   -0.138    0.269    0.321    0.337    0.432
            0.000000  0.000000  0.090000
  -22.458  -21.003  -18.941  -15.482  -12.552  -10.486  -10.231   -9.651   -8.973   -8.936
   -7.703   -7.676   -6.918   -1.013   -0.224   -0.148    0.258    0.311    0.326    0.421
            0.000000  0.000000  0.087500
  -22.465  -21.011  -18.948  -15.488  -12.557  -10.495  -10.200   -9.651   -8.945   -8.942
   -7.677   -7.667   -6.928   -1.011   -0.233   -0.158    0.248    0.300    0.316    0.410
            0.000000  0.000000  0.085000
  -22.473  -21.018  -18.955  -15.494  -12.561  -10.504  -10.170   -9.651   -8.954   -8.911
   -7.664   -7.645   -6.937   -1.010   -0.243   -0.167    0.238    0.290    0.306    0.399
            0.000000  0.000000  0.082500
  -22.480  -21.026  -18.962  -15.500  -12.565  -10.513  -10.141   -9.651   -8.962   -8.881
   -7.657   -7.618   -6.945   -1.009   -0.251   -0.176    0.228    0.280    0.296    0.389
            0.000000  0.000000  0.080000
  -22.487  -21.033  -18.968  -15.506  -12.568  -10.521  -10.113   -9.651   -8.971   -8.852
   -7.651   -7.591   -6.954   -1.008   -0.260   -0.185    0.218    0.271    0.286    0.379
            0.000000  0.000000  0.077500
  -22.494  -21.039  -18.975  -15.511  -12.572  -10.529  -10.085   -9.650   -8.979   -8.824
   -7.645   -7.565   -6.962   -1.007   -0.268   -0.194    0.209    0.261    0.277    0.370
            0.000000  0.000000  0.075000
  -22.501  -21.046  -18.981  -15.516  -12.576  -10.537  -10.058   -9.650   -8.987   -8.796
   -7.639   -7.540   -6.970   -1.006   -0.277   -0.202    0.200    0.253    0.268    0.360
            0.000000  0.000000  0.072500
  -22.507  -21.052  -18.987  -15.522  -12.579  -10.545  -10.032   -9.650   -8.994   -8.768
   -7.634   -7.515   -6.978   -1.005   -0.284   -0.210    0.192    0.244    0.259    0.351
            0.000000  0.000000  0.070000
  -22.513  -21.058  -18.993  -15.526  -12.583  -10.552  -10.007   -9.649   -9.001   -8.742
   -7.628   -7.491   -6.985   -1.004   -0.292   -0.218    0.183    0.236    0.250    0.343
            0.000000  0.000000  0.067500
  -22.519  -21.064  -18.998  -15.531  -12.586  -10.560   -9.982   -9.649   -9.009   -8.716
   -7.623   -7.468   -6.992   -1.004   -0.299   -0.226    0.175    0.228    0.242    0.334
            0.000000  0.000000  0.065000
  -22.525  -21.070  -19.004  -15.536  -12.589  -10.566   -9.959   -9.649   -9.015   -8.691
   -7.619   -7.445   -6.999   -1.003   -0.306   -0.233    0.167    0.220    0.234    0.326
            0.000000  0.000000  0.062500
  -22.531  -21.075  -19.009  -15.540  -12.592  -10.573   -9.936   -9.648   -9.022   -8.667
   -7.614   -7.423   -7.006   -1.002   -0.313   -0.240    0.160    0.212    0.227    0.318
            0.000000  0.000000  0.060000
  -22.536  -21.081  -19.014  -15.545  -12.595  -10.579   -9.914   -9.647   -9.028   -8.643
   -7.610   -7.402   -7.012   -1.002   -0.320   -0.247    0.153    0.205    0.220    0.311
            0.000000  0.000000  0.057500
  -22.541  -21.086  -19.019  -15.549  -12.598  -10.586   -9.894   -9.646   -9.034   -8.621
   -7.606   -7.381   -7.019   -1.001   -0.326   -0.253    0.146    0.198    0.213    0.304
            0.000000  0.000000  0.055000
  -22.546  -21.090  -19.023  -15.553  -12.601  -10.591   -9.874   -9.646   -9.040   -8.599
   -7.602   -7.361   -7.025   -1.001   -0.332   -0.260    0.139    0.192    0.206    0.297
            0.000000  0.000000  0.052500
  -22.551  -21.095  -19.028  -15.556  -12.604  -10.597   -9.855   -9.644   -9.046   -8.578
   -7.598   -7.343   -7.030   -1.001   -0.338   -0.266    0.133    0.186    0.199    0.290
            0.000000  0.000000  0.050000
  -22.555  -21.099  -19.032  -15.560  -12.606  -10.602   -9.837   -9.643   -9.051   -8.557
   -7.595   -7.324   -7.036   -1.000   -0.343   -0.271    0.127    0.180    0.193    0.284
            0.000000  0.000000  0.047500
  -22.560  -21.104  -19.036  -15.563  -12.608  -10.607   -9.821   -9.641   -9.056   -8.538
   -7.592   -7.307   -7.041   -1.000   -0.349   -0.277    0.121    0.174    0.188    0.278
            0.000000  0.000000  0.045000
  -22.564  -21.108  -19.040  -15.567  -12.611  -10.612   -9.805   -9.639   -9.061   -8.520
   -7.589   -7.291   -7.046   -1.000   -0.353   -0.282    0.115    0.169    0.182    0.272
            0.000000  0.000000  0.042500
  -22.568  -21.111  -19.043  -15.570  -12.613  -10.617   -9.791   -9.637   -9.065   -8.502
   -7.586   -7.275   -7.050   -0.999   -0.358   -0.287    0.110    0.164    0.177    0.267
            0.000000  0.000000  0.040000
  -22.571  -21.115  -19.046  -15.573  -12.615  -10.621   -9.778   -9.635   -9.069   -8.485
   -7.584   -7.260   -7.054   -0.999   -0.363   -0.291    0.105    0.159    0.172    0.262
            0.000000  0.000000  0.037500
  -22.575  -21.118  -19.050  -15.575  -12.617  -10.625   -9.766   -9.632   -9.073   -8.470
   -7.581   -7.246   -7.059   -0.999   -0.367   -0.295    0.101    0.154    0.167    0.257
            0.000000  0.000000  0.035000
  -22.578  -21.121  -19.053  -15.578  -12.619  -10.629   -9.756   -9.628   -9.077   -8.455
   -7.579   -7.233   -7.062   -0.999   -0.371   -0.300    0.096    0.150    0.163    0.253
            0.000000  0.000000  0.032500
  -22.581  -21.124  -19.055  -15.580  -12.620  -10.633   -9.747   -9.625   -9.081   -8.441
   -7.577   -7.221   -7.066   -0.999   -0.374   -0.303    0.092    0.146    0.159    0.249
            0.000000  0.000000  0.030000
  -22.583  -21.127  -19.058  -15.583  -12.622  -10.636   -9.739   -9.620   -9.084   -8.428
   -7.575   -7.209   -7.069   -0.999   -0.378   -0.307    0.089    0.142    0.155    0.245
            0.000000  0.000000  0.027500
  -22.586  -21.129  -19.060  -15.585  -12.623  -10.639   -9.732   -9.616   -9.087   -8.416
   -7.574   -7.199   -7.072   -0.999   -0.381   -0.310    0.085    0.139    0.152    0.241
            0.000000  0.000000  0.025000
  -22.588  -21.132  -19.062  -15.586  -12.625  -10.642   -9.726   -9.612   -9.090   -8.405
   -7.572   -7.189   -7.075   -0.998   -0.384   -0.313    0.082    0.136    0.149    0.238
            0.000000  0.000000  0.022500
  -22.590  -21.134  -19.064  -15.588  -12.626  -10.644   -9.721   -9.608   -9.092   -8.395
   -7.571   -7.180   -7.077   -0.998   -0.386   -0.315    0.079    0.133    0.146    0.235
            0.000000  0.000000  0.020000
  -22.592  -21.136  -19.066  -15.590  -12.627  -10.646   -9.717   -9.603   -9.094   -8.386
   -7.570   -7.172   -7.080   -0.998   -0.388   -0.318    0.077    0.131    0.143    0.233
            0.000000  0.000000  0.017500
  -22.594  -21.137  -19.068  -15.591  -12.628  -10.648   -9.714   -9.599   -9.096   -8.378
   -7.569   -7.165   -7.082   -0.998   -0.390   -0.320    0.075    0.129    0.141    0.230
            0.000000  0.000000  0.015000
  -22.595  -21.139  -19.069  -15.592  -12.629  -10.650   -9.712   -9.596   -9.098   -8.371
   -7.568   -7.159   -7.083   -0.998   -0.392   -0.322    0.073    0.127    0.139    0.228
            0.000000  0.000000  0.012500
  -22.596  -21.140  -19.070  -15.593  -12.630  -10.651   -9.710   -9.592   -9.099   -8.366
   -7.567   -7.154   -7.085   -0.998   -0.394   -0.323    0.071    0.125    0.137    0.227
            0.000000  0.000000  0.010000
  -22.597  -21.141  -19.071  -15.594  -12.630  -10.652   -9.708   -9.589   -9.100   -8.361
   -7.567   -7.150   -7.086   -0.998   -0.395   -0.325    0.070    0.124    0.136    0.225
            0.000000  0.000000  0.007500
  -22.598  -21.141  -19.072  -15.594  -12.631  -10.653   -9.707   -9.587   -9.101   -8.357
   -7.566   -7.147   -7.087   -0.998   -0.396   -0.326    0.069    0.123    0.135    0.224
            0.000000  0.000000  0.005000
  -22.599  -21.142  -19.072  -15.595  -12.631  -10.654   -9.706   -9.586   -9.102   -8.354
   -7.566   -7.145   -7.088   -0.998   -0.396   -0.326    0.068    0.122    0.134    0.224
            0.000000  0.000000  0.002500
  -22.599  -21.142  -19.072  -15.595  -12.631  -10.654   -9.705   -9.585   -9.102   -8.353
   -7.566   -7.143   -7.088   -0.998   -0.397   -0.327    0.067    0.122    0.134    0.223
            0.000000  0.000000  0.000000
  -22.599  -21.142  -19.072  -15.595  -12.631  -10.655   -9.705   -9.584   -9.103   -8.352
   -7.566   -7.143   -7.088   -0.998   -0.397   -0.327    0.067    0.122    0.134    0.223
