#  E (eV)   dos(E)     Int dos(E) EFermi =   -3.747 eV
 -24.000  0.9594E-70  0.1919E-71
 -23.980  0.1879E-67  0.3777E-69
 -23.960  0.3370E-65  0.6779E-67
 -23.940  0.5536E-63  0.1114E-64
 -23.920  0.8326E-61  0.1676E-62
 -23.900  0.1147E-58  0.2310E-60
 -23.880  0.1446E-56  0.2916E-58
 -23.860  0.1670E-54  0.3370E-56
 -23.840  0.1766E-52  0.3567E-54
 -23.820  0.1711E-50  0.3457E-52
 -23.800  0.1517E-48  0.3069E-50
 -23.780  0.1232E-46  0.2495E-48
 -23.760  0.9166E-45  0.1858E-46
 -23.740  0.6243E-43  0.1267E-44
 -23.720  0.3894E-41  0.7915E-43
 -23.700  0.2225E-39  0.4528E-41
 -23.680  0.1164E-37  0.2373E-39
 -23.660  0.5576E-36  0.1139E-37
 -23.640  0.2446E-34  0.5007E-36
 -23.620  0.9831E-33  0.2016E-34
 -23.600  0.3618E-31  0.7437E-33
 -23.580  0.1219E-29  0.2513E-31
 -23.560  0.3764E-28  0.7780E-30
 -23.540  0.1064E-26  0.2206E-28
 -23.520  0.2756E-25  0.5732E-27
 -23.500  0.6536E-24  0.1365E-25
 -23.480  0.1420E-22  0.2976E-24
 -23.460  0.2825E-21  0.5948E-23
 -23.440  0.5150E-20  0.1089E-21
 -23.420  0.8597E-19  0.1828E-20
 -23.400  0.1315E-17  0.2812E-19
 -23.380  0.1842E-16  0.3965E-18
 -23.360  0.2364E-15  0.5124E-17
 -23.340  0.2779E-14  0.6071E-16
 -23.320  0.2994E-13  0.6595E-15
 -23.300  0.2955E-12  0.6569E-14
 -23.280  0.2672E-11  0.6000E-13
 -23.260  0.2214E-10  0.5028E-12
 -23.240  0.1681E-09  0.3864E-11
 -23.220  0.1170E-08  0.2725E-10
 -23.200  0.7458E-08  0.1764E-09
 -23.180  0.4359E-07  0.1048E-08
 -23.160  0.2336E-06  0.5720E-08
 -23.140  0.1147E-05  0.2867E-07
 -23.120  0.5168E-05  0.1320E-06
 -23.100  0.2134E-04  0.5589E-06
 -23.080  0.8087E-04  0.2176E-05
 -23.060  0.2811E-03  0.7797E-05
 -23.040  0.8964E-03  0.2573E-04
 -23.020  0.2625E-02  0.7822E-04
 -23.000  0.7056E-02  0.2193E-03
 -22.980  0.1743E-01  0.5678E-03
 -22.960  0.3956E-01  0.1359E-02
 -22.940  0.8259E-01  0.3011E-02
 -22.920  0.1587E+00  0.6186E-02
 -22.900  0.2811E+00  0.1181E-01
 -22.880  0.4594E+00  0.2100E-01
 -22.860  0.6937E+00  0.3487E-01
 -22.840  0.9702E+00  0.5427E-01
 -22.820  0.1260E+01  0.7948E-01
 -22.800  0.1526E+01  0.1100E+00
 -22.780  0.1731E+01  0.1446E+00
 -22.760  0.1850E+01  0.1816E+00
 -22.740  0.1878E+01  0.2192E+00
 -22.720  0.1828E+01  0.2558E+00
 -22.700  0.1725E+01  0.2903E+00
 -22.680  0.1595E+01  0.3222E+00
 -22.660  0.1463E+01  0.3514E+00
 -22.640  0.1342E+01  0.3783E+00
 -22.620  0.1239E+01  0.4031E+00
 -22.600  0.1153E+01  0.4261E+00
 -22.580  0.1084E+01  0.4478E+00
 -22.560  0.1026E+01  0.4683E+00
 -22.540  0.9779E+00  0.4879E+00
 -22.520  0.9368E+00  0.5066E+00
 -22.500  0.9009E+00  0.5246E+00
 -22.480  0.8693E+00  0.5420E+00
 -22.460  0.8410E+00  0.5588E+00
 -22.440  0.8155E+00  0.5751E+00
 -22.420  0.7923E+00  0.5910E+00
 -22.400  0.7711E+00  0.6064E+00
 -22.380  0.7516E+00  0.6214E+00
 -22.360  0.7335E+00  0.6361E+00
 -22.340  0.7167E+00  0.6504E+00
 -22.320  0.7011E+00  0.6645E+00
 -22.300  0.6865E+00  0.6782E+00
 -22.280  0.6728E+00  0.6917E+00
 -22.260  0.6599E+00  0.7049E+00
 -22.240  0.6477E+00  0.7178E+00
 -22.220  0.6362E+00  0.7305E+00
 -22.200  0.6253E+00  0.7430E+00
 -22.180  0.6150E+00  0.7553E+00
 -22.160  0.6053E+00  0.7674E+00
 -22.140  0.5964E+00  0.7794E+00
 -22.120  0.5886E+00  0.7911E+00
 -22.100  0.5832E+00  0.8028E+00
 -22.080  0.5826E+00  0.8145E+00
 -22.060  0.5915E+00  0.8263E+00
 -22.040  0.6176E+00  0.8386E+00
 -22.020  0.6722E+00  0.8521E+00
 -22.000  0.7684E+00  0.8675E+00
 -21.980  0.9180E+00  0.8858E+00
 -21.960  0.1126E+01  0.9083E+00
 -21.940  0.1383E+01  0.9360E+00
 -21.920  0.1668E+01  0.9694E+00
 -21.900  0.1944E+01  0.1008E+01
 -21.880  0.2173E+01  0.1052E+01
 -21.860  0.2323E+01  0.1098E+01
 -21.840  0.2382E+01  0.1146E+01
 -21.820  0.2355E+01  0.1193E+01
 -21.800  0.2264E+01  0.1238E+01
 -21.780  0.2137E+01  0.1281E+01
 -21.760  0.1998E+01  0.1321E+01
 -21.740  0.1866E+01  0.1358E+01
 -21.720  0.1751E+01  0.1393E+01
 -21.700  0.1654E+01  0.1426E+01
 -21.680  0.1574E+01  0.1458E+01
 -21.660  0.1507E+01  0.1488E+01
 -21.640  0.1452E+01  0.1517E+01
 -21.620  0.1404E+01  0.1545E+01
 -21.600  0.1362E+01  0.1572E+01
 -21.580  0.1325E+01  0.1599E+01
 -21.560  0.1292E+01  0.1625E+01
 -21.540  0.1262E+01  0.1650E+01
 -21.520  0.1235E+01  0.1675E+01
 -21.500  0.1209E+01  0.1699E+01
 -21.480  0.1186E+01  0.1722E+01
 -21.460  0.1164E+01  0.1746E+01
 -21.440  0.1144E+01  0.1769E+01
 -21.420  0.1125E+01  0.1791E+01
 -21.400  0.1107E+01  0.1813E+01
 -21.380  0.1090E+01  0.1835E+01
 -21.360  0.1074E+01  0.1856E+01
 -21.340  0.1058E+01  0.1878E+01
 -21.320  0.1044E+01  0.1899E+01
 -21.300  0.1030E+01  0.1919E+01
 -21.280  0.1017E+01  0.1939E+01
 -21.260  0.1005E+01  0.1960E+01
 -21.240  0.9926E+00  0.1979E+01
 -21.220  0.9811E+00  0.1999E+01
 -21.200  0.9701E+00  0.2018E+01
 -21.180  0.9595E+00  0.2038E+01
 -21.160  0.9493E+00  0.2057E+01
 -21.140  0.9394E+00  0.2075E+01
 -21.120  0.9299E+00  0.2094E+01
 -21.100  0.9208E+00  0.2112E+01
 -21.080  0.9119E+00  0.2131E+01
 -21.060  0.9034E+00  0.2149E+01
 -21.040  0.8951E+00  0.2167E+01
 -21.020  0.8871E+00  0.2184E+01
 -21.000  0.8793E+00  0.2202E+01
 -20.980  0.8718E+00  0.2219E+01
 -20.960  0.8645E+00  0.2237E+01
 -20.940  0.8574E+00  0.2254E+01
 -20.920  0.8505E+00  0.2271E+01
 -20.900  0.8437E+00  0.2288E+01
 -20.880  0.8372E+00  0.2304E+01
 -20.860  0.8309E+00  0.2321E+01
 -20.840  0.8247E+00  0.2338E+01
 -20.820  0.8186E+00  0.2354E+01
 -20.800  0.8127E+00  0.2370E+01
 -20.780  0.8070E+00  0.2386E+01
 -20.760  0.8016E+00  0.2402E+01
 -20.740  0.7966E+00  0.2418E+01
 -20.720  0.7925E+00  0.2434E+01
 -20.700  0.7908E+00  0.2450E+01
 -20.680  0.7940E+00  0.2466E+01
 -20.660  0.8072E+00  0.2482E+01
 -20.640  0.8387E+00  0.2499E+01
 -20.620  0.9000E+00  0.2517E+01
 -20.600  0.1005E+01  0.2537E+01
 -20.580  0.1164E+01  0.2560E+01
 -20.560  0.1382E+01  0.2588E+01
 -20.540  0.1649E+01  0.2621E+01
 -20.520  0.1940E+01  0.2660E+01
 -20.500  0.2217E+01  0.2704E+01
 -20.480  0.2443E+01  0.2753E+01
 -20.460  0.2588E+01  0.2805E+01
 -20.440  0.2639E+01  0.2857E+01
 -20.420  0.2606E+01  0.2909E+01
 -20.400  0.2510E+01  0.2960E+01
 -20.380  0.2379E+01  0.3007E+01
 -20.360  0.2240E+01  0.3052E+01
 -20.340  0.2109E+01  0.3094E+01
 -20.320  0.1995E+01  0.3134E+01
 -20.300  0.1899E+01  0.3172E+01
 -20.280  0.1821E+01  0.3208E+01
 -20.260  0.1755E+01  0.3244E+01
 -20.240  0.1701E+01  0.3278E+01
 -20.220  0.1654E+01  0.3311E+01
 -20.200  0.1613E+01  0.3343E+01
 -20.180  0.1576E+01  0.3374E+01
 -20.160  0.1544E+01  0.3405E+01
 -20.140  0.1514E+01  0.3436E+01
 -20.120  0.1487E+01  0.3465E+01
 -20.100  0.1462E+01  0.3495E+01
 -20.080  0.1438E+01  0.3523E+01
 -20.060  0.1417E+01  0.3552E+01
 -20.040  0.1397E+01  0.3580E+01
 -20.020  0.1378E+01  0.3607E+01
 -20.000  0.1360E+01  0.3634E+01
 -19.980  0.1343E+01  0.3661E+01
 -19.960  0.1327E+01  0.3688E+01
 -19.940  0.1312E+01  0.3714E+01
 -19.920  0.1298E+01  0.3740E+01
 -19.900  0.1284E+01  0.3766E+01
 -19.880  0.1271E+01  0.3791E+01
 -19.860  0.1259E+01  0.3816E+01
 -19.840  0.1247E+01  0.3841E+01
 -19.820  0.1235E+01  0.3866E+01
 -19.800  0.1224E+01  0.3890E+01
 -19.780  0.1214E+01  0.3915E+01
 -19.760  0.1204E+01  0.3939E+01
 -19.740  0.1194E+01  0.3963E+01
 -19.720  0.1184E+01  0.3986E+01
 -19.700  0.1175E+01  0.4010E+01
 -19.680  0.1166E+01  0.4033E+01
 -19.660  0.1158E+01  0.4056E+01
 -19.640  0.1150E+01  0.4079E+01
 -19.620  0.1142E+01  0.4102E+01
 -19.600  0.1134E+01  0.4125E+01
 -19.580  0.1126E+01  0.4147E+01
 -19.560  0.1119E+01  0.4170E+01
 -19.540  0.1112E+01  0.4192E+01
 -19.520  0.1105E+01  0.4214E+01
 -19.500  0.1098E+01  0.4236E+01
 -19.480  0.1092E+01  0.4258E+01
 -19.460  0.1086E+01  0.4280E+01
 -19.440  0.1080E+01  0.4301E+01
 -19.420  0.1074E+01  0.4323E+01
 -19.400  0.1068E+01  0.4344E+01
 -19.380  0.1062E+01  0.4365E+01
 -19.360  0.1057E+01  0.4386E+01
 -19.340  0.1051E+01  0.4407E+01
 -19.320  0.1046E+01  0.4428E+01
 -19.300  0.1041E+01  0.4449E+01
 -19.280  0.1036E+01  0.4470E+01
 -19.260  0.1031E+01  0.4490E+01
 -19.240  0.1026E+01  0.4511E+01
 -19.220  0.1022E+01  0.4531E+01
 -19.200  0.1017E+01  0.4552E+01
 -19.180  0.1013E+01  0.4572E+01
 -19.160  0.1009E+01  0.4592E+01
 -19.140  0.1005E+01  0.4612E+01
 -19.120  0.1001E+01  0.4632E+01
 -19.100  0.9970E+00  0.4652E+01
 -19.080  0.9933E+00  0.4672E+01
 -19.060  0.9898E+00  0.4692E+01
 -19.040  0.9867E+00  0.4712E+01
 -19.020  0.9845E+00  0.4731E+01
 -19.000  0.9844E+00  0.4751E+01
 -18.980  0.9891E+00  0.4771E+01
 -18.960  0.1003E+01  0.4791E+01
 -18.940  0.1035E+01  0.4812E+01
 -18.920  0.1097E+01  0.4834E+01
 -18.900  0.1201E+01  0.4858E+01
 -18.880  0.1361E+01  0.4885E+01
 -18.860  0.1582E+01  0.4916E+01
 -18.840  0.1854E+01  0.4954E+01
 -18.820  0.2154E+01  0.4997E+01
 -18.800  0.2445E+01  0.5045E+01
 -18.780  0.2687E+01  0.5099E+01
 -18.760  0.2847E+01  0.5156E+01
 -18.740  0.2912E+01  0.5214E+01
 -18.720  0.2888E+01  0.5272E+01
 -18.700  0.2795E+01  0.5328E+01
 -18.680  0.2663E+01  0.5381E+01
 -18.660  0.2517E+01  0.5432E+01
 -18.640  0.2378E+01  0.5479E+01
 -18.620  0.2255E+01  0.5524E+01
 -18.600  0.2154E+01  0.5567E+01
 -18.580  0.2073E+01  0.5609E+01
 -18.560  0.2011E+01  0.5649E+01
 -18.540  0.1962E+01  0.5688E+01
 -18.520  0.1924E+01  0.5727E+01
 -18.500  0.1891E+01  0.5765E+01
 -18.480  0.1862E+01  0.5802E+01
 -18.460  0.1835E+01  0.5839E+01
 -18.440  0.1809E+01  0.5875E+01
 -18.420  0.1786E+01  0.5910E+01
 -18.400  0.1765E+01  0.5946E+01
 -18.380  0.1747E+01  0.5981E+01
 -18.360  0.1731E+01  0.6015E+01
 -18.340  0.1718E+01  0.6050E+01
 -18.320  0.1707E+01  0.6084E+01
 -18.300  0.1699E+01  0.6118E+01
 -18.280  0.1695E+01  0.6152E+01
 -18.260  0.1695E+01  0.6186E+01
 -18.240  0.1699E+01  0.6220E+01
 -18.220  0.1708E+01  0.6254E+01
 -18.200  0.1722E+01  0.6288E+01
 -18.180  0.1739E+01  0.6323E+01
 -18.160  0.1756E+01  0.6358E+01
 -18.140  0.1767E+01  0.6393E+01
 -18.120  0.1765E+01  0.6429E+01
 -18.100  0.1746E+01  0.6464E+01
 -18.080  0.1706E+01  0.6498E+01
 -18.060  0.1647E+01  0.6531E+01
 -18.040  0.1575E+01  0.6562E+01
 -18.020  0.1501E+01  0.6592E+01
 -18.000  0.1433E+01  0.6621E+01
 -17.980  0.1380E+01  0.6648E+01
 -17.960  0.1345E+01  0.6675E+01
 -17.940  0.1330E+01  0.6702E+01
 -17.920  0.1333E+01  0.6729E+01
 -17.900  0.1351E+01  0.6756E+01
 -17.880  0.1383E+01  0.6783E+01
 -17.860  0.1423E+01  0.6812E+01
 -17.840  0.1465E+01  0.6841E+01
 -17.820  0.1497E+01  0.6871E+01
 -17.800  0.1506E+01  0.6901E+01
 -17.780  0.1481E+01  0.6931E+01
 -17.760  0.1414E+01  0.6959E+01
 -17.740  0.1306E+01  0.6985E+01
 -17.720  0.1166E+01  0.7008E+01
 -17.700  0.1013E+01  0.7029E+01
 -17.680  0.8639E+00  0.7046E+01
 -17.660  0.7348E+00  0.7061E+01
 -17.640  0.6338E+00  0.7073E+01
 -17.620  0.5617E+00  0.7085E+01
 -17.600  0.5146E+00  0.7095E+01
 -17.580  0.4858E+00  0.7105E+01
 -17.560  0.4690E+00  0.7114E+01
 -17.540  0.4592E+00  0.7123E+01
 -17.520  0.4530E+00  0.7132E+01
 -17.500  0.4486E+00  0.7141E+01
 -17.480  0.4450E+00  0.7150E+01
 -17.460  0.4419E+00  0.7159E+01
 -17.440  0.4391E+00  0.7168E+01
 -17.420  0.4370E+00  0.7176E+01
 -17.400  0.4363E+00  0.7185E+01
 -17.380  0.4382E+00  0.7194E+01
 -17.360  0.4448E+00  0.7203E+01
 -17.340  0.4589E+00  0.7212E+01
 -17.320  0.4840E+00  0.7222E+01
 -17.300  0.5225E+00  0.7232E+01
 -17.280  0.5754E+00  0.7244E+01
 -17.260  0.6400E+00  0.7256E+01
 -17.240  0.7105E+00  0.7271E+01
 -17.220  0.7783E+00  0.7286E+01
 -17.200  0.8349E+00  0.7303E+01
 -17.180  0.8747E+00  0.7320E+01
 -17.160  0.8974E+00  0.7338E+01
 -17.140  0.9090E+00  0.7357E+01
 -17.120  0.9201E+00  0.7375E+01
 -17.100  0.9435E+00  0.7394E+01
 -17.080  0.9905E+00  0.7414E+01
 -17.060  0.1068E+01  0.7435E+01
 -17.040  0.1174E+01  0.7458E+01
 -17.020  0.1298E+01  0.7484E+01
 -17.000  0.1425E+01  0.7513E+01
 -16.980  0.1535E+01  0.7544E+01
 -16.960  0.1612E+01  0.7576E+01
 -16.940  0.1649E+01  0.7609E+01
 -16.920  0.1648E+01  0.7642E+01
 -16.900  0.1617E+01  0.7674E+01
 -16.880  0.1570E+01  0.7706E+01
 -16.860  0.1516E+01  0.7736E+01
 -16.840  0.1466E+01  0.7765E+01
 -16.820  0.1422E+01  0.7794E+01
 -16.800  0.1387E+01  0.7821E+01
 -16.780  0.1359E+01  0.7849E+01
 -16.760  0.1338E+01  0.7875E+01
 -16.740  0.1322E+01  0.7902E+01
 -16.720  0.1311E+01  0.7928E+01
 -16.700  0.1304E+01  0.7954E+01
 -16.680  0.1300E+01  0.7980E+01
 -16.660  0.1300E+01  0.8006E+01
 -16.640  0.1305E+01  0.8032E+01
 -16.620  0.1314E+01  0.8058E+01
 -16.600  0.1327E+01  0.8085E+01
 -16.580  0.1343E+01  0.8112E+01
 -16.560  0.1359E+01  0.8139E+01
 -16.540  0.1372E+01  0.8166E+01
 -16.520  0.1377E+01  0.8194E+01
 -16.500  0.1371E+01  0.8221E+01
 -16.480  0.1352E+01  0.8248E+01
 -16.460  0.1325E+01  0.8275E+01
 -16.440  0.1294E+01  0.8301E+01
 -16.420  0.1265E+01  0.8326E+01
 -16.400  0.1240E+01  0.8351E+01
 -16.380  0.1217E+01  0.8375E+01
 -16.360  0.1188E+01  0.8399E+01
 -16.340  0.1141E+01  0.8422E+01
 -16.320  0.1069E+01  0.8443E+01
 -16.300  0.9686E+00  0.8463E+01
 -16.280  0.8468E+00  0.8480E+01
 -16.260  0.7155E+00  0.8494E+01
 -16.240  0.5897E+00  0.8506E+01
 -16.220  0.4817E+00  0.8515E+01
 -16.200  0.3993E+00  0.8523E+01
 -16.180  0.3444E+00  0.8530E+01
 -16.160  0.3155E+00  0.8536E+01
 -16.140  0.3095E+00  0.8543E+01
 -16.120  0.3238E+00  0.8549E+01
 -16.100  0.3565E+00  0.8556E+01
 -16.080  0.4064E+00  0.8564E+01
 -16.060  0.4728E+00  0.8574E+01
 -16.040  0.5560E+00  0.8585E+01
 -16.020  0.6593E+00  0.8598E+01
 -16.000  0.7905E+00  0.8614E+01
 -15.980  0.9624E+00  0.8633E+01
 -15.960  0.1189E+01  0.8657E+01
 -15.940  0.1479E+01  0.8687E+01
 -15.920  0.1827E+01  0.8723E+01
 -15.900  0.2211E+01  0.8767E+01
 -15.880  0.2594E+01  0.8819E+01
 -15.860  0.2931E+01  0.8878E+01
 -15.840  0.3185E+01  0.8942E+01
 -15.820  0.3332E+01  0.9008E+01
 -15.800  0.3372E+01  0.9076E+01
 -15.780  0.3320E+01  0.9142E+01
 -15.760  0.3206E+01  0.9206E+01
 -15.740  0.3059E+01  0.9267E+01
 -15.720  0.2904E+01  0.9325E+01
 -15.700  0.2758E+01  0.9381E+01
 -15.680  0.2631E+01  0.9433E+01
 -15.660  0.2525E+01  0.9484E+01
 -15.640  0.2440E+01  0.9533E+01
 -15.620  0.2372E+01  0.9580E+01
 -15.600  0.2318E+01  0.9626E+01
 -15.580  0.2274E+01  0.9672E+01
 -15.560  0.2240E+01  0.9717E+01
 -15.540  0.2214E+01  0.9761E+01
 -15.520  0.2194E+01  0.9805E+01
 -15.500  0.2180E+01  0.9848E+01
 -15.480  0.2172E+01  0.9892E+01
 -15.460  0.2170E+01  0.9935E+01
 -15.440  0.2175E+01  0.9979E+01
 -15.420  0.2189E+01  0.1002E+02
 -15.400  0.2212E+01  0.1007E+02
 -15.380  0.2247E+01  0.1011E+02
 -15.360  0.2297E+01  0.1016E+02
 -15.340  0.2365E+01  0.1020E+02
 -15.320  0.2449E+01  0.1025E+02
 -15.300  0.2543E+01  0.1030E+02
 -15.280  0.2635E+01  0.1036E+02
 -15.260  0.2703E+01  0.1041E+02
 -15.240  0.2721E+01  0.1047E+02
 -15.220  0.2666E+01  0.1052E+02
 -15.200  0.2526E+01  0.1057E+02
 -15.180  0.2308E+01  0.1062E+02
 -15.160  0.2034E+01  0.1066E+02
 -15.140  0.1741E+01  0.1069E+02
 -15.120  0.1466E+01  0.1072E+02
 -15.100  0.1234E+01  0.1075E+02
 -15.080  0.1061E+01  0.1077E+02
 -15.060  0.9454E+00  0.1079E+02
 -15.040  0.8758E+00  0.1080E+02
 -15.020  0.8372E+00  0.1082E+02
 -15.000  0.8143E+00  0.1084E+02
 -14.980  0.7947E+00  0.1085E+02
 -14.960  0.7699E+00  0.1087E+02
 -14.940  0.7360E+00  0.1088E+02
 -14.920  0.6935E+00  0.1090E+02
 -14.900  0.6463E+00  0.1091E+02
 -14.880  0.6000E+00  0.1092E+02
 -14.860  0.5606E+00  0.1093E+02
 -14.840  0.5329E+00  0.1094E+02
 -14.820  0.5200E+00  0.1095E+02
 -14.800  0.5231E+00  0.1096E+02
 -14.780  0.5418E+00  0.1097E+02
 -14.760  0.5739E+00  0.1099E+02
 -14.740  0.6152E+00  0.1100E+02
 -14.720  0.6603E+00  0.1101E+02
 -14.700  0.7031E+00  0.1103E+02
 -14.680  0.7382E+00  0.1104E+02
 -14.660  0.7622E+00  0.1106E+02
 -14.640  0.7745E+00  0.1107E+02
 -14.620  0.7767E+00  0.1109E+02
 -14.600  0.7720E+00  0.1110E+02
 -14.580  0.7637E+00  0.1112E+02
 -14.560  0.7545E+00  0.1113E+02
 -14.540  0.7460E+00  0.1115E+02
 -14.520  0.7389E+00  0.1116E+02
 -14.500  0.7333E+00  0.1118E+02
 -14.480  0.7291E+00  0.1119E+02
 -14.460  0.7258E+00  0.1121E+02
 -14.440  0.7234E+00  0.1122E+02
 -14.420  0.7214E+00  0.1123E+02
 -14.400  0.7199E+00  0.1125E+02
 -14.380  0.7187E+00  0.1126E+02
 -14.360  0.7178E+00  0.1128E+02
 -14.340  0.7171E+00  0.1129E+02
 -14.320  0.7166E+00  0.1131E+02
 -14.300  0.7163E+00  0.1132E+02
 -14.280  0.7162E+00  0.1134E+02
 -14.260  0.7162E+00  0.1135E+02
 -14.240  0.7164E+00  0.1136E+02
 -14.220  0.7168E+00  0.1138E+02
 -14.200  0.7173E+00  0.1139E+02
 -14.180  0.7179E+00  0.1141E+02
 -14.160  0.7188E+00  0.1142E+02
 -14.140  0.7198E+00  0.1144E+02
 -14.120  0.7210E+00  0.1145E+02
 -14.100  0.7225E+00  0.1146E+02
 -14.080  0.7241E+00  0.1148E+02
 -14.060  0.7260E+00  0.1149E+02
 -14.040  0.7282E+00  0.1151E+02
 -14.020  0.7307E+00  0.1152E+02
 -14.000  0.7336E+00  0.1154E+02
 -13.980  0.7369E+00  0.1155E+02
 -13.960  0.7407E+00  0.1157E+02
 -13.940  0.7451E+00  0.1158E+02
 -13.920  0.7502E+00  0.1160E+02
 -13.900  0.7563E+00  0.1161E+02
 -13.880  0.7636E+00  0.1163E+02
 -13.860  0.7728E+00  0.1164E+02
 -13.840  0.7847E+00  0.1166E+02
 -13.820  0.8012E+00  0.1167E+02
 -13.800  0.8255E+00  0.1169E+02
 -13.780  0.8627E+00  0.1171E+02
 -13.760  0.9213E+00  0.1173E+02
 -13.740  0.1013E+01  0.1175E+02
 -13.720  0.1152E+01  0.1177E+02
 -13.700  0.1353E+01  0.1180E+02
 -13.680  0.1627E+01  0.1183E+02
 -13.660  0.1974E+01  0.1187E+02
 -13.640  0.2382E+01  0.1192E+02
 -13.620  0.2818E+01  0.1197E+02
 -13.600  0.3236E+01  0.1204E+02
 -13.580  0.3588E+01  0.1211E+02
 -13.560  0.3832E+01  0.1219E+02
 -13.540  0.3948E+01  0.1226E+02
 -13.520  0.3940E+01  0.1234E+02
 -13.500  0.3836E+01  0.1242E+02
 -13.480  0.3679E+01  0.1249E+02
 -13.460  0.3516E+01  0.1256E+02
 -13.440  0.3386E+01  0.1263E+02
 -13.420  0.3319E+01  0.1270E+02
 -13.400  0.3329E+01  0.1277E+02
 -13.380  0.3418E+01  0.1283E+02
 -13.360  0.3568E+01  0.1290E+02
 -13.340  0.3746E+01  0.1298E+02
 -13.320  0.3904E+01  0.1306E+02
 -13.300  0.3989E+01  0.1314E+02
 -13.280  0.3957E+01  0.1322E+02
 -13.260  0.3788E+01  0.1329E+02
 -13.240  0.3491E+01  0.1336E+02
 -13.220  0.3105E+01  0.1342E+02
 -13.200  0.2683E+01  0.1348E+02
 -13.180  0.2281E+01  0.1352E+02
 -13.160  0.1938E+01  0.1356E+02
 -13.140  0.1673E+01  0.1360E+02
 -13.120  0.1484E+01  0.1363E+02
 -13.100  0.1360E+01  0.1365E+02
 -13.080  0.1281E+01  0.1368E+02
 -13.060  0.1233E+01  0.1370E+02
 -13.040  0.1202E+01  0.1373E+02
 -13.020  0.1181E+01  0.1375E+02
 -13.000  0.1166E+01  0.1377E+02
 -12.980  0.1153E+01  0.1380E+02
 -12.960  0.1141E+01  0.1382E+02
 -12.940  0.1132E+01  0.1384E+02
 -12.920  0.1122E+01  0.1387E+02
 -12.900  0.1114E+01  0.1389E+02
 -12.880  0.1106E+01  0.1391E+02
 -12.860  0.1099E+01  0.1393E+02
 -12.840  0.1093E+01  0.1395E+02
 -12.820  0.1087E+01  0.1398E+02
 -12.800  0.1081E+01  0.1400E+02
 -12.780  0.1076E+01  0.1402E+02
 -12.760  0.1071E+01  0.1404E+02
 -12.740  0.1066E+01  0.1406E+02
 -12.720  0.1062E+01  0.1408E+02
 -12.700  0.1058E+01  0.1410E+02
 -12.680  0.1054E+01  0.1412E+02
 -12.660  0.1051E+01  0.1415E+02
 -12.640  0.1047E+01  0.1417E+02
 -12.620  0.1044E+01  0.1419E+02
 -12.600  0.1041E+01  0.1421E+02
 -12.580  0.1039E+01  0.1423E+02
 -12.560  0.1036E+01  0.1425E+02
 -12.540  0.1034E+01  0.1427E+02
 -12.520  0.1032E+01  0.1429E+02
 -12.500  0.1030E+01  0.1431E+02
 -12.480  0.1028E+01  0.1433E+02
 -12.460  0.1027E+01  0.1435E+02
 -12.440  0.1025E+01  0.1437E+02
 -12.420  0.1024E+01  0.1439E+02
 -12.400  0.1023E+01  0.1441E+02
 -12.380  0.1023E+01  0.1443E+02
 -12.360  0.1022E+01  0.1445E+02
 -12.340  0.1022E+01  0.1448E+02
 -12.320  0.1022E+01  0.1450E+02
 -12.300  0.1023E+01  0.1452E+02
 -12.280  0.1024E+01  0.1454E+02
 -12.260  0.1026E+01  0.1456E+02
 -12.240  0.1029E+01  0.1458E+02
 -12.220  0.1035E+01  0.1460E+02
 -12.200  0.1046E+01  0.1462E+02
 -12.180  0.1066E+01  0.1464E+02
 -12.160  0.1104E+01  0.1466E+02
 -12.140  0.1171E+01  0.1469E+02
 -12.120  0.1280E+01  0.1471E+02
 -12.100  0.1444E+01  0.1474E+02
 -12.080  0.1666E+01  0.1477E+02
 -12.060  0.1936E+01  0.1481E+02
 -12.040  0.2224E+01  0.1486E+02
 -12.020  0.2485E+01  0.1491E+02
 -12.000  0.2670E+01  0.1496E+02
 -11.980  0.2741E+01  0.1502E+02
 -11.960  0.2684E+01  0.1507E+02
 -11.940  0.2515E+01  0.1512E+02
 -11.920  0.2274E+01  0.1516E+02
 -11.900  0.2012E+01  0.1520E+02
 -11.880  0.1774E+01  0.1524E+02
 -11.860  0.1593E+01  0.1527E+02
 -11.840  0.1482E+01  0.1530E+02
 -11.820  0.1445E+01  0.1533E+02
 -11.800  0.1473E+01  0.1536E+02
 -11.780  0.1556E+01  0.1539E+02
 -11.760  0.1677E+01  0.1542E+02
 -11.740  0.1817E+01  0.1546E+02
 -11.720  0.1956E+01  0.1550E+02
 -11.700  0.2072E+01  0.1554E+02
 -11.680  0.2153E+01  0.1558E+02
 -11.660  0.2193E+01  0.1563E+02
 -11.640  0.2197E+01  0.1567E+02
 -11.620  0.2173E+01  0.1572E+02
 -11.600  0.2135E+01  0.1576E+02
 -11.580  0.2092E+01  0.1580E+02
 -11.560  0.2052E+01  0.1584E+02
 -11.540  0.2018E+01  0.1588E+02
 -11.520  0.1992E+01  0.1592E+02
 -11.500  0.1972E+01  0.1596E+02
 -11.480  0.1957E+01  0.1600E+02
 -11.460  0.1947E+01  0.1604E+02
 -11.440  0.1941E+01  0.1608E+02
 -11.420  0.1938E+01  0.1612E+02
 -11.400  0.1938E+01  0.1616E+02
 -11.380  0.1941E+01  0.1619E+02
 -11.360  0.1948E+01  0.1623E+02
 -11.340  0.1958E+01  0.1627E+02
 -11.320  0.1974E+01  0.1631E+02
 -11.300  0.1998E+01  0.1635E+02
 -11.280  0.2036E+01  0.1639E+02
 -11.260  0.2100E+01  0.1643E+02
 -11.240  0.2204E+01  0.1648E+02
 -11.220  0.2372E+01  0.1653E+02
 -11.200  0.2625E+01  0.1658E+02
 -11.180  0.2979E+01  0.1664E+02
 -11.160  0.3429E+01  0.1671E+02
 -11.140  0.3937E+01  0.1679E+02
 -11.120  0.4432E+01  0.1687E+02
 -11.100  0.4824E+01  0.1697E+02
 -11.080  0.5033E+01  0.1707E+02
 -11.060  0.5016E+01  0.1717E+02
 -11.040  0.4790E+01  0.1727E+02
 -11.020  0.4423E+01  0.1736E+02
 -11.000  0.4011E+01  0.1744E+02
 -10.980  0.3646E+01  0.1751E+02
 -10.960  0.3393E+01  0.1758E+02
 -10.940  0.3273E+01  0.1764E+02
 -10.920  0.3273E+01  0.1771E+02
 -10.900  0.3357E+01  0.1778E+02
 -10.880  0.3474E+01  0.1784E+02
 -10.860  0.3577E+01  0.1792E+02
 -10.840  0.3631E+01  0.1799E+02
 -10.820  0.3618E+01  0.1806E+02
 -10.800  0.3541E+01  0.1813E+02
 -10.780  0.3418E+01  0.1820E+02
 -10.760  0.3271E+01  0.1827E+02
 -10.740  0.3124E+01  0.1833E+02
 -10.720  0.2989E+01  0.1839E+02
 -10.700  0.2874E+01  0.1845E+02
 -10.680  0.2775E+01  0.1850E+02
 -10.660  0.2686E+01  0.1855E+02
 -10.640  0.2598E+01  0.1861E+02
 -10.620  0.2506E+01  0.1866E+02
 -10.600  0.2409E+01  0.1871E+02
 -10.580  0.2310E+01  0.1875E+02
 -10.560  0.2219E+01  0.1880E+02
 -10.540  0.2147E+01  0.1884E+02
 -10.520  0.2102E+01  0.1888E+02
 -10.500  0.2089E+01  0.1892E+02
 -10.480  0.2105E+01  0.1896E+02
 -10.460  0.2144E+01  0.1901E+02
 -10.440  0.2195E+01  0.1905E+02
 -10.420  0.2251E+01  0.1910E+02
 -10.400  0.2308E+01  0.1914E+02
 -10.380  0.2373E+01  0.1919E+02
 -10.360  0.2463E+01  0.1924E+02
 -10.340  0.2598E+01  0.1929E+02
 -10.320  0.2801E+01  0.1935E+02
 -10.300  0.3086E+01  0.1941E+02
 -10.280  0.3446E+01  0.1948E+02
 -10.260  0.3856E+01  0.1955E+02
 -10.240  0.4269E+01  0.1964E+02
 -10.220  0.4633E+01  0.1973E+02
 -10.200  0.4905E+01  0.1983E+02
 -10.180  0.5063E+01  0.1993E+02
 -10.160  0.5112E+01  0.2003E+02
 -10.140  0.5078E+01  0.2014E+02
 -10.120  0.4997E+01  0.2024E+02
 -10.100  0.4908E+01  0.2033E+02
 -10.080  0.4841E+01  0.2043E+02
 -10.060  0.4818E+01  0.2053E+02
 -10.040  0.4854E+01  0.2062E+02
 -10.020  0.4955E+01  0.2072E+02
 -10.000  0.5122E+01  0.2083E+02
  -9.980  0.5350E+01  0.2093E+02
  -9.960  0.5620E+01  0.2105E+02
  -9.940  0.5903E+01  0.2116E+02
  -9.920  0.6159E+01  0.2129E+02
  -9.900  0.6344E+01  0.2141E+02
  -9.880  0.6418E+01  0.2154E+02
  -9.860  0.6362E+01  0.2167E+02
  -9.840  0.6175E+01  0.2179E+02
  -9.820  0.5878E+01  0.2191E+02
  -9.800  0.5507E+01  0.2202E+02
  -9.780  0.5100E+01  0.2212E+02
  -9.760  0.4693E+01  0.2222E+02
  -9.740  0.4314E+01  0.2230E+02
  -9.720  0.3983E+01  0.2238E+02
  -9.700  0.3710E+01  0.2246E+02
  -9.680  0.3496E+01  0.2253E+02
  -9.660  0.3337E+01  0.2259E+02
  -9.640  0.3225E+01  0.2266E+02
  -9.620  0.3146E+01  0.2272E+02
  -9.600  0.3093E+01  0.2278E+02
  -9.580  0.3056E+01  0.2284E+02
  -9.560  0.3030E+01  0.2290E+02
  -9.540  0.3011E+01  0.2296E+02
  -9.520  0.2997E+01  0.2302E+02
  -9.500  0.2988E+01  0.2308E+02
  -9.480  0.2981E+01  0.2314E+02
  -9.460  0.2978E+01  0.2320E+02
  -9.440  0.2978E+01  0.2326E+02
  -9.420  0.2980E+01  0.2332E+02
  -9.400  0.2985E+01  0.2338E+02
  -9.380  0.2993E+01  0.2344E+02
  -9.360  0.3003E+01  0.2350E+02
  -9.340  0.3017E+01  0.2356E+02
  -9.320  0.3033E+01  0.2362E+02
  -9.300  0.3053E+01  0.2368E+02
  -9.280  0.3076E+01  0.2375E+02
  -9.260  0.3104E+01  0.2381E+02
  -9.240  0.3135E+01  0.2387E+02
  -9.220  0.3172E+01  0.2393E+02
  -9.200  0.3214E+01  0.2400E+02
  -9.180  0.3263E+01  0.2406E+02
  -9.160  0.3321E+01  0.2413E+02
  -9.140  0.3389E+01  0.2420E+02
  -9.120  0.3469E+01  0.2427E+02
  -9.100  0.3563E+01  0.2434E+02
  -9.080  0.3673E+01  0.2441E+02
  -9.060  0.3801E+01  0.2449E+02
  -9.040  0.3948E+01  0.2457E+02
  -9.020  0.4116E+01  0.2465E+02
  -9.000  0.4309E+01  0.2474E+02
  -8.980  0.4531E+01  0.2483E+02
  -8.960  0.4787E+01  0.2492E+02
  -8.940  0.5067E+01  0.2502E+02
  -8.920  0.5346E+01  0.2513E+02
  -8.900  0.5575E+01  0.2524E+02
  -8.880  0.5693E+01  0.2535E+02
  -8.860  0.5646E+01  0.2547E+02
  -8.840  0.5405E+01  0.2558E+02
  -8.820  0.4988E+01  0.2568E+02
  -8.800  0.4453E+01  0.2576E+02
  -8.780  0.3878E+01  0.2584E+02
  -8.760  0.3341E+01  0.2591E+02
  -8.740  0.2894E+01  0.2597E+02
  -8.720  0.2555E+01  0.2602E+02
  -8.700  0.2318E+01  0.2606E+02
  -8.680  0.2162E+01  0.2611E+02
  -8.660  0.2062E+01  0.2615E+02
  -8.640  0.1997E+01  0.2619E+02
  -8.620  0.1952E+01  0.2623E+02
  -8.600  0.1921E+01  0.2627E+02
  -8.580  0.1900E+01  0.2630E+02
  -8.560  0.1891E+01  0.2634E+02
  -8.540  0.1901E+01  0.2638E+02
  -8.520  0.1938E+01  0.2642E+02
  -8.500  0.2015E+01  0.2646E+02
  -8.480  0.2142E+01  0.2650E+02
  -8.460  0.2325E+01  0.2655E+02
  -8.440  0.2556E+01  0.2660E+02
  -8.420  0.2817E+01  0.2666E+02
  -8.400  0.3076E+01  0.2672E+02
  -8.380  0.3296E+01  0.2678E+02
  -8.360  0.3447E+01  0.2685E+02
  -8.340  0.3517E+01  0.2692E+02
  -8.320  0.3507E+01  0.2699E+02
  -8.300  0.3437E+01  0.2706E+02
  -8.280  0.3331E+01  0.2713E+02
  -8.260  0.3214E+01  0.2719E+02
  -8.240  0.3104E+01  0.2725E+02
  -8.220  0.3009E+01  0.2731E+02
  -8.200  0.2933E+01  0.2737E+02
  -8.180  0.2874E+01  0.2743E+02
  -8.160  0.2830E+01  0.2749E+02
  -8.140  0.2799E+01  0.2754E+02
  -8.120  0.2778E+01  0.2760E+02
  -8.100  0.2767E+01  0.2765E+02
  -8.080  0.2765E+01  0.2771E+02
  -8.060  0.2773E+01  0.2777E+02
  -8.040  0.2792E+01  0.2782E+02
  -8.020  0.2821E+01  0.2788E+02
  -8.000  0.2860E+01  0.2793E+02
  -7.980  0.2905E+01  0.2799E+02
  -7.960  0.2947E+01  0.2805E+02
  -7.940  0.2976E+01  0.2811E+02
  -7.920  0.2979E+01  0.2817E+02
  -7.900  0.2946E+01  0.2823E+02
  -7.880  0.2873E+01  0.2829E+02
  -7.860  0.2766E+01  0.2834E+02
  -7.840  0.2637E+01  0.2840E+02
  -7.820  0.2505E+01  0.2845E+02
  -7.800  0.2384E+01  0.2849E+02
  -7.780  0.2288E+01  0.2854E+02
  -7.760  0.2219E+01  0.2858E+02
  -7.740  0.2176E+01  0.2863E+02
  -7.720  0.2155E+01  0.2867E+02
  -7.700  0.2149E+01  0.2871E+02
  -7.680  0.2153E+01  0.2876E+02
  -7.660  0.2164E+01  0.2880E+02
  -7.640  0.2180E+01  0.2884E+02
  -7.620  0.2200E+01  0.2889E+02
  -7.600  0.2224E+01  0.2893E+02
  -7.580  0.2253E+01  0.2898E+02
  -7.560  0.2288E+01  0.2902E+02
  -7.540  0.2330E+01  0.2907E+02
  -7.520  0.2383E+01  0.2912E+02
  -7.500  0.2449E+01  0.2917E+02
  -7.480  0.2533E+01  0.2922E+02
  -7.460  0.2638E+01  0.2927E+02
  -7.440  0.2767E+01  0.2932E+02
  -7.420  0.2914E+01  0.2938E+02
  -7.400  0.3067E+01  0.2944E+02
  -7.380  0.3203E+01  0.2951E+02
  -7.360  0.3293E+01  0.2957E+02
  -7.340  0.3307E+01  0.2964E+02
  -7.320  0.3228E+01  0.2970E+02
  -7.300  0.3057E+01  0.2977E+02
  -7.280  0.2817E+01  0.2982E+02
  -7.260  0.2543E+01  0.2987E+02
  -7.240  0.2278E+01  0.2992E+02
  -7.220  0.2054E+01  0.2996E+02
  -7.200  0.1891E+01  0.3000E+02
  -7.180  0.1792E+01  0.3003E+02
  -7.160  0.1750E+01  0.3007E+02
  -7.140  0.1753E+01  0.3010E+02
  -7.120  0.1786E+01  0.3014E+02
  -7.100  0.1835E+01  0.3018E+02
  -7.080  0.1885E+01  0.3021E+02
  -7.060  0.1919E+01  0.3025E+02
  -7.040  0.1921E+01  0.3029E+02
  -7.020  0.1883E+01  0.3033E+02
  -7.000  0.1801E+01  0.3036E+02
  -6.980  0.1685E+01  0.3040E+02
  -6.960  0.1552E+01  0.3043E+02
  -6.940  0.1427E+01  0.3046E+02
  -6.920  0.1333E+01  0.3048E+02
  -6.900  0.1292E+01  0.3051E+02
  -6.880  0.1320E+01  0.3054E+02
  -6.860  0.1423E+01  0.3056E+02
  -6.840  0.1599E+01  0.3060E+02
  -6.820  0.1830E+01  0.3063E+02
  -6.800  0.2088E+01  0.3067E+02
  -6.780  0.2336E+01  0.3072E+02
  -6.760  0.2536E+01  0.3077E+02
  -6.740  0.2663E+01  0.3083E+02
  -6.720  0.2706E+01  0.3088E+02
  -6.700  0.2675E+01  0.3093E+02
  -6.680  0.2590E+01  0.3098E+02
  -6.660  0.2476E+01  0.3103E+02
  -6.640  0.2357E+01  0.3108E+02
  -6.620  0.2245E+01  0.3113E+02
  -6.600  0.2150E+01  0.3117E+02
  -6.580  0.2071E+01  0.3121E+02
  -6.560  0.2008E+01  0.3125E+02
  -6.540  0.1957E+01  0.3129E+02
  -6.520  0.1916E+01  0.3133E+02
  -6.500  0.1881E+01  0.3137E+02
  -6.480  0.1853E+01  0.3140E+02
  -6.460  0.1829E+01  0.3144E+02
  -6.440  0.1810E+01  0.3148E+02
  -6.420  0.1794E+01  0.3151E+02
  -6.400  0.1781E+01  0.3155E+02
  -6.380  0.1770E+01  0.3158E+02
  -6.360  0.1762E+01  0.3162E+02
  -6.340  0.1755E+01  0.3165E+02
  -6.320  0.1750E+01  0.3169E+02
  -6.300  0.1747E+01  0.3172E+02
  -6.280  0.1746E+01  0.3176E+02
  -6.260  0.1749E+01  0.3179E+02
  -6.240  0.1758E+01  0.3183E+02
  -6.220  0.1777E+01  0.3186E+02
  -6.200  0.1805E+01  0.3190E+02
  -6.180  0.1843E+01  0.3194E+02
  -6.160  0.1889E+01  0.3197E+02
  -6.140  0.1937E+01  0.3201E+02
  -6.120  0.1978E+01  0.3205E+02
  -6.100  0.2003E+01  0.3209E+02
  -6.080  0.2000E+01  0.3213E+02
  -6.060  0.1963E+01  0.3217E+02
  -6.040  0.1892E+01  0.3221E+02
  -6.020  0.1794E+01  0.3225E+02
  -6.000  0.1682E+01  0.3228E+02
  -5.980  0.1572E+01  0.3231E+02
  -5.960  0.1476E+01  0.3234E+02
  -5.940  0.1403E+01  0.3237E+02
  -5.920  0.1355E+01  0.3240E+02
  -5.900  0.1330E+01  0.3242E+02
  -5.880  0.1322E+01  0.3245E+02
  -5.860  0.1329E+01  0.3248E+02
  -5.840  0.1346E+01  0.3250E+02
  -5.820  0.1372E+01  0.3253E+02
  -5.800  0.1408E+01  0.3256E+02
  -5.780  0.1455E+01  0.3259E+02
  -5.760  0.1514E+01  0.3262E+02
  -5.740  0.1586E+01  0.3265E+02
  -5.720  0.1668E+01  0.3268E+02
  -5.700  0.1750E+01  0.3272E+02
  -5.680  0.1818E+01  0.3275E+02
  -5.660  0.1853E+01  0.3279E+02
  -5.640  0.1836E+01  0.3283E+02
  -5.620  0.1754E+01  0.3286E+02
  -5.600  0.1608E+01  0.3289E+02
  -5.580  0.1413E+01  0.3292E+02
  -5.560  0.1194E+01  0.3295E+02
  -5.540  0.9796E+00  0.3297E+02
  -5.520  0.7923E+00  0.3298E+02
  -5.500  0.6455E+00  0.3300E+02
  -5.480  0.5412E+00  0.3301E+02
  -5.460  0.4737E+00  0.3302E+02
  -5.440  0.4335E+00  0.3302E+02
  -5.420  0.4111E+00  0.3303E+02
  -5.400  0.3992E+00  0.3304E+02
  -5.380  0.3927E+00  0.3305E+02
  -5.360  0.3887E+00  0.3306E+02
  -5.340  0.3859E+00  0.3306E+02
  -5.320  0.3835E+00  0.3307E+02
  -5.300  0.3814E+00  0.3308E+02
  -5.280  0.3793E+00  0.3309E+02
  -5.260  0.3774E+00  0.3309E+02
  -5.240  0.3754E+00  0.3310E+02
  -5.220  0.3736E+00  0.3311E+02
  -5.200  0.3718E+00  0.3312E+02
  -5.180  0.3700E+00  0.3312E+02
  -5.160  0.3683E+00  0.3313E+02
  -5.140  0.3667E+00  0.3314E+02
  -5.120  0.3651E+00  0.3315E+02
  -5.100  0.3636E+00  0.3315E+02
  -5.080  0.3621E+00  0.3316E+02
  -5.060  0.3606E+00  0.3317E+02
  -5.040  0.3593E+00  0.3317E+02
  -5.020  0.3579E+00  0.3318E+02
  -5.000  0.3566E+00  0.3319E+02
  -4.980  0.3554E+00  0.3320E+02
  -4.960  0.3542E+00  0.3320E+02
  -4.940  0.3531E+00  0.3321E+02
  -4.920  0.3520E+00  0.3322E+02
  -4.900  0.3509E+00  0.3322E+02
  -4.880  0.3499E+00  0.3323E+02
  -4.860  0.3490E+00  0.3324E+02
  -4.840  0.3481E+00  0.3325E+02
  -4.820  0.3473E+00  0.3325E+02
  -4.800  0.3465E+00  0.3326E+02
  -4.780  0.3457E+00  0.3327E+02
  -4.760  0.3451E+00  0.3327E+02
  -4.740  0.3444E+00  0.3328E+02
  -4.720  0.3439E+00  0.3329E+02
  -4.700  0.3434E+00  0.3329E+02
  -4.680  0.3429E+00  0.3330E+02
  -4.660  0.3425E+00  0.3331E+02
  -4.640  0.3422E+00  0.3331E+02
  -4.620  0.3420E+00  0.3332E+02
  -4.600  0.3418E+00  0.3333E+02
  -4.580  0.3417E+00  0.3333E+02
  -4.560  0.3417E+00  0.3334E+02
  -4.540  0.3417E+00  0.3335E+02
  -4.520  0.3418E+00  0.3336E+02
  -4.500  0.3420E+00  0.3336E+02
  -4.480  0.3423E+00  0.3337E+02
  -4.460  0.3428E+00  0.3338E+02
  -4.440  0.3433E+00  0.3338E+02
  -4.420  0.3439E+00  0.3339E+02
  -4.400  0.3446E+00  0.3340E+02
  -4.380  0.3455E+00  0.3340E+02
  -4.360  0.3465E+00  0.3341E+02
  -4.340  0.3476E+00  0.3342E+02
  -4.320  0.3489E+00  0.3342E+02
  -4.300  0.3504E+00  0.3343E+02
  -4.280  0.3521E+00  0.3344E+02
  -4.260  0.3539E+00  0.3345E+02
  -4.240  0.3560E+00  0.3345E+02
  -4.220  0.3584E+00  0.3346E+02
  -4.200  0.3610E+00  0.3347E+02
  -4.180  0.3639E+00  0.3347E+02
  -4.160  0.3672E+00  0.3348E+02
  -4.140  0.3709E+00  0.3349E+02
  -4.120  0.3750E+00  0.3350E+02
  -4.100  0.3796E+00  0.3350E+02
  -4.080  0.3849E+00  0.3351E+02
  -4.060  0.3911E+00  0.3352E+02
  -4.040  0.3987E+00  0.3353E+02
  -4.020  0.4088E+00  0.3354E+02
  -4.000  0.4241E+00  0.3354E+02
  -3.980  0.4494E+00  0.3355E+02
  -3.960  0.4942E+00  0.3356E+02
  -3.940  0.5733E+00  0.3357E+02
  -3.920  0.7075E+00  0.3359E+02
  -3.900  0.9214E+00  0.3361E+02
  -3.880  0.1236E+01  0.3363E+02
  -3.860  0.1661E+01  0.3366E+02
  -3.840  0.2179E+01  0.3371E+02
  -3.820  0.2745E+01  0.3376E+02
  -3.800  0.3284E+01  0.3383E+02
  -3.780  0.3710E+01  0.3390E+02
  -3.760  0.3945E+01  0.3398E+02
  -3.740  0.3944E+01  0.3406E+02
  -3.720  0.3706E+01  0.3414E+02
  -3.700  0.3279E+01  0.3420E+02
  -3.680  0.2741E+01  0.3426E+02
  -3.660  0.2177E+01  0.3430E+02
  -3.640  0.1661E+01  0.3433E+02
  -3.620  0.1238E+01  0.3436E+02
  -3.600  0.9230E+00  0.3438E+02
  -3.580  0.7078E+00  0.3439E+02
  -3.560  0.5714E+00  0.3440E+02
  -3.540  0.4901E+00  0.3441E+02
  -3.520  0.4431E+00  0.3442E+02
  -3.500  0.4157E+00  0.3443E+02
  -3.480  0.3987E+00  0.3444E+02
  -3.460  0.3870E+00  0.3444E+02
  -3.440  0.3781E+00  0.3445E+02
  -3.420  0.3708E+00  0.3446E+02
  -3.400  0.3645E+00  0.3447E+02
  -3.380  0.3589E+00  0.3447E+02
  -3.360  0.3540E+00  0.3448E+02
  -3.340  0.3496E+00  0.3449E+02
  -3.320  0.3457E+00  0.3449E+02
  -3.300  0.3421E+00  0.3450E+02
  -3.280  0.3390E+00  0.3451E+02
  -3.260  0.3361E+00  0.3451E+02
  -3.240  0.3335E+00  0.3452E+02
  -3.220  0.3312E+00  0.3453E+02
  -3.200  0.3292E+00  0.3453E+02
  -3.180  0.3274E+00  0.3454E+02
  -3.160  0.3257E+00  0.3455E+02
  -3.140  0.3243E+00  0.3455E+02
  -3.120  0.3230E+00  0.3456E+02
  -3.100  0.3219E+00  0.3457E+02
  -3.080  0.3209E+00  0.3457E+02
  -3.060  0.3201E+00  0.3458E+02
  -3.040  0.3194E+00  0.3459E+02
  -3.020  0.3189E+00  0.3459E+02
  -3.000  0.3184E+00  0.3460E+02
  -2.980  0.3181E+00  0.3461E+02
  -2.960  0.3179E+00  0.3461E+02
  -2.940  0.3178E+00  0.3462E+02
  -2.920  0.3178E+00  0.3462E+02
  -2.900  0.3179E+00  0.3463E+02
  -2.880  0.3181E+00  0.3464E+02
  -2.860  0.3183E+00  0.3464E+02
  -2.840  0.3187E+00  0.3465E+02
  -2.820  0.3192E+00  0.3466E+02
  -2.800  0.3197E+00  0.3466E+02
  -2.780  0.3204E+00  0.3467E+02
  -2.760  0.3211E+00  0.3468E+02
  -2.740  0.3219E+00  0.3468E+02
  -2.720  0.3228E+00  0.3469E+02
  -2.700  0.3238E+00  0.3469E+02
  -2.680  0.3249E+00  0.3470E+02
  -2.660  0.3260E+00  0.3471E+02
  -2.640  0.3272E+00  0.3471E+02
  -2.620  0.3286E+00  0.3472E+02
  -2.600  0.3300E+00  0.3473E+02
  -2.580  0.3315E+00  0.3473E+02
  -2.560  0.3331E+00  0.3474E+02
  -2.540  0.3348E+00  0.3475E+02
  -2.520  0.3366E+00  0.3475E+02
  -2.500  0.3384E+00  0.3476E+02
  -2.480  0.3404E+00  0.3477E+02
  -2.460  0.3425E+00  0.3477E+02
  -2.440  0.3447E+00  0.3478E+02
  -2.420  0.3470E+00  0.3479E+02
  -2.400  0.3494E+00  0.3480E+02
  -2.380  0.3519E+00  0.3480E+02
  -2.360  0.3546E+00  0.3481E+02
  -2.340  0.3573E+00  0.3482E+02
  -2.320  0.3602E+00  0.3482E+02
  -2.300  0.3633E+00  0.3483E+02
  -2.280  0.3664E+00  0.3484E+02
  -2.260  0.3698E+00  0.3485E+02
  -2.240  0.3732E+00  0.3485E+02
  -2.220  0.3769E+00  0.3486E+02
  -2.200  0.3807E+00  0.3487E+02
  -2.180  0.3847E+00  0.3488E+02
  -2.160  0.3890E+00  0.3488E+02
  -2.140  0.3936E+00  0.3489E+02
  -2.120  0.3989E+00  0.3490E+02
  -2.100  0.4057E+00  0.3491E+02
  -2.080  0.4153E+00  0.3492E+02
  -2.060  0.4310E+00  0.3492E+02
  -2.040  0.4575E+00  0.3493E+02
  -2.020  0.5024E+00  0.3494E+02
  -2.000  0.5743E+00  0.3496E+02
  -1.980  0.6814E+00  0.3497E+02
  -1.960  0.8279E+00  0.3499E+02
  -1.940  0.1009E+01  0.3501E+02
  -1.920  0.1212E+01  0.3503E+02
  -1.900  0.1413E+01  0.3506E+02
  -1.880  0.1587E+01  0.3509E+02
  -1.860  0.1713E+01  0.3512E+02
  -1.840  0.1779E+01  0.3516E+02
  -1.820  0.1790E+01  0.3520E+02
  -1.800  0.1758E+01  0.3523E+02
  -1.780  0.1702E+01  0.3527E+02
  -1.760  0.1642E+01  0.3530E+02
  -1.740  0.1593E+01  0.3533E+02
  -1.720  0.1565E+01  0.3536E+02
  -1.700  0.1566E+01  0.3539E+02
  -1.680  0.1598E+01  0.3542E+02
  -1.660  0.1661E+01  0.3546E+02
  -1.640  0.1748E+01  0.3549E+02
  -1.620  0.1848E+01  0.3553E+02
  -1.600  0.1948E+01  0.3557E+02
  -1.580  0.2036E+01  0.3561E+02
  -1.560  0.2102E+01  0.3565E+02
  -1.540  0.2143E+01  0.3569E+02
  -1.520  0.2166E+01  0.3574E+02
  -1.500  0.2180E+01  0.3578E+02
  -1.480  0.2195E+01  0.3582E+02
  -1.460  0.2222E+01  0.3587E+02
  -1.440  0.2270E+01  0.3591E+02
  -1.420  0.2344E+01  0.3596E+02
  -1.400  0.2450E+01  0.3601E+02
  -1.380  0.2596E+01  0.3606E+02
  -1.360  0.2787E+01  0.3612E+02
  -1.340  0.3024E+01  0.3618E+02
  -1.320  0.3296E+01  0.3624E+02
  -1.300  0.3574E+01  0.3632E+02
  -1.280  0.3807E+01  0.3639E+02
  -1.260  0.3936E+01  0.3647E+02
  -1.240  0.3905E+01  0.3655E+02
  -1.220  0.3689E+01  0.3662E+02
  -1.200  0.3305E+01  0.3669E+02
  -1.180  0.2807E+01  0.3675E+02
  -1.160  0.2276E+01  0.3679E+02
  -1.140  0.1787E+01  0.3683E+02
  -1.120  0.1393E+01  0.3685E+02
  -1.100  0.1117E+01  0.3688E+02
  -1.080  0.9521E+00  0.3690E+02
  -1.060  0.8734E+00  0.3691E+02
  -1.040  0.8508E+00  0.3693E+02
  -1.020  0.8566E+00  0.3695E+02
  -1.000  0.8707E+00  0.3696E+02
  -0.980  0.8810E+00  0.3698E+02
  -0.960  0.8828E+00  0.3700E+02
  -0.940  0.8764E+00  0.3702E+02
  -0.920  0.8644E+00  0.3703E+02
  -0.900  0.8500E+00  0.3705E+02
  -0.880  0.8357E+00  0.3707E+02
  -0.860  0.8230E+00  0.3708E+02
  -0.840  0.8123E+00  0.3710E+02
  -0.820  0.8037E+00  0.3712E+02
  -0.800  0.7966E+00  0.3713E+02
  -0.780  0.7909E+00  0.3715E+02
  -0.760  0.7861E+00  0.3716E+02
  -0.740  0.7821E+00  0.3718E+02
  -0.720  0.7787E+00  0.3720E+02
  -0.700  0.7757E+00  0.3721E+02
  -0.680  0.7732E+00  0.3723E+02
  -0.660  0.7710E+00  0.3724E+02
  -0.640  0.7693E+00  0.3726E+02
  -0.620  0.7683E+00  0.3727E+02
  -0.600  0.7687E+00  0.3729E+02
  -0.580  0.7721E+00  0.3730E+02
  -0.560  0.7817E+00  0.3732E+02
  -0.540  0.8034E+00  0.3734E+02
  -0.520  0.8465E+00  0.3735E+02
  -0.500  0.9241E+00  0.3737E+02
  -0.480  0.1051E+01  0.3739E+02
  -0.460  0.1242E+01  0.3742E+02
  -0.440  0.1504E+01  0.3745E+02
  -0.420  0.1835E+01  0.3748E+02
  -0.400  0.2219E+01  0.3753E+02
  -0.380  0.2629E+01  0.3758E+02
  -0.360  0.3029E+01  0.3764E+02
  -0.340  0.3382E+01  0.3771E+02
  -0.320  0.3657E+01  0.3778E+02
  -0.300  0.3831E+01  0.3786E+02
  -0.280  0.3899E+01  0.3794E+02
  -0.260  0.3866E+01  0.3801E+02
  -0.240  0.3755E+01  0.3809E+02
  -0.220  0.3593E+01  0.3816E+02
  -0.200  0.3412E+01  0.3823E+02
  -0.180  0.3240E+01  0.3829E+02
  -0.160  0.3101E+01  0.3836E+02
  -0.140  0.3011E+01  0.3842E+02
  -0.120  0.2985E+01  0.3848E+02
  -0.100  0.3029E+01  0.3854E+02
  -0.080  0.3142E+01  0.3860E+02
  -0.060  0.3314E+01  0.3867E+02
  -0.040  0.3521E+01  0.3874E+02
  -0.020  0.3734E+01  0.3881E+02
  -0.000  0.3928E+01  0.3889E+02
   0.020  0.4091E+01  0.3897E+02
   0.040  0.4234E+01  0.3906E+02
   0.060  0.4389E+01  0.3914E+02
   0.080  0.4600E+01  0.3924E+02
   0.100  0.4912E+01  0.3933E+02
   0.120  0.5359E+01  0.3944E+02
   0.140  0.5951E+01  0.3956E+02
   0.160  0.6675E+01  0.3969E+02
   0.180  0.7491E+01  0.3984E+02
   0.200  0.8337E+01  0.4001E+02
   0.220  0.9137E+01  0.4019E+02
   0.240  0.9811E+01  0.4039E+02
   0.260  0.1029E+02  0.4059E+02
   0.280  0.1055E+02  0.4081E+02
   0.300  0.1057E+02  0.4102E+02
   0.320  0.1040E+02  0.4122E+02
   0.340  0.1011E+02  0.4143E+02
   0.360  0.9753E+01  0.4162E+02
   0.380  0.9398E+01  0.4181E+02
   0.400  0.9070E+01  0.4199E+02
   0.420  0.8766E+01  0.4217E+02
   0.440  0.8460E+01  0.4234E+02
   0.460  0.8118E+01  0.4250E+02
   0.480  0.7716E+01  0.4265E+02
   0.500  0.7249E+01  0.4280E+02
   0.520  0.6739E+01  0.4293E+02
   0.540  0.6222E+01  0.4306E+02
   0.560  0.5739E+01  0.4317E+02
   0.580  0.5324E+01  0.4328E+02
   0.600  0.4991E+01  0.4338E+02
   0.620  0.4737E+01  0.4347E+02
   0.640  0.4551E+01  0.4356E+02
   0.660  0.4413E+01  0.4365E+02
   0.680  0.4309E+01  0.4374E+02
   0.700  0.4225E+01  0.4382E+02
   0.720  0.4153E+01  0.4391E+02
   0.740  0.4089E+01  0.4399E+02
   0.760  0.4030E+01  0.4407E+02
   0.780  0.3974E+01  0.4415E+02
   0.800  0.3922E+01  0.4423E+02
   0.820  0.3872E+01  0.4430E+02
   0.840  0.3825E+01  0.4438E+02
   0.860  0.3780E+01  0.4446E+02
   0.880  0.3737E+01  0.4453E+02
   0.900  0.3695E+01  0.4460E+02
   0.920  0.3656E+01  0.4468E+02
   0.940  0.3618E+01  0.4475E+02
   0.960  0.3582E+01  0.4482E+02
   0.980  0.3547E+01  0.4489E+02
   1.000  0.3514E+01  0.4496E+02
   1.020  0.3482E+01  0.4503E+02
   1.040  0.3451E+01  0.4510E+02
   1.060  0.3422E+01  0.4517E+02
   1.080  0.3393E+01  0.4524E+02
   1.100  0.3365E+01  0.4530E+02
   1.120  0.3339E+01  0.4537E+02
   1.140  0.3313E+01  0.4544E+02
   1.160  0.3289E+01  0.4550E+02
   1.180  0.3265E+01  0.4557E+02
   1.200  0.3242E+01  0.4563E+02
   1.220  0.3220E+01  0.4570E+02
   1.240  0.3199E+01  0.4576E+02
   1.260  0.3178E+01  0.4583E+02
   1.280  0.3159E+01  0.4589E+02
   1.300  0.3140E+01  0.4595E+02
   1.320  0.3121E+01  0.4601E+02
   1.340  0.3104E+01  0.4608E+02
   1.360  0.3087E+01  0.4614E+02
   1.380  0.3072E+01  0.4620E+02
   1.400  0.3057E+01  0.4626E+02
   1.420  0.3043E+01  0.4632E+02
   1.440  0.3030E+01  0.4638E+02
   1.460  0.3018E+01  0.4644E+02
   1.480  0.3007E+01  0.4650E+02
   1.500  0.2998E+01  0.4656E+02
   1.520  0.2991E+01  0.4662E+02
   1.540  0.2987E+01  0.4668E+02
   1.560  0.2986E+01  0.4674E+02
   1.580  0.2989E+01  0.4680E+02
   1.600  0.2996E+01  0.4686E+02
   1.620  0.3009E+01  0.4692E+02
   1.640  0.3024E+01  0.4698E+02
   1.660  0.3037E+01  0.4704E+02
   1.680  0.3040E+01  0.4710E+02
   1.700  0.3026E+01  0.4716E+02
   1.720  0.2986E+01  0.4722E+02
   1.740  0.2916E+01  0.4728E+02
   1.760  0.2817E+01  0.4734E+02
   1.780  0.2698E+01  0.4739E+02
   1.800  0.2572E+01  0.4744E+02
   1.820  0.2453E+01  0.4749E+02
   1.840  0.2351E+01  0.4754E+02
   1.860  0.2271E+01  0.4759E+02
   1.880  0.2214E+01  0.4763E+02
   1.900  0.2177E+01  0.4767E+02
   1.920  0.2154E+01  0.4772E+02
   1.940  0.2141E+01  0.4776E+02
   1.960  0.2135E+01  0.4780E+02
   1.980  0.2133E+01  0.4784E+02
   2.000  0.2133E+01  0.4789E+02
   2.020  0.2133E+01  0.4793E+02
   2.040  0.2132E+01  0.4797E+02
   2.060  0.2129E+01  0.4802E+02
   2.080  0.2124E+01  0.4806E+02
   2.100  0.2115E+01  0.4810E+02
   2.120  0.2105E+01  0.4814E+02
   2.140  0.2094E+01  0.4818E+02
   2.160  0.2082E+01  0.4823E+02
   2.180  0.2070E+01  0.4827E+02
   2.200  0.2059E+01  0.4831E+02
   2.220  0.2048E+01  0.4835E+02
   2.240  0.2038E+01  0.4839E+02
   2.260  0.2029E+01  0.4843E+02
   2.280  0.2021E+01  0.4847E+02
   2.300  0.2013E+01  0.4851E+02
   2.320  0.2006E+01  0.4855E+02
   2.340  0.1999E+01  0.4859E+02
   2.360  0.1992E+01  0.4863E+02
   2.380  0.1985E+01  0.4867E+02
   2.400  0.1979E+01  0.4871E+02
   2.420  0.1972E+01  0.4875E+02
   2.440  0.1964E+01  0.4879E+02
   2.460  0.1953E+01  0.4883E+02
   2.480  0.1939E+01  0.4887E+02
   2.500  0.1918E+01  0.4891E+02
   2.520  0.1888E+01  0.4894E+02
   2.540  0.1849E+01  0.4898E+02
   2.560  0.1801E+01  0.4902E+02
   2.580  0.1745E+01  0.4905E+02
   2.600  0.1687E+01  0.4908E+02
   2.620  0.1629E+01  0.4912E+02
   2.640  0.1577E+01  0.4915E+02
   2.660  0.1535E+01  0.4918E+02
   2.680  0.1502E+01  0.4921E+02
   2.700  0.1479E+01  0.4924E+02
   2.720  0.1464E+01  0.4927E+02
   2.740  0.1454E+01  0.4930E+02
   2.760  0.1448E+01  0.4933E+02
   2.780  0.1445E+01  0.4936E+02
   2.800  0.1443E+01  0.4938E+02
   2.820  0.1442E+01  0.4941E+02
   2.840  0.1442E+01  0.4944E+02
   2.860  0.1442E+01  0.4947E+02
   2.880  0.1442E+01  0.4950E+02
   2.900  0.1443E+01  0.4953E+02
   2.920  0.1445E+01  0.4956E+02
   2.940  0.1448E+01  0.4959E+02
   2.960  0.1451E+01  0.4962E+02
   2.980  0.1455E+01  0.4964E+02
   3.000  0.1461E+01  0.4967E+02
   3.020  0.1467E+01  0.4970E+02
   3.040  0.1476E+01  0.4973E+02
   3.060  0.1486E+01  0.4976E+02
   3.080  0.1500E+01  0.4979E+02
   3.100  0.1516E+01  0.4982E+02
   3.120  0.1538E+01  0.4985E+02
   3.140  0.1566E+01  0.4988E+02
   3.160  0.1602E+01  0.4992E+02
   3.180  0.1649E+01  0.4995E+02
   3.200  0.1707E+01  0.4998E+02
   3.220  0.1776E+01  0.5002E+02
   3.240  0.1849E+01  0.5006E+02
   3.260  0.1916E+01  0.5009E+02
   3.280  0.1962E+01  0.5013E+02
   3.300  0.1973E+01  0.5017E+02
   3.320  0.1937E+01  0.5021E+02
   3.340  0.1852E+01  0.5025E+02
   3.360  0.1725E+01  0.5028E+02
   3.380  0.1574E+01  0.5031E+02
   3.400  0.1421E+01  0.5034E+02
   3.420  0.1283E+01  0.5037E+02
   3.440  0.1172E+01  0.5039E+02
   3.460  0.1091E+01  0.5041E+02
   3.480  0.1038E+01  0.5044E+02
   3.500  0.1005E+01  0.5046E+02
   3.520  0.9870E+00  0.5047E+02
   3.540  0.9770E+00  0.5049E+02
   3.560  0.9715E+00  0.5051E+02
   3.580  0.9679E+00  0.5053E+02
   3.600  0.9646E+00  0.5055E+02
   3.620  0.9606E+00  0.5057E+02
   3.640  0.9553E+00  0.5059E+02
   3.660  0.9487E+00  0.5061E+02
   3.680  0.9413E+00  0.5063E+02
   3.700  0.9343E+00  0.5065E+02
   3.720  0.9290E+00  0.5067E+02
   3.740  0.9263E+00  0.5068E+02
   3.760  0.9264E+00  0.5070E+02
   3.780  0.9286E+00  0.5072E+02
   3.800  0.9316E+00  0.5074E+02
   3.820  0.9343E+00  0.5076E+02
   3.840  0.9360E+00  0.5078E+02
   3.860  0.9364E+00  0.5080E+02
   3.880  0.9361E+00  0.5081E+02
   3.900  0.9360E+00  0.5083E+02
   3.920  0.9375E+00  0.5085E+02
   3.940  0.9428E+00  0.5087E+02
   3.960  0.9552E+00  0.5089E+02
   3.980  0.9802E+00  0.5091E+02
   4.000  0.1025E+01  0.5093E+02
   4.020  0.1100E+01  0.5095E+02
   4.040  0.1214E+01  0.5098E+02
   4.060  0.1372E+01  0.5100E+02
   4.080  0.1573E+01  0.5104E+02
   4.100  0.1806E+01  0.5107E+02
   4.120  0.2048E+01  0.5111E+02
   4.140  0.2270E+01  0.5116E+02
   4.160  0.2442E+01  0.5121E+02
   4.180  0.2539E+01  0.5126E+02
   4.200  0.2548E+01  0.5131E+02
   4.220  0.2467E+01  0.5136E+02
   4.240  0.2307E+01  0.5140E+02
   4.260  0.2089E+01  0.5145E+02
   4.280  0.1841E+01  0.5148E+02
   4.300  0.1591E+01  0.5151E+02
   4.320  0.1363E+01  0.5154E+02
   4.340  0.1174E+01  0.5157E+02
   4.360  0.1033E+01  0.5159E+02
   4.380  0.9420E+00  0.5160E+02
   4.400  0.8934E+00  0.5162E+02
   4.420  0.8774E+00  0.5164E+02
   4.440  0.8817E+00  0.5166E+02
   4.460  0.8936E+00  0.5168E+02
   4.480  0.9001E+00  0.5169E+02
   4.500  0.8898E+00  0.5171E+02
   4.520  0.8547E+00  0.5173E+02
   4.540  0.7921E+00  0.5174E+02
   4.560  0.7057E+00  0.5176E+02
   4.580  0.6051E+00  0.5177E+02
   4.600  0.5024E+00  0.5178E+02
   4.620  0.4093E+00  0.5179E+02
   4.640  0.3334E+00  0.5180E+02
   4.660  0.2774E+00  0.5180E+02
   4.680  0.2400E+00  0.5181E+02
   4.700  0.2173E+00  0.5181E+02
   4.720  0.2046E+00  0.5181E+02
   4.740  0.1980E+00  0.5182E+02
   4.760  0.1949E+00  0.5182E+02
   4.780  0.1934E+00  0.5183E+02
   4.800  0.1927E+00  0.5183E+02
   4.820  0.1923E+00  0.5183E+02
   4.840  0.1921E+00  0.5184E+02
   4.860  0.1919E+00  0.5184E+02
   4.880  0.1918E+00  0.5185E+02
   4.900  0.1917E+00  0.5185E+02
   4.920  0.1916E+00  0.5185E+02
   4.940  0.1916E+00  0.5186E+02
   4.960  0.1917E+00  0.5186E+02
   4.980  0.1918E+00  0.5186E+02
   5.000  0.1920E+00  0.5187E+02
   5.020  0.1922E+00  0.5187E+02
   5.040  0.1926E+00  0.5188E+02
   5.060  0.1930E+00  0.5188E+02
   5.080  0.1936E+00  0.5188E+02
   5.100  0.1944E+00  0.5189E+02
   5.120  0.1954E+00  0.5189E+02
   5.140  0.1968E+00  0.5190E+02
   5.160  0.1985E+00  0.5190E+02
   5.180  0.2009E+00  0.5190E+02
   5.200  0.2043E+00  0.5191E+02
   5.220  0.2093E+00  0.5191E+02
   5.240  0.2167E+00  0.5192E+02
   5.260  0.2278E+00  0.5192E+02
   5.280  0.2439E+00  0.5193E+02
   5.300  0.2661E+00  0.5193E+02
   5.320  0.2943E+00  0.5194E+02
   5.340  0.3266E+00  0.5194E+02
   5.360  0.3582E+00  0.5195E+02
   5.380  0.3823E+00  0.5196E+02
   5.400  0.3916E+00  0.5197E+02
   5.420  0.3802E+00  0.5197E+02
   5.440  0.3470E+00  0.5198E+02
   5.460  0.2957E+00  0.5199E+02
   5.480  0.2341E+00  0.5199E+02
   5.500  0.1717E+00  0.5199E+02
   5.520  0.1163E+00  0.5200E+02
   5.540  0.7259E-01  0.5200E+02
   5.560  0.4173E-01  0.5200E+02
   5.580  0.2206E-01  0.5200E+02
   5.600  0.1072E-01  0.5200E+02
   5.620  0.4785E-02  0.5200E+02
   5.640  0.1960E-02  0.5200E+02
   5.660  0.7370E-03  0.5200E+02
   5.680  0.2542E-03  0.5200E+02
   5.700  0.8040E-04  0.5200E+02
   5.720  0.2332E-04  0.5200E+02
   5.740  0.6202E-05  0.5200E+02
   5.760  0.1512E-05  0.5200E+02
   5.780  0.3378E-06  0.5200E+02
   5.800  0.6916E-07  0.5200E+02
   5.820  0.1298E-07  0.5200E+02
   5.840  0.2231E-08  0.5200E+02
   5.860  0.3514E-09  0.5200E+02
   5.880  0.5072E-10  0.5200E+02
   5.900  0.6707E-11  0.5200E+02
   5.920  0.8124E-12  0.5200E+02
   5.940  0.9014E-13  0.5200E+02
   5.960  0.9162E-14  0.5200E+02
   5.980  0.8530E-15  0.5200E+02
   6.000  0.7274E-16  0.5200E+02
   6.020  0.5682E-17  0.5200E+02
   6.040  0.4065E-18  0.5200E+02
   6.060  0.2664E-19  0.5200E+02
   6.080  0.1599E-20  0.5200E+02
   6.100  0.8787E-22  0.5200E+02
   6.120  0.4423E-23  0.5200E+02
   6.140  0.2039E-24  0.5200E+02
   6.160  0.8611E-26  0.5200E+02
   6.180  0.3330E-27  0.5200E+02
   6.200  0.1179E-28  0.5200E+02
   6.220  0.3824E-30  0.5200E+02
   6.240  0.1136E-31  0.5200E+02
   6.260  0.3088E-33  0.5200E+02
   6.280  0.7691E-35  0.5200E+02
   6.300  0.1754E-36  0.5200E+02
   6.320  0.3664E-38  0.5200E+02
   6.340  0.7007E-40  0.5200E+02
   6.360  0.1227E-41  0.5200E+02
   6.380  0.1968E-43  0.5200E+02
   6.400  0.2891E-45  0.5200E+02
   6.420  0.3888E-47  0.5200E+02
   6.440  0.4788E-49  0.5200E+02
   6.460  0.5399E-51  0.5200E+02
   6.480  0.5575E-53  0.5200E+02
   6.500  0.5272E-55  0.5200E+02
   6.520  0.4565E-57  0.5200E+02
   6.540  0.3619E-59  0.5200E+02
   6.560  0.2628E-61  0.5200E+02
   6.580  0.1747E-63  0.5200E+02
   6.600  0.1063E-65  0.5200E+02
   6.620  0.5927E-68  0.5200E+02
   6.640  0.3025E-70  0.5200E+02
   6.660  0.1414E-72  0.5200E+02
   6.680  0.6051E-75  0.5200E+02
   6.700  0.2371E-77  0.5200E+02
   6.720  0.8508E-80  0.5200E+02
   6.740  0.2838E-82  0.5200E+02
   6.760  0.5100E-84  0.5200E+02
   6.780  0.4263E-84  0.5200E+02
   6.800  0.4263E-84  0.5200E+02
   6.820  0.4263E-84  0.5200E+02
   6.840  0.4263E-84  0.5200E+02
   6.860  0.4263E-84  0.5200E+02
   6.880  0.4263E-84  0.5200E+02
   6.900  0.4263E-84  0.5200E+02
   6.920  0.4263E-84  0.5200E+02
   6.940  0.4263E-84  0.5200E+02
   6.960  0.4263E-84  0.5200E+02
   6.980  0.4263E-84  0.5200E+02
   7.000  0.4263E-84  0.5200E+02
   7.020  0.4263E-84  0.5200E+02
   7.040  0.4263E-84  0.5200E+02
   7.060  0.4263E-84  0.5200E+02
   7.080  0.4263E-84  0.5200E+02
   7.100  0.4263E-84  0.5200E+02
   7.120  0.4263E-84  0.5200E+02
   7.140  0.4263E-84  0.5200E+02
   7.160  0.4263E-84  0.5200E+02
   7.180  0.4263E-84  0.5200E+02
   7.200  0.4263E-84  0.5200E+02
   7.220  0.4263E-84  0.5200E+02
   7.240  0.4263E-84  0.5200E+02
   7.260  0.4263E-84  0.5200E+02
   7.280  0.4263E-84  0.5200E+02
   7.300  0.4263E-84  0.5200E+02
   7.320  0.4263E-84  0.5200E+02
   7.340  0.4263E-84  0.5200E+02
   7.360  0.4263E-84  0.5200E+02
   7.380  0.4263E-84  0.5200E+02
   7.400  0.4263E-84  0.5200E+02
   7.420  0.4263E-84  0.5200E+02
   7.440  0.4263E-84  0.5200E+02
   7.460  0.4263E-84  0.5200E+02
   7.480  0.4263E-84  0.5200E+02
   7.500  0.4263E-84  0.5200E+02
   7.520  0.4263E-84  0.5200E+02
   7.540  0.4263E-84  0.5200E+02
   7.560  0.4263E-84  0.5200E+02
   7.580  0.4263E-84  0.5200E+02
   7.600  0.4263E-84  0.5200E+02
   7.620  0.4263E-84  0.5200E+02
   7.640  0.4263E-84  0.5200E+02
   7.660  0.4263E-84  0.5200E+02
   7.680  0.4263E-84  0.5200E+02
   7.700  0.4263E-84  0.5200E+02
   7.720  0.4263E-84  0.5200E+02
   7.740  0.4263E-84  0.5200E+02
   7.760  0.4263E-84  0.5200E+02
   7.780  0.4263E-84  0.5200E+02
   7.800  0.4263E-84  0.5200E+02
   7.820  0.4263E-84  0.5200E+02
   7.840  0.4263E-84  0.5200E+02
   7.860  0.4263E-84  0.5200E+02
   7.880  0.4263E-84  0.5200E+02
   7.900  0.4263E-84  0.5200E+02
   7.920  0.4263E-84  0.5200E+02
   7.940  0.4263E-84  0.5200E+02
   7.960  0.4263E-84  0.5200E+02
   7.980  0.4263E-84  0.5200E+02
   8.000  0.4263E-84  0.5200E+02
   8.020  0.4263E-84  0.5200E+02
   8.040  0.4263E-84  0.5200E+02
   8.060  0.4263E-84  0.5200E+02
   8.080  0.4263E-84  0.5200E+02
   8.100  0.4263E-84  0.5200E+02
   8.120  0.4263E-84  0.5200E+02
   8.140  0.4263E-84  0.5200E+02
   8.160  0.4263E-84  0.5200E+02
   8.180  0.4263E-84  0.5200E+02
   8.200  0.4263E-84  0.5200E+02
   8.220  0.4263E-84  0.5200E+02
   8.240  0.4263E-84  0.5200E+02
   8.260  0.4263E-84  0.5200E+02
   8.280  0.4263E-84  0.5200E+02
   8.300  0.4263E-84  0.5200E+02
   8.320  0.4263E-84  0.5200E+02
   8.340  0.4263E-84  0.5200E+02
   8.360  0.4263E-84  0.5200E+02
   8.380  0.4263E-84  0.5200E+02
   8.400  0.4263E-84  0.5200E+02
   8.420  0.4263E-84  0.5200E+02
   8.440  0.4263E-84  0.5200E+02
   8.460  0.4263E-84  0.5200E+02
   8.480  0.4263E-84  0.5200E+02
   8.500  0.4263E-84  0.5200E+02
   8.520  0.4263E-84  0.5200E+02
   8.540  0.4263E-84  0.5200E+02
   8.560  0.4263E-84  0.5200E+02
   8.580  0.4263E-84  0.5200E+02
   8.600  0.4263E-84  0.5200E+02
   8.620  0.4263E-84  0.5200E+02
   8.640  0.4263E-84  0.5200E+02
   8.660  0.4263E-84  0.5200E+02
   8.680  0.4263E-84  0.5200E+02
   8.700  0.4263E-84  0.5200E+02
   8.720  0.4263E-84  0.5200E+02
   8.740  0.4263E-84  0.5200E+02
   8.760  0.4263E-84  0.5200E+02
   8.780  0.4263E-84  0.5200E+02
   8.800  0.4263E-84  0.5200E+02
   8.820  0.4263E-84  0.5200E+02
   8.840  0.4263E-84  0.5200E+02
   8.860  0.4263E-84  0.5200E+02
   8.880  0.4263E-84  0.5200E+02
   8.900  0.4263E-84  0.5200E+02
   8.920  0.4263E-84  0.5200E+02
   8.940  0.4263E-84  0.5200E+02
   8.960  0.4263E-84  0.5200E+02
   8.980  0.4263E-84  0.5200E+02
   9.000  0.4263E-84  0.5200E+02
   9.020  0.4263E-84  0.5200E+02
   9.040  0.4263E-84  0.5200E+02
   9.060  0.4263E-84  0.5200E+02
   9.080  0.4263E-84  0.5200E+02
   9.100  0.4263E-84  0.5200E+02
   9.120  0.4263E-84  0.5200E+02
   9.140  0.4263E-84  0.5200E+02
   9.160  0.4263E-84  0.5200E+02
   9.180  0.4263E-84  0.5200E+02
   9.200  0.4263E-84  0.5200E+02
   9.220  0.4263E-84  0.5200E+02
   9.240  0.4263E-84  0.5200E+02
   9.260  0.4263E-84  0.5200E+02
   9.280  0.4263E-84  0.5200E+02
   9.300  0.4263E-84  0.5200E+02
   9.320  0.4263E-84  0.5200E+02
   9.340  0.4263E-84  0.5200E+02
   9.360  0.4263E-84  0.5200E+02
   9.380  0.4263E-84  0.5200E+02
   9.400  0.4263E-84  0.5200E+02
   9.420  0.4263E-84  0.5200E+02
   9.440  0.4263E-84  0.5200E+02
   9.460  0.4263E-84  0.5200E+02
   9.480  0.4263E-84  0.5200E+02
   9.500  0.4263E-84  0.5200E+02
   9.520  0.4263E-84  0.5200E+02
   9.540  0.4263E-84  0.5200E+02
   9.560  0.4263E-84  0.5200E+02
   9.580  0.4263E-84  0.5200E+02
   9.600  0.4263E-84  0.5200E+02
   9.620  0.4263E-84  0.5200E+02
   9.640  0.4263E-84  0.5200E+02
   9.660  0.4263E-84  0.5200E+02
   9.680  0.4263E-84  0.5200E+02
   9.700  0.4263E-84  0.5200E+02
   9.720  0.4263E-84  0.5200E+02
   9.740  0.4263E-84  0.5200E+02
   9.760  0.4263E-84  0.5200E+02
   9.780  0.4263E-84  0.5200E+02
   9.800  0.4263E-84  0.5200E+02
   9.820  0.4263E-84  0.5200E+02
   9.840  0.4263E-84  0.5200E+02
   9.860  0.4263E-84  0.5200E+02
   9.880  0.4263E-84  0.5200E+02
   9.900  0.4263E-84  0.5200E+02
   9.920  0.4263E-84  0.5200E+02
   9.940  0.4263E-84  0.5200E+02
   9.960  0.4263E-84  0.5200E+02
   9.980  0.4263E-84  0.5200E+02
  10.000  0.4263E-84  0.5200E+02
  10.020  0.4263E-84  0.5200E+02
  10.040  0.4263E-84  0.5200E+02
  10.060  0.4263E-84  0.5200E+02
  10.080  0.4263E-84  0.5200E+02
  10.100  0.4263E-84  0.5200E+02
  10.120  0.4263E-84  0.5200E+02
  10.140  0.4263E-84  0.5200E+02
  10.160  0.4263E-84  0.5200E+02
  10.180  0.4263E-84  0.5200E+02
  10.200  0.4263E-84  0.5200E+02
  10.220  0.4263E-84  0.5200E+02
  10.240  0.4263E-84  0.5200E+02
  10.260  0.4263E-84  0.5200E+02
  10.280  0.4263E-84  0.5200E+02
  10.300  0.4263E-84  0.5200E+02
  10.320  0.4263E-84  0.5200E+02
  10.340  0.4263E-84  0.5200E+02
  10.360  0.4263E-84  0.5200E+02
  10.380  0.4263E-84  0.5200E+02
  10.400  0.4263E-84  0.5200E+02
  10.420  0.4263E-84  0.5200E+02
  10.440  0.4263E-84  0.5200E+02
  10.460  0.4263E-84  0.5200E+02
  10.480  0.4263E-84  0.5200E+02
  10.500  0.4263E-84  0.5200E+02
  10.520  0.4263E-84  0.5200E+02
  10.540  0.4263E-84  0.5200E+02
  10.560  0.4263E-84  0.5200E+02
  10.580  0.4263E-84  0.5200E+02
  10.600  0.4263E-84  0.5200E+02
  10.620  0.4263E-84  0.5200E+02
  10.640  0.4263E-84  0.5200E+02
  10.660  0.4263E-84  0.5200E+02
  10.680  0.4263E-84  0.5200E+02
  10.700  0.4263E-84  0.5200E+02
  10.720  0.4263E-84  0.5200E+02
  10.740  0.4263E-84  0.5200E+02
  10.760  0.4263E-84  0.5200E+02
  10.780  0.4263E-84  0.5200E+02
  10.800  0.4263E-84  0.5200E+02
  10.820  0.4263E-84  0.5200E+02
  10.840  0.4263E-84  0.5200E+02
  10.860  0.4263E-84  0.5200E+02
  10.880  0.4263E-84  0.5200E+02
  10.900  0.4263E-84  0.5200E+02
  10.920  0.4263E-84  0.5200E+02
  10.940  0.4263E-84  0.5200E+02
  10.960  0.4263E-84  0.5200E+02
  10.980  0.4263E-84  0.5200E+02
  11.000  0.4263E-84  0.5200E+02
  11.020  0.4263E-84  0.5200E+02
  11.040  0.4263E-84  0.5200E+02
  11.060  0.4263E-84  0.5200E+02
  11.080  0.4263E-84  0.5200E+02
  11.100  0.4263E-84  0.5200E+02
  11.120  0.4263E-84  0.5200E+02
  11.140  0.4263E-84  0.5200E+02
  11.160  0.4263E-84  0.5200E+02
  11.180  0.4263E-84  0.5200E+02
  11.200  0.4263E-84  0.5200E+02
  11.220  0.4263E-84  0.5200E+02
  11.240  0.4263E-84  0.5200E+02
  11.260  0.4263E-84  0.5200E+02
  11.280  0.4263E-84  0.5200E+02
  11.300  0.4263E-84  0.5200E+02
  11.320  0.4263E-84  0.5200E+02
  11.340  0.4263E-84  0.5200E+02
  11.360  0.4263E-84  0.5200E+02
  11.380  0.4263E-84  0.5200E+02
  11.400  0.4263E-84  0.5200E+02
  11.420  0.4263E-84  0.5200E+02
  11.440  0.4263E-84  0.5200E+02
  11.460  0.4263E-84  0.5200E+02
  11.480  0.4263E-84  0.5200E+02
  11.500  0.4263E-84  0.5200E+02
  11.520  0.4263E-84  0.5200E+02
  11.540  0.4263E-84  0.5200E+02
  11.560  0.4263E-84  0.5200E+02
  11.580  0.4263E-84  0.5200E+02
  11.600  0.4263E-84  0.5200E+02
  11.620  0.4263E-84  0.5200E+02
  11.640  0.4263E-84  0.5200E+02
  11.660  0.4263E-84  0.5200E+02
  11.680  0.4263E-84  0.5200E+02
  11.700  0.4263E-84  0.5200E+02
  11.720  0.4263E-84  0.5200E+02
  11.740  0.4263E-84  0.5200E+02
  11.760  0.4263E-84  0.5200E+02
  11.780  0.4263E-84  0.5200E+02
  11.800  0.4263E-84  0.5200E+02
  11.820  0.4263E-84  0.5200E+02
  11.840  0.4263E-84  0.5200E+02
  11.860  0.4263E-84  0.5200E+02
  11.880  0.4263E-84  0.5200E+02
  11.900  0.4263E-84  0.5200E+02
  11.920  0.4263E-84  0.5200E+02
  11.940  0.4263E-84  0.5200E+02
  11.960  0.4263E-84  0.5200E+02
  11.980  0.4263E-84  0.5200E+02
  12.000  0.4263E-84  0.5200E+02
  12.020  0.4263E-84  0.5200E+02
  12.040  0.4263E-84  0.5200E+02
  12.060  0.4263E-84  0.5200E+02
  12.080  0.4263E-84  0.5200E+02
  12.100  0.4263E-84  0.5200E+02
  12.120  0.4263E-84  0.5200E+02
  12.140  0.4263E-84  0.5200E+02
  12.160  0.4263E-84  0.5200E+02
  12.180  0.4263E-84  0.5200E+02
  12.200  0.4263E-84  0.5200E+02
  12.220  0.4263E-84  0.5200E+02
  12.240  0.4263E-84  0.5200E+02
  12.260  0.4263E-84  0.5200E+02
  12.280  0.4263E-84  0.5200E+02
  12.300  0.4263E-84  0.5200E+02
  12.320  0.4263E-84  0.5200E+02
  12.340  0.4263E-84  0.5200E+02
  12.360  0.4263E-84  0.5200E+02
  12.380  0.4263E-84  0.5200E+02
  12.400  0.4263E-84  0.5200E+02
  12.420  0.4263E-84  0.5200E+02
  12.440  0.4263E-84  0.5200E+02
  12.460  0.4263E-84  0.5200E+02
  12.480  0.4263E-84  0.5200E+02
  12.500  0.4263E-84  0.5200E+02
  12.520  0.4263E-84  0.5200E+02
  12.540  0.4263E-84  0.5200E+02
  12.560  0.4263E-84  0.5200E+02
  12.580  0.4263E-84  0.5200E+02
  12.600  0.4263E-84  0.5200E+02
  12.620  0.4263E-84  0.5200E+02
  12.640  0.4263E-84  0.5200E+02
  12.660  0.4263E-84  0.5200E+02
  12.680  0.4263E-84  0.5200E+02
  12.700  0.4263E-84  0.5200E+02
  12.720  0.4263E-84  0.5200E+02
  12.740  0.4263E-84  0.5200E+02
  12.760  0.4263E-84  0.5200E+02
  12.780  0.4263E-84  0.5200E+02
  12.800  0.4263E-84  0.5200E+02
  12.820  0.4263E-84  0.5200E+02
  12.840  0.4263E-84  0.5200E+02
  12.860  0.4263E-84  0.5200E+02
  12.880  0.4263E-84  0.5200E+02
  12.900  0.4263E-84  0.5200E+02
  12.920  0.4263E-84  0.5200E+02
  12.940  0.4263E-84  0.5200E+02
  12.960  0.4263E-84  0.5200E+02
  12.980  0.4263E-84  0.5200E+02
  13.000  0.4263E-84  0.5200E+02
  13.020  0.4263E-84  0.5200E+02
  13.040  0.4263E-84  0.5200E+02
  13.060  0.4263E-84  0.5200E+02
  13.080  0.4263E-84  0.5200E+02
  13.100  0.4263E-84  0.5200E+02
  13.120  0.4263E-84  0.5200E+02
  13.140  0.4263E-84  0.5200E+02
  13.160  0.4263E-84  0.5200E+02
  13.180  0.4263E-84  0.5200E+02
  13.200  0.4263E-84  0.5200E+02
  13.220  0.4263E-84  0.5200E+02
  13.240  0.4263E-84  0.5200E+02
  13.260  0.4263E-84  0.5200E+02
  13.280  0.4263E-84  0.5200E+02
  13.300  0.4263E-84  0.5200E+02
  13.320  0.4263E-84  0.5200E+02
  13.340  0.4263E-84  0.5200E+02
  13.360  0.4263E-84  0.5200E+02
  13.380  0.4263E-84  0.5200E+02
  13.400  0.4263E-84  0.5200E+02
  13.420  0.4263E-84  0.5200E+02
  13.440  0.4263E-84  0.5200E+02
  13.460  0.4263E-84  0.5200E+02
  13.480  0.4263E-84  0.5200E+02
  13.500  0.4263E-84  0.5200E+02
  13.520  0.4263E-84  0.5200E+02
  13.540  0.4263E-84  0.5200E+02
  13.560  0.4263E-84  0.5200E+02
  13.580  0.4263E-84  0.5200E+02
  13.600  0.4263E-84  0.5200E+02
  13.620  0.4263E-84  0.5200E+02
  13.640  0.4263E-84  0.5200E+02
  13.660  0.4263E-84  0.5200E+02
  13.680  0.4263E-84  0.5200E+02
  13.700  0.4263E-84  0.5200E+02
  13.720  0.4263E-84  0.5200E+02
  13.740  0.4263E-84  0.5200E+02
  13.760  0.4263E-84  0.5200E+02
  13.780  0.4263E-84  0.5200E+02
  13.800  0.4263E-84  0.5200E+02
  13.820  0.4263E-84  0.5200E+02
  13.840  0.4263E-84  0.5200E+02
  13.860  0.4263E-84  0.5200E+02
  13.880  0.4263E-84  0.5200E+02
  13.900  0.4263E-84  0.5200E+02
  13.920  0.4263E-84  0.5200E+02
  13.940  0.4263E-84  0.5200E+02
  13.960  0.4263E-84  0.5200E+02
  13.980  0.4263E-84  0.5200E+02
  14.000  0.4263E-84  0.5200E+02
  14.020  0.4263E-84  0.5200E+02
  14.040  0.4263E-84  0.5200E+02
  14.060  0.4263E-84  0.5200E+02
  14.080  0.4263E-84  0.5200E+02
  14.100  0.4263E-84  0.5200E+02
  14.120  0.4263E-84  0.5200E+02
  14.140  0.4263E-84  0.5200E+02
  14.160  0.4263E-84  0.5200E+02
  14.180  0.4263E-84  0.5200E+02
  14.200  0.4263E-84  0.5200E+02
  14.220  0.4263E-84  0.5200E+02
  14.240  0.4263E-84  0.5200E+02
  14.260  0.4263E-84  0.5200E+02
  14.280  0.4263E-84  0.5200E+02
  14.300  0.4263E-84  0.5200E+02
  14.320  0.4263E-84  0.5200E+02
  14.340  0.4263E-84  0.5200E+02
  14.360  0.4263E-84  0.5200E+02
  14.380  0.4263E-84  0.5200E+02
  14.400  0.4263E-84  0.5200E+02
  14.420  0.4263E-84  0.5200E+02
  14.440  0.4263E-84  0.5200E+02
  14.460  0.4263E-84  0.5200E+02
  14.480  0.4263E-84  0.5200E+02
  14.500  0.4263E-84  0.5200E+02
  14.520  0.4263E-84  0.5200E+02
  14.540  0.4263E-84  0.5200E+02
  14.560  0.4263E-84  0.5200E+02
  14.580  0.4263E-84  0.5200E+02
  14.600  0.4263E-84  0.5200E+02
  14.620  0.4263E-84  0.5200E+02
  14.640  0.4263E-84  0.5200E+02
  14.660  0.4263E-84  0.5200E+02
  14.680  0.4263E-84  0.5200E+02
  14.700  0.4263E-84  0.5200E+02
  14.720  0.4263E-84  0.5200E+02
  14.740  0.4263E-84  0.5200E+02
  14.760  0.4263E-84  0.5200E+02
  14.780  0.4263E-84  0.5200E+02
  14.800  0.4263E-84  0.5200E+02
  14.820  0.4263E-84  0.5200E+02
  14.840  0.4263E-84  0.5200E+02
  14.860  0.4263E-84  0.5200E+02
  14.880  0.4263E-84  0.5200E+02
  14.900  0.4263E-84  0.5200E+02
  14.920  0.4263E-84  0.5200E+02
  14.940  0.4263E-84  0.5200E+02
  14.960  0.4263E-84  0.5200E+02
  14.980  0.4263E-84  0.5200E+02
  15.000  0.4263E-84  0.5200E+02
