#ENCUT(Ry)   Total energy (Ry)
10           -35.88075096
15           -36.44547342
20           -36.74546584
25           -36.84106600
30           -36.87085086
35           -36.88207673
40           -36.88543642
45           -36.88602156
50           -36.88616277
55           -36.88634276
60           -36.88654904
65           -36.88673913
70           -36.88688480
75           -36.88697770
80           -36.88702401





#ENCUT(Ry)   Total energy (Ry)   delta_e
15           -36.445             0.565
20           -36.745             0.300
25           -36.841             0.096
30           -36.871             0.030
35           -36.882             0.011
40           -36.885             0.003
45           -36.886             0.001
50           -36.886             0.000
55           -36.886             0.000
60           -36.887             0.000
65           -36.887             0.000
70           -36.887             0.000
75           -36.887             0.000
80           -36.887             0.000
