#  E (eV)   dos(E)     Int dos(E) EFermi =   -3.760 eV
 -24.000  0.2951E-84  0.5903E-86
 -23.980  0.2951E-84  0.1181E-85
 -23.960  0.2951E-84  0.1771E-85
 -23.940  0.2951E-84  0.2361E-85
 -23.920  0.2951E-84  0.2951E-85
 -23.900  0.2951E-84  0.3542E-85
 -23.880  0.2951E-84  0.4132E-85
 -23.860  0.2951E-84  0.4722E-85
 -23.840  0.2951E-84  0.5312E-85
 -23.820  0.2951E-84  0.5903E-85
 -23.800  0.2951E-84  0.6493E-85
 -23.780  0.2951E-84  0.7083E-85
 -23.760  0.2951E-84  0.7673E-85
 -23.740  0.2951E-84  0.8264E-85
 -23.720  0.2951E-84  0.8854E-85
 -23.700  0.2951E-84  0.9444E-85
 -23.680  0.2951E-84  0.1003E-84
 -23.660  0.2951E-84  0.1062E-84
 -23.640  0.2951E-84  0.1121E-84
 -23.620  0.2951E-84  0.1181E-84
 -23.600  0.2951E-84  0.1240E-84
 -23.580  0.2951E-84  0.1299E-84
 -23.560  0.2951E-84  0.1358E-84
 -23.540  0.2951E-84  0.1417E-84
 -23.520  0.2951E-84  0.1476E-84
 -23.500  0.2951E-84  0.1535E-84
 -23.480  0.2951E-84  0.1594E-84
 -23.460  0.2951E-84  0.1653E-84
 -23.440  0.2951E-84  0.1712E-84
 -23.420  0.3075E-84  0.1773E-84
 -23.400  0.4926E-83  0.2758E-84
 -23.380  0.1474E-80  0.2976E-82
 -23.360  0.4296E-78  0.8622E-80
 -23.340  0.1146E-75  0.2301E-77
 -23.320  0.2801E-73  0.5625E-75
 -23.300  0.6268E-71  0.1259E-72
 -23.280  0.1284E-68  0.2581E-70
 -23.260  0.2409E-66  0.4845E-68
 -23.240  0.4139E-64  0.8327E-66
 -23.220  0.6512E-62  0.1311E-63
 -23.200  0.9382E-60  0.1890E-61
 -23.180  0.1238E-57  0.2494E-59
 -23.160  0.1495E-55  0.3016E-57
 -23.140  0.1654E-53  0.3339E-55
 -23.120  0.1676E-51  0.3385E-53
 -23.100  0.1555E-49  0.3143E-51
 -23.080  0.1321E-47  0.2673E-49
 -23.060  0.1028E-45  0.2082E-47
 -23.040  0.7321E-44  0.1485E-45
 -23.020  0.4777E-42  0.9702E-44
 -23.000  0.2854E-40  0.5806E-42
 -22.980  0.1562E-38  0.3182E-40
 -22.960  0.7827E-37  0.1597E-38
 -22.940  0.3592E-35  0.7344E-37
 -22.920  0.1510E-33  0.3093E-35
 -22.900  0.5812E-32  0.1193E-33
 -22.880  0.2049E-30  0.4217E-32
 -22.860  0.6615E-29  0.1365E-30
 -22.840  0.1956E-27  0.4049E-29
 -22.820  0.5298E-26  0.1100E-27
 -22.800  0.1314E-24  0.2739E-26
 -22.780  0.2986E-23  0.6247E-25
 -22.760  0.6215E-22  0.1305E-23
 -22.740  0.1185E-20  0.2500E-22
 -22.720  0.2069E-19  0.4387E-21
 -22.700  0.3309E-18  0.7056E-20
 -22.680  0.4848E-17  0.1040E-18
 -22.660  0.6507E-16  0.1405E-17
 -22.640  0.8001E-15  0.1741E-16
 -22.620  0.9013E-14  0.1977E-15
 -22.600  0.9302E-13  0.2058E-14
 -22.580  0.8796E-12  0.1965E-13
 -22.560  0.7621E-11  0.1721E-12
 -22.540  0.6050E-10  0.1382E-11
 -22.520  0.4402E-09  0.1019E-10
 -22.500  0.2935E-08  0.6889E-10
 -22.480  0.1794E-07  0.4276E-09
 -22.460  0.1005E-06  0.2437E-08
 -22.440  0.5160E-06  0.1276E-07
 -22.420  0.2429E-05  0.6134E-07
 -22.400  0.1049E-04  0.2711E-06
 -22.380  0.4153E-04  0.1102E-05
 -22.360  0.1508E-03  0.4118E-05
 -22.340  0.5026E-03  0.1417E-04
 -22.320  0.1537E-02  0.4492E-04
 -22.300  0.4317E-02  0.1313E-03
 -22.280  0.1113E-01  0.3539E-03
 -22.260  0.2639E-01  0.8817E-03
 -22.240  0.5749E-01  0.2032E-02
 -22.220  0.1153E+00  0.4337E-02
 -22.200  0.2128E+00  0.8593E-02
 -22.180  0.3623E+00  0.1584E-01
 -22.160  0.5695E+00  0.2723E-01
 -22.140  0.8281E+00  0.4379E-01
 -22.120  0.1117E+01  0.6613E-01
 -22.100  0.1401E+01  0.9415E-01
 -22.080  0.1642E+01  0.1270E+00
 -22.060  0.1808E+01  0.1631E+00
 -22.040  0.1882E+01  0.2008E+00
 -22.020  0.1869E+01  0.2382E+00
 -22.000  0.1789E+01  0.2739E+00
 -21.980  0.1669E+01  0.3073E+00
 -21.960  0.1536E+01  0.3380E+00
 -21.940  0.1407E+01  0.3662E+00
 -21.920  0.1294E+01  0.3921E+00
 -21.900  0.1200E+01  0.4161E+00
 -21.880  0.1122E+01  0.4385E+00
 -21.860  0.1058E+01  0.4597E+00
 -21.840  0.1005E+01  0.4798E+00
 -21.820  0.9608E+00  0.4990E+00
 -21.800  0.9222E+00  0.5174E+00
 -21.780  0.8885E+00  0.5352E+00
 -21.760  0.8585E+00  0.5524E+00
 -21.740  0.8315E+00  0.5690E+00
 -21.720  0.8071E+00  0.5852E+00
 -21.700  0.7848E+00  0.6008E+00
 -21.680  0.7644E+00  0.6161E+00
 -21.660  0.7455E+00  0.6310E+00
 -21.640  0.7281E+00  0.6456E+00
 -21.620  0.7118E+00  0.6598E+00
 -21.600  0.6967E+00  0.6738E+00
 -21.580  0.6825E+00  0.6874E+00
 -21.560  0.6691E+00  0.7008E+00
 -21.540  0.6565E+00  0.7139E+00
 -21.520  0.6447E+00  0.7268E+00
 -21.500  0.6335E+00  0.7395E+00
 -21.480  0.6228E+00  0.7520E+00
 -21.460  0.6127E+00  0.7642E+00
 -21.440  0.6031E+00  0.7763E+00
 -21.420  0.5940E+00  0.7882E+00
 -21.400  0.5852E+00  0.7999E+00
 -21.380  0.5769E+00  0.8114E+00
 -21.360  0.5689E+00  0.8228E+00
 -21.340  0.5612E+00  0.8340E+00
 -21.320  0.5539E+00  0.8451E+00
 -21.300  0.5468E+00  0.8560E+00
 -21.280  0.5400E+00  0.8668E+00
 -21.260  0.5335E+00  0.8775E+00
 -21.240  0.5272E+00  0.8880E+00
 -21.220  0.5211E+00  0.8985E+00
 -21.200  0.5153E+00  0.9088E+00
 -21.180  0.5097E+00  0.9190E+00
 -21.160  0.5042E+00  0.9290E+00
 -21.140  0.4989E+00  0.9390E+00
 -21.120  0.4938E+00  0.9489E+00
 -21.100  0.4888E+00  0.9587E+00
 -21.080  0.4841E+00  0.9683E+00
 -21.060  0.4794E+00  0.9779E+00
 -21.040  0.4749E+00  0.9874E+00
 -21.020  0.4705E+00  0.9968E+00
 -21.000  0.4662E+00  0.1006E+01
 -20.980  0.4621E+00  0.1015E+01
 -20.960  0.4581E+00  0.1025E+01
 -20.940  0.4542E+00  0.1034E+01
 -20.920  0.4504E+00  0.1043E+01
 -20.900  0.4466E+00  0.1052E+01
 -20.880  0.4430E+00  0.1060E+01
 -20.860  0.4395E+00  0.1069E+01
 -20.840  0.4361E+00  0.1078E+01
 -20.820  0.4327E+00  0.1087E+01
 -20.800  0.4294E+00  0.1095E+01
 -20.780  0.4263E+00  0.1104E+01
 -20.760  0.4231E+00  0.1112E+01
 -20.740  0.4201E+00  0.1121E+01
 -20.720  0.4171E+00  0.1129E+01
 -20.700  0.4142E+00  0.1137E+01
 -20.680  0.4114E+00  0.1145E+01
 -20.660  0.4086E+00  0.1154E+01
 -20.640  0.4059E+00  0.1162E+01
 -20.620  0.4032E+00  0.1170E+01
 -20.600  0.4006E+00  0.1178E+01
 -20.580  0.3981E+00  0.1186E+01
 -20.560  0.3956E+00  0.1194E+01
 -20.540  0.3931E+00  0.1202E+01
 -20.520  0.3907E+00  0.1209E+01
 -20.500  0.3884E+00  0.1217E+01
 -20.480  0.3861E+00  0.1225E+01
 -20.460  0.3839E+00  0.1233E+01
 -20.440  0.3816E+00  0.1240E+01
 -20.420  0.3795E+00  0.1248E+01
 -20.400  0.3774E+00  0.1255E+01
 -20.380  0.3753E+00  0.1263E+01
 -20.360  0.3732E+00  0.1270E+01
 -20.340  0.3712E+00  0.1278E+01
 -20.320  0.3692E+00  0.1285E+01
 -20.300  0.3673E+00  0.1292E+01
 -20.280  0.3654E+00  0.1300E+01
 -20.260  0.3636E+00  0.1307E+01
 -20.240  0.3617E+00  0.1314E+01
 -20.220  0.3599E+00  0.1321E+01
 -20.200  0.3582E+00  0.1329E+01
 -20.180  0.3564E+00  0.1336E+01
 -20.160  0.3547E+00  0.1343E+01
 -20.140  0.3531E+00  0.1350E+01
 -20.120  0.3514E+00  0.1357E+01
 -20.100  0.3498E+00  0.1364E+01
 -20.080  0.3482E+00  0.1371E+01
 -20.060  0.3466E+00  0.1378E+01
 -20.040  0.3451E+00  0.1385E+01
 -20.020  0.3436E+00  0.1392E+01
 -20.000  0.3421E+00  0.1398E+01
 -19.980  0.3407E+00  0.1405E+01
 -19.960  0.3392E+00  0.1412E+01
 -19.940  0.3378E+00  0.1419E+01
 -19.920  0.3364E+00  0.1426E+01
 -19.900  0.3351E+00  0.1432E+01
 -19.880  0.3337E+00  0.1439E+01
 -19.860  0.3324E+00  0.1446E+01
 -19.840  0.3311E+00  0.1452E+01
 -19.820  0.3299E+00  0.1459E+01
 -19.800  0.3288E+00  0.1465E+01
 -19.780  0.3280E+00  0.1472E+01
 -19.760  0.3281E+00  0.1478E+01
 -19.740  0.3304E+00  0.1485E+01
 -19.720  0.3375E+00  0.1492E+01
 -19.700  0.3545E+00  0.1499E+01
 -19.680  0.3898E+00  0.1507E+01
 -19.660  0.4550E+00  0.1516E+01
 -19.640  0.5637E+00  0.1527E+01
 -19.620  0.7275E+00  0.1542E+01
 -19.600  0.9503E+00  0.1561E+01
 -19.580  0.1223E+01  0.1585E+01
 -19.560  0.1519E+01  0.1615E+01
 -19.540  0.1804E+01  0.1652E+01
 -19.520  0.2036E+01  0.1692E+01
 -19.500  0.2187E+01  0.1736E+01
 -19.480  0.2243E+01  0.1781E+01
 -19.460  0.2213E+01  0.1825E+01
 -19.440  0.2120E+01  0.1868E+01
 -19.420  0.1991E+01  0.1907E+01
 -19.400  0.1853E+01  0.1944E+01
 -19.380  0.1724E+01  0.1979E+01
 -19.360  0.1611E+01  0.2011E+01
 -19.340  0.1517E+01  0.2041E+01
 -19.320  0.1439E+01  0.2070E+01
 -19.300  0.1376E+01  0.2098E+01
 -19.280  0.1323E+01  0.2124E+01
 -19.260  0.1278E+01  0.2150E+01
 -19.240  0.1239E+01  0.2175E+01
 -19.220  0.1205E+01  0.2199E+01
 -19.200  0.1174E+01  0.2222E+01
 -19.180  0.1146E+01  0.2245E+01
 -19.160  0.1121E+01  0.2267E+01
 -19.140  0.1098E+01  0.2289E+01
 -19.120  0.1077E+01  0.2311E+01
 -19.100  0.1058E+01  0.2332E+01
 -19.080  0.1040E+01  0.2353E+01
 -19.060  0.1023E+01  0.2373E+01
 -19.040  0.1007E+01  0.2393E+01
 -19.020  0.9923E+00  0.2413E+01
 -19.000  0.9785E+00  0.2433E+01
 -18.980  0.9655E+00  0.2452E+01
 -18.960  0.9532E+00  0.2471E+01
 -18.940  0.9417E+00  0.2490E+01
 -18.920  0.9307E+00  0.2509E+01
 -18.900  0.9204E+00  0.2527E+01
 -18.880  0.9106E+00  0.2545E+01
 -18.860  0.9014E+00  0.2563E+01
 -18.840  0.8926E+00  0.2581E+01
 -18.820  0.8843E+00  0.2599E+01
 -18.800  0.8764E+00  0.2616E+01
 -18.780  0.8690E+00  0.2634E+01
 -18.760  0.8619E+00  0.2651E+01
 -18.740  0.8553E+00  0.2668E+01
 -18.720  0.8490E+00  0.2685E+01
 -18.700  0.8432E+00  0.2702E+01
 -18.680  0.8377E+00  0.2719E+01
 -18.660  0.8326E+00  0.2735E+01
 -18.640  0.8280E+00  0.2752E+01
 -18.620  0.8237E+00  0.2768E+01
 -18.600  0.8199E+00  0.2785E+01
 -18.580  0.8166E+00  0.2801E+01
 -18.560  0.8137E+00  0.2817E+01
 -18.540  0.8115E+00  0.2834E+01
 -18.520  0.8099E+00  0.2850E+01
 -18.500  0.8092E+00  0.2866E+01
 -18.480  0.8093E+00  0.2882E+01
 -18.460  0.8107E+00  0.2898E+01
 -18.440  0.8136E+00  0.2915E+01
 -18.420  0.8186E+00  0.2931E+01
 -18.400  0.8262E+00  0.2948E+01
 -18.380  0.8372E+00  0.2964E+01
 -18.360  0.8519E+00  0.2981E+01
 -18.340  0.8701E+00  0.2999E+01
 -18.320  0.8899E+00  0.3017E+01
 -18.300  0.9078E+00  0.3035E+01
 -18.280  0.9184E+00  0.3053E+01
 -18.260  0.9158E+00  0.3071E+01
 -18.240  0.8946E+00  0.3089E+01
 -18.220  0.8531E+00  0.3106E+01
 -18.200  0.7934E+00  0.3122E+01
 -18.180  0.7220E+00  0.3137E+01
 -18.160  0.6477E+00  0.3150E+01
 -18.140  0.5790E+00  0.3161E+01
 -18.120  0.5217E+00  0.3172E+01
 -18.100  0.4785E+00  0.3181E+01
 -18.080  0.4484E+00  0.3190E+01
 -18.060  0.4291E+00  0.3199E+01
 -18.040  0.4171E+00  0.3207E+01
 -18.020  0.4098E+00  0.3215E+01
 -18.000  0.4051E+00  0.3223E+01
 -17.980  0.4017E+00  0.3231E+01
 -17.960  0.3989E+00  0.3239E+01
 -17.940  0.3963E+00  0.3247E+01
 -17.920  0.3939E+00  0.3255E+01
 -17.900  0.3916E+00  0.3263E+01
 -17.880  0.3893E+00  0.3271E+01
 -17.860  0.3871E+00  0.3279E+01
 -17.840  0.3849E+00  0.3286E+01
 -17.820  0.3827E+00  0.3294E+01
 -17.800  0.3806E+00  0.3302E+01
 -17.780  0.3786E+00  0.3309E+01
 -17.760  0.3765E+00  0.3317E+01
 -17.740  0.3746E+00  0.3324E+01
 -17.720  0.3726E+00  0.3332E+01
 -17.700  0.3709E+00  0.3339E+01
 -17.680  0.3694E+00  0.3346E+01
 -17.660  0.3686E+00  0.3354E+01
 -17.640  0.3693E+00  0.3361E+01
 -17.620  0.3727E+00  0.3369E+01
 -17.600  0.3812E+00  0.3376E+01
 -17.580  0.3975E+00  0.3384E+01
 -17.560  0.4245E+00  0.3393E+01
 -17.540  0.4647E+00  0.3402E+01
 -17.520  0.5179E+00  0.3412E+01
 -17.500  0.5811E+00  0.3424E+01
 -17.480  0.6477E+00  0.3437E+01
 -17.460  0.7095E+00  0.3451E+01
 -17.440  0.7580E+00  0.3466E+01
 -17.420  0.7880E+00  0.3482E+01
 -17.400  0.7982E+00  0.3498E+01
 -17.380  0.7914E+00  0.3514E+01
 -17.360  0.7729E+00  0.3529E+01
 -17.340  0.7486E+00  0.3544E+01
 -17.320  0.7234E+00  0.3559E+01
 -17.300  0.7003E+00  0.3573E+01
 -17.280  0.6806E+00  0.3586E+01
 -17.260  0.6645E+00  0.3600E+01
 -17.240  0.6513E+00  0.3613E+01
 -17.220  0.6406E+00  0.3625E+01
 -17.200  0.6316E+00  0.3638E+01
 -17.180  0.6240E+00  0.3651E+01
 -17.160  0.6173E+00  0.3663E+01
 -17.140  0.6115E+00  0.3675E+01
 -17.120  0.6062E+00  0.3687E+01
 -17.100  0.6015E+00  0.3699E+01
 -17.080  0.5971E+00  0.3711E+01
 -17.060  0.5931E+00  0.3723E+01
 -17.040  0.5894E+00  0.3735E+01
 -17.020  0.5860E+00  0.3747E+01
 -17.000  0.5827E+00  0.3758E+01
 -16.980  0.5797E+00  0.3770E+01
 -16.960  0.5769E+00  0.3781E+01
 -16.940  0.5742E+00  0.3793E+01
 -16.920  0.5716E+00  0.3804E+01
 -16.900  0.5692E+00  0.3816E+01
 -16.880  0.5669E+00  0.3827E+01
 -16.860  0.5647E+00  0.3838E+01
 -16.840  0.5626E+00  0.3850E+01
 -16.820  0.5606E+00  0.3861E+01
 -16.800  0.5587E+00  0.3872E+01
 -16.780  0.5569E+00  0.3883E+01
 -16.760  0.5551E+00  0.3894E+01
 -16.740  0.5534E+00  0.3905E+01
 -16.720  0.5518E+00  0.3916E+01
 -16.700  0.5503E+00  0.3927E+01
 -16.680  0.5488E+00  0.3938E+01
 -16.660  0.5474E+00  0.3949E+01
 -16.640  0.5460E+00  0.3960E+01
 -16.620  0.5447E+00  0.3971E+01
 -16.600  0.5435E+00  0.3982E+01
 -16.580  0.5423E+00  0.3993E+01
 -16.560  0.5411E+00  0.4004E+01
 -16.540  0.5401E+00  0.4014E+01
 -16.520  0.5390E+00  0.4025E+01
 -16.500  0.5381E+00  0.4036E+01
 -16.480  0.5372E+00  0.4047E+01
 -16.460  0.5363E+00  0.4057E+01
 -16.440  0.5355E+00  0.4068E+01
 -16.420  0.5348E+00  0.4079E+01
 -16.400  0.5342E+00  0.4090E+01
 -16.380  0.5336E+00  0.4100E+01
 -16.360  0.5330E+00  0.4111E+01
 -16.340  0.5326E+00  0.4122E+01
 -16.320  0.5322E+00  0.4132E+01
 -16.300  0.5320E+00  0.4143E+01
 -16.280  0.5318E+00  0.4153E+01
 -16.260  0.5317E+00  0.4164E+01
 -16.240  0.5317E+00  0.4175E+01
 -16.220  0.5319E+00  0.4185E+01
 -16.200  0.5322E+00  0.4196E+01
 -16.180  0.5326E+00  0.4207E+01
 -16.160  0.5332E+00  0.4217E+01
 -16.140  0.5340E+00  0.4228E+01
 -16.120  0.5351E+00  0.4239E+01
 -16.100  0.5364E+00  0.4249E+01
 -16.080  0.5380E+00  0.4260E+01
 -16.060  0.5400E+00  0.4271E+01
 -16.040  0.5425E+00  0.4282E+01
 -16.020  0.5456E+00  0.4293E+01
 -16.000  0.5494E+00  0.4304E+01
 -15.980  0.5543E+00  0.4315E+01
 -15.960  0.5606E+00  0.4326E+01
 -15.940  0.5687E+00  0.4337E+01
 -15.920  0.5793E+00  0.4349E+01
 -15.900  0.5929E+00  0.4361E+01
 -15.880  0.6093E+00  0.4373E+01
 -15.860  0.6279E+00  0.4386E+01
 -15.840  0.6461E+00  0.4399E+01
 -15.820  0.6601E+00  0.4412E+01
 -15.800  0.6646E+00  0.4425E+01
 -15.780  0.6548E+00  0.4438E+01
 -15.760  0.6274E+00  0.4451E+01
 -15.740  0.5829E+00  0.4462E+01
 -15.720  0.5253E+00  0.4473E+01
 -15.700  0.4619E+00  0.4482E+01
 -15.680  0.4004E+00  0.4490E+01
 -15.660  0.3471E+00  0.4497E+01
 -15.640  0.3058E+00  0.4503E+01
 -15.620  0.2768E+00  0.4509E+01
 -15.600  0.2585E+00  0.4514E+01
 -15.580  0.2481E+00  0.4519E+01
 -15.560  0.2428E+00  0.4524E+01
 -15.540  0.2405E+00  0.4528E+01
 -15.520  0.2399E+00  0.4533E+01
 -15.500  0.2400E+00  0.4538E+01
 -15.480  0.2405E+00  0.4543E+01
 -15.460  0.2412E+00  0.4548E+01
 -15.440  0.2420E+00  0.4553E+01
 -15.420  0.2433E+00  0.4557E+01
 -15.400  0.2452E+00  0.4562E+01
 -15.380  0.2488E+00  0.4567E+01
 -15.360  0.2553E+00  0.4572E+01
 -15.340  0.2672E+00  0.4578E+01
 -15.320  0.2877E+00  0.4583E+01
 -15.300  0.3209E+00  0.4590E+01
 -15.280  0.3719E+00  0.4597E+01
 -15.260  0.4461E+00  0.4606E+01
 -15.240  0.5496E+00  0.4617E+01
 -15.220  0.6894E+00  0.4631E+01
 -15.200  0.8727E+00  0.4648E+01
 -15.180  0.1105E+01  0.4671E+01
 -15.160  0.1384E+01  0.4698E+01
 -15.140  0.1698E+01  0.4732E+01
 -15.120  0.2021E+01  0.4773E+01
 -15.100  0.2316E+01  0.4819E+01
 -15.080  0.2546E+01  0.4870E+01
 -15.060  0.2686E+01  0.4924E+01
 -15.040  0.2725E+01  0.4978E+01
 -15.020  0.2677E+01  0.5032E+01
 -15.000  0.2567E+01  0.5083E+01
 -14.980  0.2426E+01  0.5131E+01
 -14.960  0.2279E+01  0.5177E+01
 -14.940  0.2145E+01  0.5220E+01
 -14.920  0.2031E+01  0.5261E+01
 -14.900  0.1938E+01  0.5299E+01
 -14.880  0.1865E+01  0.5337E+01
 -14.860  0.1807E+01  0.5373E+01
 -14.840  0.1762E+01  0.5408E+01
 -14.820  0.1726E+01  0.5443E+01
 -14.800  0.1698E+01  0.5477E+01
 -14.780  0.1677E+01  0.5510E+01
 -14.760  0.1662E+01  0.5543E+01
 -14.740  0.1653E+01  0.5576E+01
 -14.720  0.1649E+01  0.5609E+01
 -14.700  0.1652E+01  0.5642E+01
 -14.680  0.1661E+01  0.5676E+01
 -14.660  0.1679E+01  0.5709E+01
 -14.640  0.1708E+01  0.5743E+01
 -14.620  0.1749E+01  0.5778E+01
 -14.600  0.1807E+01  0.5814E+01
 -14.580  0.1882E+01  0.5852E+01
 -14.560  0.1971E+01  0.5892E+01
 -14.540  0.2067E+01  0.5933E+01
 -14.520  0.2153E+01  0.5976E+01
 -14.500  0.2205E+01  0.6020E+01
 -14.480  0.2199E+01  0.6064E+01
 -14.460  0.2112E+01  0.6106E+01
 -14.440  0.1941E+01  0.6145E+01
 -14.420  0.1696E+01  0.6179E+01
 -14.400  0.1408E+01  0.6207E+01
 -14.380  0.1114E+01  0.6229E+01
 -14.360  0.8466E+00  0.6246E+01
 -14.340  0.6299E+00  0.6259E+01
 -14.320  0.4711E+00  0.6268E+01
 -14.300  0.3658E+00  0.6276E+01
 -14.280  0.3022E+00  0.6282E+01
 -14.260  0.2672E+00  0.6287E+01
 -14.240  0.2495E+00  0.6292E+01
 -14.220  0.2412E+00  0.6297E+01
 -14.200  0.2375E+00  0.6302E+01
 -14.180  0.2358E+00  0.6306E+01
 -14.160  0.2349E+00  0.6311E+01
 -14.140  0.2343E+00  0.6316E+01
 -14.120  0.2338E+00  0.6320E+01
 -14.100  0.2334E+00  0.6325E+01
 -14.080  0.2329E+00  0.6330E+01
 -14.060  0.2325E+00  0.6334E+01
 -14.040  0.2321E+00  0.6339E+01
 -14.020  0.2317E+00  0.6344E+01
 -14.000  0.2314E+00  0.6348E+01
 -13.980  0.2310E+00  0.6353E+01
 -13.960  0.2306E+00  0.6358E+01
 -13.940  0.2302E+00  0.6362E+01
 -13.920  0.2299E+00  0.6367E+01
 -13.900  0.2295E+00  0.6371E+01
 -13.880  0.2292E+00  0.6376E+01
 -13.860  0.2289E+00  0.6381E+01
 -13.840  0.2286E+00  0.6385E+01
 -13.820  0.2282E+00  0.6390E+01
 -13.800  0.2279E+00  0.6394E+01
 -13.780  0.2276E+00  0.6399E+01
 -13.760  0.2273E+00  0.6403E+01
 -13.740  0.2270E+00  0.6408E+01
 -13.720  0.2268E+00  0.6412E+01
 -13.700  0.2265E+00  0.6417E+01
 -13.680  0.2262E+00  0.6421E+01
 -13.660  0.2259E+00  0.6426E+01
 -13.640  0.2257E+00  0.6430E+01
 -13.620  0.2254E+00  0.6435E+01
 -13.600  0.2252E+00  0.6439E+01
 -13.580  0.2249E+00  0.6444E+01
 -13.560  0.2247E+00  0.6448E+01
 -13.540  0.2244E+00  0.6453E+01
 -13.520  0.2242E+00  0.6457E+01
 -13.500  0.2240E+00  0.6462E+01
 -13.480  0.2238E+00  0.6466E+01
 -13.460  0.2236E+00  0.6471E+01
 -13.440  0.2234E+00  0.6475E+01
 -13.420  0.2232E+00  0.6480E+01
 -13.400  0.2230E+00  0.6484E+01
 -13.380  0.2228E+00  0.6489E+01
 -13.360  0.2226E+00  0.6493E+01
 -13.340  0.2224E+00  0.6498E+01
 -13.320  0.2222E+00  0.6502E+01
 -13.300  0.2220E+00  0.6506E+01
 -13.280  0.2219E+00  0.6511E+01
 -13.260  0.2217E+00  0.6515E+01
 -13.240  0.2216E+00  0.6520E+01
 -13.220  0.2214E+00  0.6524E+01
 -13.200  0.2213E+00  0.6529E+01
 -13.180  0.2211E+00  0.6533E+01
 -13.160  0.2210E+00  0.6537E+01
 -13.140  0.2210E+00  0.6542E+01
 -13.120  0.2212E+00  0.6546E+01
 -13.100  0.2220E+00  0.6551E+01
 -13.080  0.2244E+00  0.6555E+01
 -13.060  0.2304E+00  0.6560E+01
 -13.040  0.2437E+00  0.6565E+01
 -13.020  0.2707E+00  0.6570E+01
 -13.000  0.3203E+00  0.6577E+01
 -12.980  0.4032E+00  0.6585E+01
 -12.960  0.5287E+00  0.6595E+01
 -12.940  0.7007E+00  0.6609E+01
 -12.920  0.9130E+00  0.6627E+01
 -12.900  0.1147E+01  0.6650E+01
 -12.880  0.1376E+01  0.6678E+01
 -12.860  0.1567E+01  0.6709E+01
 -12.840  0.1698E+01  0.6743E+01
 -12.820  0.1757E+01  0.6778E+01
 -12.800  0.1749E+01  0.6813E+01
 -12.780  0.1690E+01  0.6847E+01
 -12.760  0.1602E+01  0.6879E+01
 -12.740  0.1506E+01  0.6909E+01
 -12.720  0.1413E+01  0.6938E+01
 -12.700  0.1333E+01  0.6964E+01
 -12.680  0.1267E+01  0.6990E+01
 -12.660  0.1213E+01  0.7014E+01
 -12.640  0.1169E+01  0.7037E+01
 -12.620  0.1134E+01  0.7060E+01
 -12.600  0.1104E+01  0.7082E+01
 -12.580  0.1079E+01  0.7104E+01
 -12.560  0.1057E+01  0.7125E+01
 -12.540  0.1037E+01  0.7145E+01
 -12.520  0.1020E+01  0.7166E+01
 -12.500  0.1005E+01  0.7186E+01
 -12.480  0.9911E+00  0.7206E+01
 -12.460  0.9786E+00  0.7225E+01
 -12.440  0.9672E+00  0.7245E+01
 -12.420  0.9567E+00  0.7264E+01
 -12.400  0.9471E+00  0.7283E+01
 -12.380  0.9383E+00  0.7302E+01
 -12.360  0.9301E+00  0.7320E+01
 -12.340  0.9225E+00  0.7339E+01
 -12.320  0.9155E+00  0.7357E+01
 -12.300  0.9090E+00  0.7375E+01
 -12.280  0.9029E+00  0.7393E+01
 -12.260  0.8972E+00  0.7411E+01
 -12.240  0.8919E+00  0.7429E+01
 -12.220  0.8869E+00  0.7447E+01
 -12.200  0.8823E+00  0.7464E+01
 -12.180  0.8780E+00  0.7482E+01
 -12.160  0.8739E+00  0.7499E+01
 -12.140  0.8701E+00  0.7517E+01
 -12.120  0.8665E+00  0.7534E+01
 -12.100  0.8632E+00  0.7551E+01
 -12.080  0.8600E+00  0.7569E+01
 -12.060  0.8571E+00  0.7586E+01
 -12.040  0.8544E+00  0.7603E+01
 -12.020  0.8519E+00  0.7620E+01
 -12.000  0.8495E+00  0.7637E+01
 -11.980  0.8473E+00  0.7654E+01
 -11.960  0.8453E+00  0.7671E+01
 -11.940  0.8435E+00  0.7688E+01
 -11.920  0.8418E+00  0.7704E+01
 -11.900  0.8403E+00  0.7721E+01
 -11.880  0.8389E+00  0.7738E+01
 -11.860  0.8376E+00  0.7755E+01
 -11.840  0.8366E+00  0.7771E+01
 -11.820  0.8356E+00  0.7788E+01
 -11.800  0.8349E+00  0.7805E+01
 -11.780  0.8342E+00  0.7822E+01
 -11.760  0.8337E+00  0.7838E+01
 -11.740  0.8334E+00  0.7855E+01
 -11.720  0.8333E+00  0.7872E+01
 -11.700  0.8333E+00  0.7888E+01
 -11.680  0.8334E+00  0.7905E+01
 -11.660  0.8338E+00  0.7922E+01
 -11.640  0.8343E+00  0.7938E+01
 -11.620  0.8350E+00  0.7955E+01
 -11.600  0.8359E+00  0.7972E+01
 -11.580  0.8370E+00  0.7988E+01
 -11.560  0.8384E+00  0.8005E+01
 -11.540  0.8400E+00  0.8022E+01
 -11.520  0.8419E+00  0.8039E+01
 -11.500  0.8441E+00  0.8056E+01
 -11.480  0.8466E+00  0.8073E+01
 -11.460  0.8495E+00  0.8090E+01
 -11.440  0.8527E+00  0.8107E+01
 -11.420  0.8563E+00  0.8124E+01
 -11.400  0.8603E+00  0.8141E+01
 -11.380  0.8652E+00  0.8158E+01
 -11.360  0.8718E+00  0.8176E+01
 -11.340  0.8825E+00  0.8193E+01
 -11.320  0.9022E+00  0.8211E+01
 -11.300  0.9395E+00  0.8230E+01
 -11.280  0.1008E+01  0.8250E+01
 -11.260  0.1125E+01  0.8273E+01
 -11.240  0.1312E+01  0.8299E+01
 -11.220  0.1584E+01  0.8331E+01
 -11.200  0.1945E+01  0.8370E+01
 -11.180  0.2380E+01  0.8417E+01
 -11.160  0.2853E+01  0.8474E+01
 -11.140  0.3311E+01  0.8541E+01
 -11.120  0.3706E+01  0.8615E+01
 -11.100  0.4000E+01  0.8695E+01
 -11.080  0.4184E+01  0.8778E+01
 -11.060  0.4265E+01  0.8864E+01
 -11.040  0.4265E+01  0.8949E+01
 -11.020  0.4197E+01  0.9033E+01
 -11.000  0.4061E+01  0.9114E+01
 -10.980  0.3845E+01  0.9191E+01
 -10.960  0.3540E+01  0.9262E+01
 -10.940  0.3147E+01  0.9325E+01
 -10.920  0.2690E+01  0.9379E+01
 -10.900  0.2211E+01  0.9423E+01
 -10.880  0.1759E+01  0.9458E+01
 -10.860  0.1373E+01  0.9485E+01
 -10.840  0.1074E+01  0.9507E+01
 -10.820  0.8639E+00  0.9524E+01
 -10.800  0.7299E+00  0.9539E+01
 -10.780  0.6523E+00  0.9552E+01
 -10.760  0.6115E+00  0.9564E+01
 -10.740  0.5922E+00  0.9576E+01
 -10.720  0.5841E+00  0.9588E+01
 -10.700  0.5813E+00  0.9599E+01
 -10.680  0.5808E+00  0.9611E+01
 -10.660  0.5812E+00  0.9622E+01
 -10.640  0.5820E+00  0.9634E+01
 -10.620  0.5829E+00  0.9646E+01
 -10.600  0.5839E+00  0.9657E+01
 -10.580  0.5850E+00  0.9669E+01
 -10.560  0.5861E+00  0.9681E+01
 -10.540  0.5872E+00  0.9693E+01
 -10.520  0.5884E+00  0.9704E+01
 -10.500  0.5897E+00  0.9716E+01
 -10.480  0.5910E+00  0.9728E+01
 -10.460  0.5925E+00  0.9740E+01
 -10.440  0.5943E+00  0.9752E+01
 -10.420  0.5970E+00  0.9764E+01
 -10.400  0.6019E+00  0.9776E+01
 -10.380  0.6119E+00  0.9788E+01
 -10.360  0.6329E+00  0.9801E+01
 -10.340  0.6751E+00  0.9814E+01
 -10.320  0.7546E+00  0.9829E+01
 -10.300  0.8930E+00  0.9847E+01
 -10.280  0.1114E+01  0.9869E+01
 -10.260  0.1439E+01  0.9898E+01
 -10.240  0.1874E+01  0.9936E+01
 -10.220  0.2405E+01  0.9984E+01
 -10.200  0.2994E+01  0.1004E+02
 -10.180  0.3581E+01  0.1012E+02
 -10.160  0.4101E+01  0.1020E+02
 -10.140  0.4498E+01  0.1029E+02
 -10.120  0.4741E+01  0.1038E+02
 -10.100  0.4828E+01  0.1048E+02
 -10.080  0.4788E+01  0.1057E+02
 -10.060  0.4664E+01  0.1067E+02
 -10.040  0.4504E+01  0.1076E+02
 -10.020  0.4349E+01  0.1084E+02
 -10.000  0.4228E+01  0.1093E+02
  -9.980  0.4155E+01  0.1101E+02
  -9.960  0.4133E+01  0.1109E+02
  -9.940  0.4156E+01  0.1118E+02
  -9.920  0.4203E+01  0.1126E+02
  -9.900  0.4246E+01  0.1135E+02
  -9.880  0.4251E+01  0.1143E+02
  -9.860  0.4181E+01  0.1152E+02
  -9.840  0.4016E+01  0.1160E+02
  -9.820  0.3752E+01  0.1167E+02
  -9.800  0.3412E+01  0.1174E+02
  -9.780  0.3035E+01  0.1180E+02
  -9.760  0.2666E+01  0.1185E+02
  -9.740  0.2343E+01  0.1190E+02
  -9.720  0.2088E+01  0.1194E+02
  -9.700  0.1905E+01  0.1198E+02
  -9.680  0.1784E+01  0.1202E+02
  -9.660  0.1710E+01  0.1205E+02
  -9.640  0.1668E+01  0.1208E+02
  -9.620  0.1644E+01  0.1212E+02
  -9.600  0.1631E+01  0.1215E+02
  -9.580  0.1623E+01  0.1218E+02
  -9.560  0.1619E+01  0.1221E+02
  -9.540  0.1617E+01  0.1225E+02
  -9.520  0.1616E+01  0.1228E+02
  -9.500  0.1617E+01  0.1231E+02
  -9.480  0.1620E+01  0.1234E+02
  -9.460  0.1624E+01  0.1238E+02
  -9.440  0.1630E+01  0.1241E+02
  -9.420  0.1638E+01  0.1244E+02
  -9.400  0.1649E+01  0.1247E+02
  -9.380  0.1663E+01  0.1251E+02
  -9.360  0.1681E+01  0.1254E+02
  -9.340  0.1704E+01  0.1257E+02
  -9.320  0.1734E+01  0.1261E+02
  -9.300  0.1772E+01  0.1264E+02
  -9.280  0.1818E+01  0.1268E+02
  -9.260  0.1872E+01  0.1272E+02
  -9.240  0.1929E+01  0.1276E+02
  -9.220  0.1982E+01  0.1280E+02
  -9.200  0.2018E+01  0.1284E+02
  -9.180  0.2025E+01  0.1288E+02
  -9.160  0.1993E+01  0.1292E+02
  -9.140  0.1920E+01  0.1296E+02
  -9.120  0.1811E+01  0.1299E+02
  -9.100  0.1681E+01  0.1303E+02
  -9.080  0.1548E+01  0.1306E+02
  -9.060  0.1427E+01  0.1309E+02
  -9.040  0.1330E+01  0.1311E+02
  -9.020  0.1259E+01  0.1314E+02
  -9.000  0.1213E+01  0.1316E+02
  -8.980  0.1187E+01  0.1319E+02
  -8.960  0.1173E+01  0.1321E+02
  -8.940  0.1168E+01  0.1323E+02
  -8.920  0.1167E+01  0.1326E+02
  -8.900  0.1169E+01  0.1328E+02
  -8.880  0.1172E+01  0.1330E+02
  -8.860  0.1175E+01  0.1333E+02
  -8.840  0.1179E+01  0.1335E+02
  -8.820  0.1184E+01  0.1337E+02
  -8.800  0.1189E+01  0.1340E+02
  -8.780  0.1194E+01  0.1342E+02
  -8.760  0.1200E+01  0.1344E+02
  -8.740  0.1206E+01  0.1347E+02
  -8.720  0.1213E+01  0.1349E+02
  -8.700  0.1221E+01  0.1352E+02
  -8.680  0.1229E+01  0.1354E+02
  -8.660  0.1237E+01  0.1357E+02
  -8.640  0.1246E+01  0.1359E+02
  -8.620  0.1256E+01  0.1362E+02
  -8.600  0.1267E+01  0.1364E+02
  -8.580  0.1278E+01  0.1367E+02
  -8.560  0.1290E+01  0.1369E+02
  -8.540  0.1303E+01  0.1372E+02
  -8.520  0.1317E+01  0.1375E+02
  -8.500  0.1333E+01  0.1377E+02
  -8.480  0.1349E+01  0.1380E+02
  -8.460  0.1367E+01  0.1383E+02
  -8.440  0.1386E+01  0.1385E+02
  -8.420  0.1407E+01  0.1388E+02
  -8.400  0.1430E+01  0.1391E+02
  -8.380  0.1455E+01  0.1394E+02
  -8.360  0.1483E+01  0.1397E+02
  -8.340  0.1514E+01  0.1400E+02
  -8.320  0.1548E+01  0.1403E+02
  -8.300  0.1586E+01  0.1406E+02
  -8.280  0.1630E+01  0.1410E+02
  -8.260  0.1680E+01  0.1413E+02
  -8.240  0.1739E+01  0.1416E+02
  -8.220  0.1810E+01  0.1420E+02
  -8.200  0.1897E+01  0.1424E+02
  -8.180  0.2006E+01  0.1428E+02
  -8.160  0.2144E+01  0.1432E+02
  -8.140  0.2315E+01  0.1437E+02
  -8.120  0.2521E+01  0.1442E+02
  -8.100  0.2750E+01  0.1447E+02
  -8.080  0.2978E+01  0.1453E+02
  -8.060  0.3169E+01  0.1460E+02
  -8.040  0.3275E+01  0.1466E+02
  -8.020  0.3257E+01  0.1473E+02
  -8.000  0.3096E+01  0.1479E+02
  -7.980  0.2803E+01  0.1484E+02
  -7.960  0.2421E+01  0.1489E+02
  -7.940  0.2006E+01  0.1493E+02
  -7.920  0.1616E+01  0.1497E+02
  -7.900  0.1292E+01  0.1499E+02
  -7.880  0.1051E+01  0.1501E+02
  -7.860  0.8920E+00  0.1503E+02
  -7.840  0.7985E+00  0.1505E+02
  -7.820  0.7525E+00  0.1506E+02
  -7.800  0.7391E+00  0.1508E+02
  -7.780  0.7504E+00  0.1509E+02
  -7.760  0.7862E+00  0.1511E+02
  -7.740  0.8527E+00  0.1512E+02
  -7.720  0.9601E+00  0.1514E+02
  -7.700  0.1118E+01  0.1517E+02
  -7.680  0.1331E+01  0.1519E+02
  -7.660  0.1589E+01  0.1522E+02
  -7.640  0.1872E+01  0.1526E+02
  -7.620  0.2149E+01  0.1530E+02
  -7.600  0.2384E+01  0.1535E+02
  -7.580  0.2554E+01  0.1540E+02
  -7.560  0.2648E+01  0.1546E+02
  -7.540  0.2675E+01  0.1551E+02
  -7.520  0.2652E+01  0.1556E+02
  -7.500  0.2602E+01  0.1561E+02
  -7.480  0.2538E+01  0.1567E+02
  -7.460  0.2463E+01  0.1571E+02
  -7.440  0.2372E+01  0.1576E+02
  -7.420  0.2257E+01  0.1581E+02
  -7.400  0.2113E+01  0.1585E+02
  -7.380  0.1944E+01  0.1589E+02
  -7.360  0.1762E+01  0.1592E+02
  -7.340  0.1582E+01  0.1595E+02
  -7.320  0.1421E+01  0.1598E+02
  -7.300  0.1288E+01  0.1601E+02
  -7.280  0.1186E+01  0.1603E+02
  -7.260  0.1112E+01  0.1606E+02
  -7.240  0.1060E+01  0.1608E+02
  -7.220  0.1024E+01  0.1610E+02
  -7.200  0.9979E+00  0.1612E+02
  -7.180  0.9775E+00  0.1614E+02
  -7.160  0.9605E+00  0.1616E+02
  -7.140  0.9455E+00  0.1617E+02
  -7.120  0.9319E+00  0.1619E+02
  -7.100  0.9193E+00  0.1621E+02
  -7.080  0.9076E+00  0.1623E+02
  -7.060  0.8966E+00  0.1625E+02
  -7.040  0.8863E+00  0.1627E+02
  -7.020  0.8766E+00  0.1628E+02
  -7.000  0.8675E+00  0.1630E+02
  -6.980  0.8590E+00  0.1632E+02
  -6.960  0.8509E+00  0.1633E+02
  -6.940  0.8433E+00  0.1635E+02
  -6.920  0.8361E+00  0.1637E+02
  -6.900  0.8294E+00  0.1638E+02
  -6.880  0.8231E+00  0.1640E+02
  -6.860  0.8171E+00  0.1642E+02
  -6.840  0.8115E+00  0.1643E+02
  -6.820  0.8062E+00  0.1645E+02
  -6.800  0.8013E+00  0.1647E+02
  -6.780  0.7967E+00  0.1648E+02
  -6.760  0.7925E+00  0.1650E+02
  -6.740  0.7886E+00  0.1651E+02
  -6.720  0.7850E+00  0.1653E+02
  -6.700  0.7817E+00  0.1654E+02
  -6.680  0.7787E+00  0.1656E+02
  -6.660  0.7761E+00  0.1658E+02
  -6.640  0.7739E+00  0.1659E+02
  -6.620  0.7720E+00  0.1661E+02
  -6.600  0.7704E+00  0.1662E+02
  -6.580  0.7693E+00  0.1664E+02
  -6.560  0.7685E+00  0.1665E+02
  -6.540  0.7682E+00  0.1667E+02
  -6.520  0.7684E+00  0.1668E+02
  -6.500  0.7692E+00  0.1670E+02
  -6.480  0.7705E+00  0.1671E+02
  -6.460  0.7725E+00  0.1673E+02
  -6.440  0.7752E+00  0.1675E+02
  -6.420  0.7789E+00  0.1676E+02
  -6.400  0.7836E+00  0.1678E+02
  -6.380  0.7895E+00  0.1679E+02
  -6.360  0.7971E+00  0.1681E+02
  -6.340  0.8068E+00  0.1682E+02
  -6.320  0.8192E+00  0.1684E+02
  -6.300  0.8352E+00  0.1686E+02
  -6.280  0.8559E+00  0.1687E+02
  -6.260  0.8822E+00  0.1689E+02
  -6.240  0.9146E+00  0.1691E+02
  -6.220  0.9519E+00  0.1693E+02
  -6.200  0.9904E+00  0.1695E+02
  -6.180  0.1024E+01  0.1697E+02
  -6.160  0.1043E+01  0.1699E+02
  -6.140  0.1039E+01  0.1701E+02
  -6.120  0.1005E+01  0.1703E+02
  -6.100  0.9406E+00  0.1705E+02
  -6.080  0.8514E+00  0.1707E+02
  -6.060  0.7485E+00  0.1708E+02
  -6.040  0.6455E+00  0.1710E+02
  -6.020  0.5537E+00  0.1711E+02
  -6.000  0.4804E+00  0.1712E+02
  -5.980  0.4273E+00  0.1712E+02
  -5.960  0.3921E+00  0.1713E+02
  -5.940  0.3706E+00  0.1714E+02
  -5.920  0.3583E+00  0.1715E+02
  -5.900  0.3514E+00  0.1715E+02
  -5.880  0.3474E+00  0.1716E+02
  -5.860  0.3447E+00  0.1717E+02
  -5.840  0.3427E+00  0.1717E+02
  -5.820  0.3410E+00  0.1718E+02
  -5.800  0.3393E+00  0.1719E+02
  -5.780  0.3378E+00  0.1719E+02
  -5.760  0.3362E+00  0.1720E+02
  -5.740  0.3347E+00  0.1721E+02
  -5.720  0.3332E+00  0.1722E+02
  -5.700  0.3318E+00  0.1722E+02
  -5.680  0.3304E+00  0.1723E+02
  -5.660  0.3290E+00  0.1723E+02
  -5.640  0.3276E+00  0.1724E+02
  -5.620  0.3263E+00  0.1725E+02
  -5.600  0.3250E+00  0.1725E+02
  -5.580  0.3237E+00  0.1726E+02
  -5.560  0.3225E+00  0.1727E+02
  -5.540  0.3212E+00  0.1727E+02
  -5.520  0.3200E+00  0.1728E+02
  -5.500  0.3188E+00  0.1729E+02
  -5.480  0.3177E+00  0.1729E+02
  -5.460  0.3166E+00  0.1730E+02
  -5.440  0.3155E+00  0.1731E+02
  -5.420  0.3144E+00  0.1731E+02
  -5.400  0.3133E+00  0.1732E+02
  -5.380  0.3123E+00  0.1732E+02
  -5.360  0.3113E+00  0.1733E+02
  -5.340  0.3103E+00  0.1734E+02
  -5.320  0.3093E+00  0.1734E+02
  -5.300  0.3084E+00  0.1735E+02
  -5.280  0.3075E+00  0.1736E+02
  -5.260  0.3066E+00  0.1736E+02
  -5.240  0.3057E+00  0.1737E+02
  -5.220  0.3049E+00  0.1737E+02
  -5.200  0.3040E+00  0.1738E+02
  -5.180  0.3032E+00  0.1739E+02
  -5.160  0.3024E+00  0.1739E+02
  -5.140  0.3017E+00  0.1740E+02
  -5.120  0.3009E+00  0.1740E+02
  -5.100  0.3002E+00  0.1741E+02
  -5.080  0.2995E+00  0.1742E+02
  -5.060  0.2988E+00  0.1742E+02
  -5.040  0.2982E+00  0.1743E+02
  -5.020  0.2975E+00  0.1743E+02
  -5.000  0.2969E+00  0.1744E+02
  -4.980  0.2963E+00  0.1745E+02
  -4.960  0.2958E+00  0.1745E+02
  -4.940  0.2952E+00  0.1746E+02
  -4.920  0.2947E+00  0.1746E+02
  -4.900  0.2942E+00  0.1747E+02
  -4.880  0.2937E+00  0.1748E+02
  -4.860  0.2933E+00  0.1748E+02
  -4.840  0.2928E+00  0.1749E+02
  -4.820  0.2924E+00  0.1749E+02
  -4.800  0.2920E+00  0.1750E+02
  -4.780  0.2917E+00  0.1750E+02
  -4.760  0.2914E+00  0.1751E+02
  -4.740  0.2911E+00  0.1752E+02
  -4.720  0.2908E+00  0.1752E+02
  -4.700  0.2905E+00  0.1753E+02
  -4.680  0.2903E+00  0.1753E+02
  -4.660  0.2901E+00  0.1754E+02
  -4.640  0.2900E+00  0.1755E+02
  -4.620  0.2899E+00  0.1755E+02
  -4.600  0.2898E+00  0.1756E+02
  -4.580  0.2897E+00  0.1756E+02
  -4.560  0.2897E+00  0.1757E+02
  -4.540  0.2897E+00  0.1757E+02
  -4.520  0.2897E+00  0.1758E+02
  -4.500  0.2898E+00  0.1759E+02
  -4.480  0.2900E+00  0.1759E+02
  -4.460  0.2901E+00  0.1760E+02
  -4.440  0.2903E+00  0.1760E+02
  -4.420  0.2906E+00  0.1761E+02
  -4.400  0.2909E+00  0.1761E+02
  -4.380  0.2913E+00  0.1762E+02
  -4.360  0.2917E+00  0.1763E+02
  -4.340  0.2922E+00  0.1763E+02
  -4.320  0.2929E+00  0.1764E+02
  -4.300  0.2941E+00  0.1764E+02
  -4.280  0.2962E+00  0.1765E+02
  -4.260  0.3002E+00  0.1766E+02
  -4.240  0.3082E+00  0.1766E+02
  -4.220  0.3230E+00  0.1767E+02
  -4.200  0.3489E+00  0.1768E+02
  -4.180  0.3900E+00  0.1768E+02
  -4.160  0.4500E+00  0.1769E+02
  -4.140  0.5290E+00  0.1770E+02
  -4.120  0.6228E+00  0.1772E+02
  -4.100  0.7223E+00  0.1773E+02
  -4.080  0.8150E+00  0.1775E+02
  -4.060  0.8888E+00  0.1776E+02
  -4.040  0.9351E+00  0.1778E+02
  -4.020  0.9517E+00  0.1780E+02
  -4.000  0.9426E+00  0.1782E+02
  -3.980  0.9157E+00  0.1784E+02
  -3.960  0.8799E+00  0.1786E+02
  -3.940  0.8429E+00  0.1787E+02
  -3.920  0.8094E+00  0.1789E+02
  -3.900  0.7818E+00  0.1790E+02
  -3.880  0.7602E+00  0.1792E+02
  -3.860  0.7440E+00  0.1794E+02
  -3.840  0.7323E+00  0.1795E+02
  -3.820  0.7241E+00  0.1796E+02
  -3.800  0.7188E+00  0.1798E+02
  -3.780  0.7160E+00  0.1799E+02
  -3.760  0.7155E+00  0.1801E+02
  -3.740  0.7173E+00  0.1802E+02
  -3.720  0.7216E+00  0.1804E+02
  -3.700  0.7287E+00  0.1805E+02
  -3.680  0.7392E+00  0.1807E+02
  -3.660  0.7540E+00  0.1808E+02
  -3.640  0.7741E+00  0.1810E+02
  -3.620  0.8002E+00  0.1811E+02
  -3.600  0.8324E+00  0.1813E+02
  -3.580  0.8690E+00  0.1815E+02
  -3.560  0.9056E+00  0.1816E+02
  -3.540  0.9350E+00  0.1818E+02
  -3.520  0.9484E+00  0.1820E+02
  -3.500  0.9370E+00  0.1822E+02
  -3.480  0.8957E+00  0.1824E+02
  -3.460  0.8254E+00  0.1825E+02
  -3.440  0.7334E+00  0.1827E+02
  -3.420  0.6316E+00  0.1828E+02
  -3.400  0.5330E+00  0.1829E+02
  -3.380  0.4480E+00  0.1830E+02
  -3.360  0.3820E+00  0.1831E+02
  -3.340  0.3356E+00  0.1832E+02
  -3.320  0.3058E+00  0.1832E+02
  -3.300  0.2882E+00  0.1833E+02
  -3.280  0.2785E+00  0.1833E+02
  -3.260  0.2734E+00  0.1834E+02
  -3.240  0.2706E+00  0.1834E+02
  -3.220  0.2690E+00  0.1835E+02
  -3.200  0.2679E+00  0.1836E+02
  -3.180  0.2670E+00  0.1836E+02
  -3.160  0.2663E+00  0.1837E+02
  -3.140  0.2656E+00  0.1837E+02
  -3.120  0.2650E+00  0.1838E+02
  -3.100  0.2645E+00  0.1838E+02
  -3.080  0.2639E+00  0.1839E+02
  -3.060  0.2635E+00  0.1839E+02
  -3.040  0.2630E+00  0.1840E+02
  -3.020  0.2627E+00  0.1840E+02
  -3.000  0.2623E+00  0.1841E+02
  -2.980  0.2620E+00  0.1841E+02
  -2.960  0.2618E+00  0.1842E+02
  -2.940  0.2615E+00  0.1842E+02
  -2.920  0.2614E+00  0.1843E+02
  -2.900  0.2612E+00  0.1843E+02
  -2.880  0.2611E+00  0.1844E+02
  -2.860  0.2610E+00  0.1844E+02
  -2.840  0.2610E+00  0.1845E+02
  -2.820  0.2610E+00  0.1846E+02
  -2.800  0.2610E+00  0.1846E+02
  -2.780  0.2610E+00  0.1847E+02
  -2.760  0.2611E+00  0.1847E+02
  -2.740  0.2612E+00  0.1848E+02
  -2.720  0.2614E+00  0.1848E+02
  -2.700  0.2615E+00  0.1849E+02
  -2.680  0.2617E+00  0.1849E+02
  -2.660  0.2620E+00  0.1850E+02
  -2.640  0.2622E+00  0.1850E+02
  -2.620  0.2625E+00  0.1851E+02
  -2.600  0.2629E+00  0.1851E+02
  -2.580  0.2632E+00  0.1852E+02
  -2.560  0.2636E+00  0.1852E+02
  -2.540  0.2640E+00  0.1853E+02
  -2.520  0.2645E+00  0.1853E+02
  -2.500  0.2649E+00  0.1854E+02
  -2.480  0.2654E+00  0.1854E+02
  -2.460  0.2660E+00  0.1855E+02
  -2.440  0.2665E+00  0.1856E+02
  -2.420  0.2671E+00  0.1856E+02
  -2.400  0.2678E+00  0.1857E+02
  -2.380  0.2684E+00  0.1857E+02
  -2.360  0.2691E+00  0.1858E+02
  -2.340  0.2699E+00  0.1858E+02
  -2.320  0.2706E+00  0.1859E+02
  -2.300  0.2714E+00  0.1859E+02
  -2.280  0.2723E+00  0.1860E+02
  -2.260  0.2731E+00  0.1860E+02
  -2.240  0.2740E+00  0.1861E+02
  -2.220  0.2750E+00  0.1861E+02
  -2.200  0.2759E+00  0.1862E+02
  -2.180  0.2770E+00  0.1863E+02
  -2.160  0.2780E+00  0.1863E+02
  -2.140  0.2791E+00  0.1864E+02
  -2.120  0.2803E+00  0.1864E+02
  -2.100  0.2815E+00  0.1865E+02
  -2.080  0.2827E+00  0.1865E+02
  -2.060  0.2840E+00  0.1866E+02
  -2.040  0.2853E+00  0.1867E+02
  -2.020  0.2867E+00  0.1867E+02
  -2.000  0.2881E+00  0.1868E+02
  -1.980  0.2896E+00  0.1868E+02
  -1.960  0.2911E+00  0.1869E+02
  -1.940  0.2927E+00  0.1869E+02
  -1.920  0.2944E+00  0.1870E+02
  -1.900  0.2961E+00  0.1871E+02
  -1.880  0.2979E+00  0.1871E+02
  -1.860  0.2997E+00  0.1872E+02
  -1.840  0.3016E+00  0.1872E+02
  -1.820  0.3036E+00  0.1873E+02
  -1.800  0.3057E+00  0.1874E+02
  -1.780  0.3078E+00  0.1874E+02
  -1.760  0.3100E+00  0.1875E+02
  -1.740  0.3123E+00  0.1875E+02
  -1.720  0.3147E+00  0.1876E+02
  -1.700  0.3172E+00  0.1877E+02
  -1.680  0.3198E+00  0.1877E+02
  -1.660  0.3225E+00  0.1878E+02
  -1.640  0.3253E+00  0.1879E+02
  -1.620  0.3282E+00  0.1879E+02
  -1.600  0.3313E+00  0.1880E+02
  -1.580  0.3344E+00  0.1881E+02
  -1.560  0.3378E+00  0.1881E+02
  -1.540  0.3412E+00  0.1882E+02
  -1.520  0.3449E+00  0.1883E+02
  -1.500  0.3488E+00  0.1883E+02
  -1.480  0.3533E+00  0.1884E+02
  -1.460  0.3588E+00  0.1885E+02
  -1.440  0.3664E+00  0.1886E+02
  -1.420  0.3779E+00  0.1886E+02
  -1.400  0.3963E+00  0.1887E+02
  -1.380  0.4254E+00  0.1888E+02
  -1.360  0.4694E+00  0.1889E+02
  -1.340  0.5314E+00  0.1890E+02
  -1.320  0.6116E+00  0.1891E+02
  -1.300  0.7058E+00  0.1893E+02
  -1.280  0.8050E+00  0.1894E+02
  -1.260  0.8974E+00  0.1896E+02
  -1.240  0.9716E+00  0.1898E+02
  -1.220  0.1020E+01  0.1900E+02
  -1.200  0.1040E+01  0.1902E+02
  -1.180  0.1036E+01  0.1904E+02
  -1.160  0.1016E+01  0.1906E+02
  -1.140  0.9892E+00  0.1908E+02
  -1.120  0.9614E+00  0.1910E+02
  -1.100  0.9379E+00  0.1912E+02
  -1.080  0.9205E+00  0.1914E+02
  -1.060  0.9097E+00  0.1916E+02
  -1.040  0.9048E+00  0.1917E+02
  -1.020  0.9050E+00  0.1919E+02
  -1.000  0.9097E+00  0.1921E+02
  -0.980  0.9185E+00  0.1923E+02
  -0.960  0.9313E+00  0.1925E+02
  -0.940  0.9484E+00  0.1927E+02
  -0.920  0.9704E+00  0.1929E+02
  -0.900  0.9991E+00  0.1931E+02
  -0.880  0.1038E+01  0.1933E+02
  -0.860  0.1094E+01  0.1935E+02
  -0.840  0.1177E+01  0.1937E+02
  -0.820  0.1308E+01  0.1940E+02
  -0.800  0.1511E+01  0.1943E+02
  -0.780  0.1812E+01  0.1946E+02
  -0.760  0.2232E+01  0.1951E+02
  -0.740  0.2766E+01  0.1956E+02
  -0.720  0.3370E+01  0.1963E+02
  -0.700  0.3957E+01  0.1971E+02
  -0.680  0.4414E+01  0.1980E+02
  -0.660  0.4629E+01  0.1989E+02
  -0.640  0.4536E+01  0.1998E+02
  -0.620  0.4138E+01  0.2007E+02
  -0.600  0.3512E+01  0.2014E+02
  -0.580  0.2785E+01  0.2019E+02
  -0.560  0.2087E+01  0.2023E+02
  -0.540  0.1526E+01  0.2026E+02
  -0.520  0.1162E+01  0.2029E+02
  -0.500  0.1021E+01  0.2031E+02
  -0.480  0.1093E+01  0.2033E+02
  -0.460  0.1353E+01  0.2036E+02
  -0.440  0.1754E+01  0.2039E+02
  -0.420  0.2236E+01  0.2044E+02
  -0.400  0.2726E+01  0.2049E+02
  -0.380  0.3147E+01  0.2055E+02
  -0.360  0.3441E+01  0.2062E+02
  -0.340  0.3579E+01  0.2069E+02
  -0.320  0.3564E+01  0.2077E+02
  -0.300  0.3430E+01  0.2083E+02
  -0.280  0.3224E+01  0.2090E+02
  -0.260  0.2991E+01  0.2096E+02
  -0.240  0.2765E+01  0.2101E+02
  -0.220  0.2565E+01  0.2106E+02
  -0.200  0.2396E+01  0.2111E+02
  -0.180  0.2259E+01  0.2116E+02
  -0.160  0.2149E+01  0.2120E+02
  -0.140  0.2062E+01  0.2124E+02
  -0.120  0.2000E+01  0.2128E+02
  -0.100  0.1966E+01  0.2132E+02
  -0.080  0.1968E+01  0.2136E+02
  -0.060  0.2018E+01  0.2140E+02
  -0.040  0.2125E+01  0.2144E+02
  -0.020  0.2300E+01  0.2149E+02
  -0.000  0.2544E+01  0.2154E+02
   0.020  0.2855E+01  0.2160E+02
   0.040  0.3232E+01  0.2166E+02
   0.060  0.3677E+01  0.2174E+02
   0.080  0.4199E+01  0.2182E+02
   0.100  0.4805E+01  0.2192E+02
   0.120  0.5496E+01  0.2203E+02
   0.140  0.6250E+01  0.2215E+02
   0.160  0.7023E+01  0.2229E+02
   0.180  0.7760E+01  0.2245E+02
   0.200  0.8400E+01  0.2261E+02
   0.220  0.8898E+01  0.2279E+02
   0.240  0.9221E+01  0.2298E+02
   0.260  0.9357E+01  0.2316E+02
   0.280  0.9312E+01  0.2335E+02
   0.300  0.9104E+01  0.2353E+02
   0.320  0.8769E+01  0.2371E+02
   0.340  0.8352E+01  0.2387E+02
   0.360  0.7901E+01  0.2403E+02
   0.380  0.7455E+01  0.2418E+02
   0.400  0.7045E+01  0.2432E+02
   0.420  0.6683E+01  0.2446E+02
   0.440  0.6373E+01  0.2458E+02
   0.460  0.6109E+01  0.2471E+02
   0.480  0.5884E+01  0.2482E+02
   0.500  0.5690E+01  0.2494E+02
   0.520  0.5520E+01  0.2505E+02
   0.540  0.5369E+01  0.2516E+02
   0.560  0.5234E+01  0.2526E+02
   0.580  0.5110E+01  0.2536E+02
   0.600  0.4997E+01  0.2546E+02
   0.620  0.4893E+01  0.2556E+02
   0.640  0.4797E+01  0.2566E+02
   0.660  0.4707E+01  0.2575E+02
   0.680  0.4623E+01  0.2584E+02
   0.700  0.4544E+01  0.2593E+02
   0.720  0.4470E+01  0.2602E+02
   0.740  0.4400E+01  0.2611E+02
   0.760  0.4334E+01  0.2620E+02
   0.780  0.4272E+01  0.2628E+02
   0.800  0.4213E+01  0.2637E+02
   0.820  0.4156E+01  0.2645E+02
   0.840  0.4102E+01  0.2653E+02
   0.860  0.4051E+01  0.2661E+02
   0.880  0.4002E+01  0.2669E+02
   0.900  0.3955E+01  0.2677E+02
   0.920  0.3910E+01  0.2685E+02
   0.940  0.3867E+01  0.2693E+02
   0.960  0.3826E+01  0.2700E+02
   0.980  0.3787E+01  0.2708E+02
   1.000  0.3749E+01  0.2716E+02
   1.020  0.3714E+01  0.2723E+02
   1.040  0.3680E+01  0.2730E+02
   1.060  0.3648E+01  0.2738E+02
   1.080  0.3616E+01  0.2745E+02
   1.100  0.3586E+01  0.2752E+02
   1.120  0.3557E+01  0.2759E+02
   1.140  0.3528E+01  0.2766E+02
   1.160  0.3500E+01  0.2773E+02
   1.180  0.3471E+01  0.2780E+02
   1.200  0.3444E+01  0.2787E+02
   1.220  0.3416E+01  0.2794E+02
   1.240  0.3390E+01  0.2801E+02
   1.260  0.3363E+01  0.2807E+02
   1.280  0.3338E+01  0.2814E+02
   1.300  0.3313E+01  0.2821E+02
   1.320  0.3289E+01  0.2827E+02
   1.340  0.3265E+01  0.2834E+02
   1.360  0.3242E+01  0.2840E+02
   1.380  0.3219E+01  0.2847E+02
   1.400  0.3198E+01  0.2853E+02
   1.420  0.3176E+01  0.2859E+02
   1.440  0.3156E+01  0.2866E+02
   1.460  0.3135E+01  0.2872E+02
   1.480  0.3116E+01  0.2878E+02
   1.500  0.3096E+01  0.2884E+02
   1.520  0.3078E+01  0.2891E+02
   1.540  0.3060E+01  0.2897E+02
   1.560  0.3042E+01  0.2903E+02
   1.580  0.3025E+01  0.2909E+02
   1.600  0.3008E+01  0.2915E+02
   1.620  0.2992E+01  0.2921E+02
   1.640  0.2976E+01  0.2927E+02
   1.660  0.2961E+01  0.2933E+02
   1.680  0.2946E+01  0.2939E+02
   1.700  0.2932E+01  0.2944E+02
   1.720  0.2918E+01  0.2950E+02
   1.740  0.2905E+01  0.2956E+02
   1.760  0.2893E+01  0.2962E+02
   1.780  0.2882E+01  0.2968E+02
   1.800  0.2871E+01  0.2973E+02
   1.820  0.2863E+01  0.2979E+02
   1.840  0.2856E+01  0.2985E+02
   1.860  0.2853E+01  0.2991E+02
   1.880  0.2852E+01  0.2996E+02
   1.900  0.2856E+01  0.3002E+02
   1.920  0.2862E+01  0.3008E+02
   1.940  0.2868E+01  0.3013E+02
   1.960  0.2871E+01  0.3019E+02
   1.980  0.2863E+01  0.3025E+02
   2.000  0.2838E+01  0.3031E+02
   2.020  0.2790E+01  0.3036E+02
   2.040  0.2718E+01  0.3042E+02
   2.060  0.2625E+01  0.3047E+02
   2.080  0.2520E+01  0.3052E+02
   2.100  0.2414E+01  0.3057E+02
   2.120  0.2317E+01  0.3061E+02
   2.140  0.2236E+01  0.3066E+02
   2.160  0.2174E+01  0.3070E+02
   2.180  0.2130E+01  0.3074E+02
   2.200  0.2100E+01  0.3079E+02
   2.220  0.2080E+01  0.3083E+02
   2.240  0.2066E+01  0.3087E+02
   2.260  0.2055E+01  0.3091E+02
   2.280  0.2046E+01  0.3095E+02
   2.300  0.2038E+01  0.3099E+02
   2.320  0.2031E+01  0.3103E+02
   2.340  0.2024E+01  0.3107E+02
   2.360  0.2018E+01  0.3111E+02
   2.380  0.2011E+01  0.3115E+02
   2.400  0.2005E+01  0.3119E+02
   2.420  0.1999E+01  0.3123E+02
   2.440  0.1994E+01  0.3127E+02
   2.460  0.1989E+01  0.3131E+02
   2.480  0.1983E+01  0.3135E+02
   2.500  0.1979E+01  0.3139E+02
   2.520  0.1974E+01  0.3143E+02
   2.540  0.1970E+01  0.3147E+02
   2.560  0.1967E+01  0.3151E+02
   2.580  0.1963E+01  0.3155E+02
   2.600  0.1960E+01  0.3159E+02
   2.620  0.1958E+01  0.3163E+02
   2.640  0.1956E+01  0.3167E+02
   2.660  0.1954E+01  0.3171E+02
   2.680  0.1953E+01  0.3175E+02
   2.700  0.1953E+01  0.3178E+02
   2.720  0.1953E+01  0.3182E+02
   2.740  0.1955E+01  0.3186E+02
   2.760  0.1957E+01  0.3190E+02
   2.780  0.1960E+01  0.3194E+02
   2.800  0.1964E+01  0.3198E+02
   2.820  0.1969E+01  0.3202E+02
   2.840  0.1976E+01  0.3206E+02
   2.860  0.1985E+01  0.3210E+02
   2.880  0.1997E+01  0.3214E+02
   2.900  0.2011E+01  0.3218E+02
   2.920  0.2028E+01  0.3222E+02
   2.940  0.2051E+01  0.3226E+02
   2.960  0.2080E+01  0.3230E+02
   2.980  0.2118E+01  0.3234E+02
   3.000  0.2168E+01  0.3239E+02
   3.020  0.2233E+01  0.3243E+02
   3.040  0.2318E+01  0.3248E+02
   3.060  0.2420E+01  0.3253E+02
   3.080  0.2536E+01  0.3258E+02
   3.100  0.2653E+01  0.3263E+02
   3.120  0.2750E+01  0.3269E+02
   3.140  0.2805E+01  0.3274E+02
   3.160  0.2795E+01  0.3280E+02
   3.180  0.2711E+01  0.3285E+02
   3.200  0.2558E+01  0.3290E+02
   3.220  0.2356E+01  0.3295E+02
   3.240  0.2137E+01  0.3299E+02
   3.260  0.1930E+01  0.3303E+02
   3.280  0.1755E+01  0.3307E+02
   3.300  0.1625E+01  0.3310E+02
   3.320  0.1536E+01  0.3313E+02
   3.340  0.1481E+01  0.3316E+02
   3.360  0.1450E+01  0.3319E+02
   3.380  0.1434E+01  0.3322E+02
   3.400  0.1427E+01  0.3325E+02
   3.420  0.1425E+01  0.3327E+02
   3.440  0.1426E+01  0.3330E+02
   3.460  0.1429E+01  0.3333E+02
   3.480  0.1435E+01  0.3336E+02
   3.500  0.1443E+01  0.3339E+02
   3.520  0.1454E+01  0.3342E+02
   3.540  0.1467E+01  0.3345E+02
   3.560  0.1479E+01  0.3348E+02
   3.580  0.1488E+01  0.3351E+02
   3.600  0.1489E+01  0.3354E+02
   3.620  0.1476E+01  0.3357E+02
   3.640  0.1449E+01  0.3360E+02
   3.660  0.1406E+01  0.3362E+02
   3.680  0.1352E+01  0.3365E+02
   3.700  0.1292E+01  0.3368E+02
   3.720  0.1235E+01  0.3370E+02
   3.740  0.1184E+01  0.3372E+02
   3.760  0.1144E+01  0.3375E+02
   3.780  0.1116E+01  0.3377E+02
   3.800  0.1096E+01  0.3379E+02
   3.820  0.1084E+01  0.3381E+02
   3.840  0.1077E+01  0.3384E+02
   3.860  0.1072E+01  0.3386E+02
   3.880  0.1069E+01  0.3388E+02
   3.900  0.1066E+01  0.3390E+02
   3.920  0.1064E+01  0.3392E+02
   3.940  0.1063E+01  0.3394E+02
   3.960  0.1062E+01  0.3396E+02
   3.980  0.1063E+01  0.3398E+02
   4.000  0.1067E+01  0.3401E+02
   4.020  0.1077E+01  0.3403E+02
   4.040  0.1094E+01  0.3405E+02
   4.060  0.1120E+01  0.3407E+02
   4.080  0.1159E+01  0.3409E+02
   4.100  0.1207E+01  0.3412E+02
   4.120  0.1263E+01  0.3414E+02
   4.140  0.1319E+01  0.3417E+02
   4.160  0.1369E+01  0.3420E+02
   4.180  0.1408E+01  0.3423E+02
   4.200  0.1432E+01  0.3425E+02
   4.220  0.1441E+01  0.3428E+02
   4.240  0.1441E+01  0.3431E+02
   4.260  0.1434E+01  0.3434E+02
   4.280  0.1426E+01  0.3437E+02
   4.300  0.1422E+01  0.3440E+02
   4.320  0.1423E+01  0.3443E+02
   4.340  0.1431E+01  0.3445E+02
   4.360  0.1448E+01  0.3448E+02
   4.380  0.1474E+01  0.3451E+02
   4.400  0.1510E+01  0.3454E+02
   4.420  0.1556E+01  0.3457E+02
   4.440  0.1613E+01  0.3461E+02
   4.460  0.1680E+01  0.3464E+02
   4.480  0.1752E+01  0.3468E+02
   4.500  0.1824E+01  0.3471E+02
   4.520  0.1887E+01  0.3475E+02
   4.540  0.1932E+01  0.3479E+02
   4.560  0.1948E+01  0.3483E+02
   4.580  0.1930E+01  0.3487E+02
   4.600  0.1880E+01  0.3490E+02
   4.620  0.1805E+01  0.3494E+02
   4.640  0.1721E+01  0.3497E+02
   4.660  0.1643E+01  0.3501E+02
   4.680  0.1581E+01  0.3504E+02
   4.700  0.1541E+01  0.3507E+02
   4.720  0.1516E+01  0.3510E+02
   4.740  0.1495E+01  0.3513E+02
   4.760  0.1461E+01  0.3516E+02
   4.780  0.1403E+01  0.3519E+02
   4.800  0.1315E+01  0.3521E+02
   4.820  0.1200E+01  0.3524E+02
   4.840  0.1070E+01  0.3526E+02
   4.860  0.9395E+00  0.3528E+02
   4.880  0.8236E+00  0.3529E+02
   4.900  0.7307E+00  0.3531E+02
   4.920  0.6638E+00  0.3532E+02
   4.940  0.6203E+00  0.3533E+02
   4.960  0.5953E+00  0.3535E+02
   4.980  0.5832E+00  0.3536E+02
   5.000  0.5794E+00  0.3537E+02
   5.020  0.5809E+00  0.3538E+02
   5.040  0.5861E+00  0.3539E+02
   5.060  0.5940E+00  0.3540E+02
   5.080  0.6038E+00  0.3542E+02
   5.100  0.6150E+00  0.3543E+02
   5.120  0.6266E+00  0.3544E+02
   5.140  0.6373E+00  0.3545E+02
   5.160  0.6460E+00  0.3547E+02
   5.180  0.6517E+00  0.3548E+02
   5.200  0.6537E+00  0.3549E+02
   5.220  0.6520E+00  0.3551E+02
   5.240  0.6472E+00  0.3552E+02
   5.260  0.6400E+00  0.3553E+02
   5.280  0.6314E+00  0.3554E+02
   5.300  0.6222E+00  0.3556E+02
   5.320  0.6133E+00  0.3557E+02
   5.340  0.6051E+00  0.3558E+02
   5.360  0.5977E+00  0.3559E+02
   5.380  0.5912E+00  0.3561E+02
   5.400  0.5856E+00  0.3562E+02
   5.420  0.5808E+00  0.3563E+02
   5.440  0.5766E+00  0.3564E+02
   5.460  0.5731E+00  0.3565E+02
   5.480  0.5700E+00  0.3566E+02
   5.500  0.5674E+00  0.3567E+02
   5.520  0.5651E+00  0.3569E+02
   5.540  0.5633E+00  0.3570E+02
   5.560  0.5618E+00  0.3571E+02
   5.580  0.5606E+00  0.3572E+02
   5.600  0.5598E+00  0.3573E+02
   5.620  0.5595E+00  0.3574E+02
   5.640  0.5597E+00  0.3575E+02
   5.660  0.5605E+00  0.3576E+02
   5.680  0.5622E+00  0.3578E+02
   5.700  0.5650E+00  0.3579E+02
   5.720  0.5691E+00  0.3580E+02
   5.740  0.5745E+00  0.3581E+02
   5.760  0.5808E+00  0.3582E+02
   5.780  0.5870E+00  0.3583E+02
   5.800  0.5913E+00  0.3584E+02
   5.820  0.5911E+00  0.3586E+02
   5.840  0.5840E+00  0.3587E+02
   5.860  0.5682E+00  0.3588E+02
   5.880  0.5439E+00  0.3589E+02
   5.900  0.5131E+00  0.3590E+02
   5.920  0.4793E+00  0.3591E+02
   5.940  0.4470E+00  0.3592E+02
   5.960  0.4196E+00  0.3593E+02
   5.980  0.3993E+00  0.3594E+02
   6.000  0.3859E+00  0.3594E+02
   6.020  0.3773E+00  0.3595E+02
   6.040  0.3700E+00  0.3596E+02
   6.060  0.3598E+00  0.3597E+02
   6.080  0.3425E+00  0.3597E+02
   6.100  0.3156E+00  0.3598E+02
   6.120  0.2786E+00  0.3598E+02
   6.140  0.2335E+00  0.3599E+02
   6.160  0.1846E+00  0.3599E+02
   6.180  0.1369E+00  0.3600E+02
   6.200  0.9479E-01  0.3600E+02
   6.220  0.6108E-01  0.3600E+02
   6.240  0.3653E-01  0.3600E+02
   6.260  0.2023E-01  0.3600E+02
   6.280  0.1035E-01  0.3600E+02
   6.300  0.4894E-02  0.3600E+02
   6.320  0.2133E-02  0.3600E+02
   6.340  0.8567E-03  0.3600E+02
   6.360  0.3168E-03  0.3600E+02
   6.380  0.1078E-03  0.3600E+02
   6.400  0.3372E-04  0.3600E+02
   6.420  0.9698E-05  0.3600E+02
   6.440  0.2563E-05  0.3600E+02
   6.460  0.6221E-06  0.3600E+02
   6.480  0.1387E-06  0.3600E+02
   6.500  0.2838E-07  0.3600E+02
   6.520  0.5330E-08  0.3600E+02
   6.540  0.9186E-09  0.3600E+02
   6.560  0.1453E-09  0.3600E+02
   6.580  0.2107E-10  0.3600E+02
   6.600  0.2803E-11  0.3600E+02
   6.620  0.3419E-12  0.3600E+02
   6.640  0.3825E-13  0.3600E+02
   6.660  0.3922E-14  0.3600E+02
   6.680  0.3687E-15  0.3600E+02
   6.700  0.3177E-16  0.3600E+02
   6.720  0.2510E-17  0.3600E+02
   6.740  0.1816E-18  0.3600E+02
   6.760  0.1205E-19  0.3600E+02
   6.780  0.7324E-21  0.3600E+02
   6.800  0.4079E-22  0.3600E+02
   6.820  0.2081E-23  0.3600E+02
   6.840  0.9730E-25  0.3600E+02
   6.860  0.4167E-26  0.3600E+02
   6.880  0.1635E-27  0.3600E+02
   6.900  0.5877E-29  0.3600E+02
   6.920  0.1935E-30  0.3600E+02
   6.940  0.5835E-32  0.3600E+02
   6.960  0.1612E-33  0.3600E+02
   6.980  0.4078E-35  0.3600E+02
   7.000  0.9451E-37  0.3600E+02
   7.020  0.2006E-38  0.3600E+02
   7.040  0.3900E-40  0.3600E+02
   7.060  0.6942E-42  0.3600E+02
   7.080  0.1132E-43  0.3600E+02
   7.100  0.1690E-45  0.3600E+02
   7.120  0.2311E-47  0.3600E+02
   7.140  0.2895E-49  0.3600E+02
   7.160  0.3320E-51  0.3600E+02
   7.180  0.3487E-53  0.3600E+02
   7.200  0.3353E-55  0.3600E+02
   7.220  0.2954E-57  0.3600E+02
   7.240  0.2382E-59  0.3600E+02
   7.260  0.1759E-61  0.3600E+02
   7.280  0.1190E-63  0.3600E+02
   7.300  0.7370E-66  0.3600E+02
   7.320  0.4179E-68  0.3600E+02
   7.340  0.2170E-70  0.3600E+02
   7.360  0.1032E-72  0.3600E+02
   7.380  0.4494E-75  0.3600E+02
   7.400  0.1792E-77  0.3600E+02
   7.420  0.6543E-80  0.3600E+02
   7.440  0.2217E-82  0.3600E+02
   7.460  0.3619E-84  0.3600E+02
   7.480  0.2953E-84  0.3600E+02
   7.500  0.2951E-84  0.3600E+02
   7.520  0.2951E-84  0.3600E+02
   7.540  0.2951E-84  0.3600E+02
   7.560  0.2951E-84  0.3600E+02
   7.580  0.2951E-84  0.3600E+02
   7.600  0.2951E-84  0.3600E+02
   7.620  0.2951E-84  0.3600E+02
   7.640  0.2951E-84  0.3600E+02
   7.660  0.2951E-84  0.3600E+02
   7.680  0.2951E-84  0.3600E+02
   7.700  0.2951E-84  0.3600E+02
   7.720  0.2951E-84  0.3600E+02
   7.740  0.2951E-84  0.3600E+02
   7.760  0.2951E-84  0.3600E+02
   7.780  0.2951E-84  0.3600E+02
   7.800  0.2951E-84  0.3600E+02
   7.820  0.2951E-84  0.3600E+02
   7.840  0.2951E-84  0.3600E+02
   7.860  0.2951E-84  0.3600E+02
   7.880  0.2951E-84  0.3600E+02
   7.900  0.2951E-84  0.3600E+02
   7.920  0.2951E-84  0.3600E+02
   7.940  0.2951E-84  0.3600E+02
   7.960  0.2951E-84  0.3600E+02
   7.980  0.2951E-84  0.3600E+02
   8.000  0.2951E-84  0.3600E+02
   8.020  0.2951E-84  0.3600E+02
   8.040  0.2951E-84  0.3600E+02
   8.060  0.2951E-84  0.3600E+02
   8.080  0.2951E-84  0.3600E+02
   8.100  0.2951E-84  0.3600E+02
   8.120  0.2951E-84  0.3600E+02
   8.140  0.2951E-84  0.3600E+02
   8.160  0.2951E-84  0.3600E+02
   8.180  0.2951E-84  0.3600E+02
   8.200  0.2951E-84  0.3600E+02
   8.220  0.2951E-84  0.3600E+02
   8.240  0.2951E-84  0.3600E+02
   8.260  0.2951E-84  0.3600E+02
   8.280  0.2951E-84  0.3600E+02
   8.300  0.2951E-84  0.3600E+02
   8.320  0.2951E-84  0.3600E+02
   8.340  0.2951E-84  0.3600E+02
   8.360  0.2951E-84  0.3600E+02
   8.380  0.2951E-84  0.3600E+02
   8.400  0.2951E-84  0.3600E+02
   8.420  0.2951E-84  0.3600E+02
   8.440  0.2951E-84  0.3600E+02
   8.460  0.2951E-84  0.3600E+02
   8.480  0.2951E-84  0.3600E+02
   8.500  0.2951E-84  0.3600E+02
   8.520  0.2951E-84  0.3600E+02
   8.540  0.2951E-84  0.3600E+02
   8.560  0.2951E-84  0.3600E+02
   8.580  0.2951E-84  0.3600E+02
   8.600  0.2951E-84  0.3600E+02
   8.620  0.2951E-84  0.3600E+02
   8.640  0.2951E-84  0.3600E+02
   8.660  0.2951E-84  0.3600E+02
   8.680  0.2951E-84  0.3600E+02
   8.700  0.2951E-84  0.3600E+02
   8.720  0.2951E-84  0.3600E+02
   8.740  0.2951E-84  0.3600E+02
   8.760  0.2951E-84  0.3600E+02
   8.780  0.2951E-84  0.3600E+02
   8.800  0.2951E-84  0.3600E+02
   8.820  0.2951E-84  0.3600E+02
   8.840  0.2951E-84  0.3600E+02
   8.860  0.2951E-84  0.3600E+02
   8.880  0.2951E-84  0.3600E+02
   8.900  0.2951E-84  0.3600E+02
   8.920  0.2951E-84  0.3600E+02
   8.940  0.2951E-84  0.3600E+02
   8.960  0.2951E-84  0.3600E+02
   8.980  0.2951E-84  0.3600E+02
   9.000  0.2951E-84  0.3600E+02
   9.020  0.2951E-84  0.3600E+02
   9.040  0.2951E-84  0.3600E+02
   9.060  0.2951E-84  0.3600E+02
   9.080  0.2951E-84  0.3600E+02
   9.100  0.2951E-84  0.3600E+02
   9.120  0.2951E-84  0.3600E+02
   9.140  0.2951E-84  0.3600E+02
   9.160  0.2951E-84  0.3600E+02
   9.180  0.2951E-84  0.3600E+02
   9.200  0.2951E-84  0.3600E+02
   9.220  0.2951E-84  0.3600E+02
   9.240  0.2951E-84  0.3600E+02
   9.260  0.2951E-84  0.3600E+02
   9.280  0.2951E-84  0.3600E+02
   9.300  0.2951E-84  0.3600E+02
   9.320  0.2951E-84  0.3600E+02
   9.340  0.2951E-84  0.3600E+02
   9.360  0.2951E-84  0.3600E+02
   9.380  0.2951E-84  0.3600E+02
   9.400  0.2951E-84  0.3600E+02
   9.420  0.2951E-84  0.3600E+02
   9.440  0.2951E-84  0.3600E+02
   9.460  0.2951E-84  0.3600E+02
   9.480  0.2951E-84  0.3600E+02
   9.500  0.2951E-84  0.3600E+02
   9.520  0.2951E-84  0.3600E+02
   9.540  0.2951E-84  0.3600E+02
   9.560  0.2951E-84  0.3600E+02
   9.580  0.2951E-84  0.3600E+02
   9.600  0.2951E-84  0.3600E+02
   9.620  0.2951E-84  0.3600E+02
   9.640  0.2951E-84  0.3600E+02
   9.660  0.2951E-84  0.3600E+02
   9.680  0.2951E-84  0.3600E+02
   9.700  0.2951E-84  0.3600E+02
   9.720  0.2951E-84  0.3600E+02
   9.740  0.2951E-84  0.3600E+02
   9.760  0.2951E-84  0.3600E+02
   9.780  0.2951E-84  0.3600E+02
   9.800  0.2951E-84  0.3600E+02
   9.820  0.2951E-84  0.3600E+02
   9.840  0.2951E-84  0.3600E+02
   9.860  0.2951E-84  0.3600E+02
   9.880  0.2951E-84  0.3600E+02
   9.900  0.2951E-84  0.3600E+02
   9.920  0.2951E-84  0.3600E+02
   9.940  0.2951E-84  0.3600E+02
   9.960  0.2951E-84  0.3600E+02
   9.980  0.2951E-84  0.3600E+02
  10.000  0.2951E-84  0.3600E+02
  10.020  0.2951E-84  0.3600E+02
  10.040  0.2951E-84  0.3600E+02
  10.060  0.2951E-84  0.3600E+02
  10.080  0.2951E-84  0.3600E+02
  10.100  0.2951E-84  0.3600E+02
  10.120  0.2951E-84  0.3600E+02
  10.140  0.2951E-84  0.3600E+02
  10.160  0.2951E-84  0.3600E+02
  10.180  0.2951E-84  0.3600E+02
  10.200  0.2951E-84  0.3600E+02
  10.220  0.2951E-84  0.3600E+02
  10.240  0.2951E-84  0.3600E+02
  10.260  0.2951E-84  0.3600E+02
  10.280  0.2951E-84  0.3600E+02
  10.300  0.2951E-84  0.3600E+02
  10.320  0.2951E-84  0.3600E+02
  10.340  0.2951E-84  0.3600E+02
  10.360  0.2951E-84  0.3600E+02
  10.380  0.2951E-84  0.3600E+02
  10.400  0.2951E-84  0.3600E+02
  10.420  0.2951E-84  0.3600E+02
  10.440  0.2951E-84  0.3600E+02
  10.460  0.2951E-84  0.3600E+02
  10.480  0.2951E-84  0.3600E+02
  10.500  0.2951E-84  0.3600E+02
  10.520  0.2951E-84  0.3600E+02
  10.540  0.2951E-84  0.3600E+02
  10.560  0.2951E-84  0.3600E+02
  10.580  0.2951E-84  0.3600E+02
  10.600  0.2951E-84  0.3600E+02
  10.620  0.2951E-84  0.3600E+02
  10.640  0.2951E-84  0.3600E+02
  10.660  0.2951E-84  0.3600E+02
  10.680  0.2951E-84  0.3600E+02
  10.700  0.2951E-84  0.3600E+02
  10.720  0.2951E-84  0.3600E+02
  10.740  0.2951E-84  0.3600E+02
  10.760  0.2951E-84  0.3600E+02
  10.780  0.2951E-84  0.3600E+02
  10.800  0.2951E-84  0.3600E+02
  10.820  0.2951E-84  0.3600E+02
  10.840  0.2951E-84  0.3600E+02
  10.860  0.2951E-84  0.3600E+02
  10.880  0.2951E-84  0.3600E+02
  10.900  0.2951E-84  0.3600E+02
  10.920  0.2951E-84  0.3600E+02
  10.940  0.2951E-84  0.3600E+02
  10.960  0.2951E-84  0.3600E+02
  10.980  0.2951E-84  0.3600E+02
  11.000  0.2951E-84  0.3600E+02
  11.020  0.2951E-84  0.3600E+02
  11.040  0.2951E-84  0.3600E+02
  11.060  0.2951E-84  0.3600E+02
  11.080  0.2951E-84  0.3600E+02
  11.100  0.2951E-84  0.3600E+02
  11.120  0.2951E-84  0.3600E+02
  11.140  0.2951E-84  0.3600E+02
  11.160  0.2951E-84  0.3600E+02
  11.180  0.2951E-84  0.3600E+02
  11.200  0.2951E-84  0.3600E+02
  11.220  0.2951E-84  0.3600E+02
  11.240  0.2951E-84  0.3600E+02
  11.260  0.2951E-84  0.3600E+02
  11.280  0.2951E-84  0.3600E+02
  11.300  0.2951E-84  0.3600E+02
  11.320  0.2951E-84  0.3600E+02
  11.340  0.2951E-84  0.3600E+02
  11.360  0.2951E-84  0.3600E+02
  11.380  0.2951E-84  0.3600E+02
  11.400  0.2951E-84  0.3600E+02
  11.420  0.2951E-84  0.3600E+02
  11.440  0.2951E-84  0.3600E+02
  11.460  0.2951E-84  0.3600E+02
  11.480  0.2951E-84  0.3600E+02
  11.500  0.2951E-84  0.3600E+02
  11.520  0.2951E-84  0.3600E+02
  11.540  0.2951E-84  0.3600E+02
  11.560  0.2951E-84  0.3600E+02
  11.580  0.2951E-84  0.3600E+02
  11.600  0.2951E-84  0.3600E+02
  11.620  0.2951E-84  0.3600E+02
  11.640  0.2951E-84  0.3600E+02
  11.660  0.2951E-84  0.3600E+02
  11.680  0.2951E-84  0.3600E+02
  11.700  0.2951E-84  0.3600E+02
  11.720  0.2951E-84  0.3600E+02
  11.740  0.2951E-84  0.3600E+02
  11.760  0.2951E-84  0.3600E+02
  11.780  0.2951E-84  0.3600E+02
  11.800  0.2951E-84  0.3600E+02
  11.820  0.2951E-84  0.3600E+02
  11.840  0.2951E-84  0.3600E+02
  11.860  0.2951E-84  0.3600E+02
  11.880  0.2951E-84  0.3600E+02
  11.900  0.2951E-84  0.3600E+02
  11.920  0.2951E-84  0.3600E+02
  11.940  0.2951E-84  0.3600E+02
  11.960  0.2951E-84  0.3600E+02
  11.980  0.2951E-84  0.3600E+02
  12.000  0.2951E-84  0.3600E+02
  12.020  0.2951E-84  0.3600E+02
  12.040  0.2951E-84  0.3600E+02
  12.060  0.2951E-84  0.3600E+02
  12.080  0.2951E-84  0.3600E+02
  12.100  0.2951E-84  0.3600E+02
  12.120  0.2951E-84  0.3600E+02
  12.140  0.2951E-84  0.3600E+02
  12.160  0.2951E-84  0.3600E+02
  12.180  0.2951E-84  0.3600E+02
  12.200  0.2951E-84  0.3600E+02
  12.220  0.2951E-84  0.3600E+02
  12.240  0.2951E-84  0.3600E+02
  12.260  0.2951E-84  0.3600E+02
  12.280  0.2951E-84  0.3600E+02
  12.300  0.2951E-84  0.3600E+02
  12.320  0.2951E-84  0.3600E+02
  12.340  0.2951E-84  0.3600E+02
  12.360  0.2951E-84  0.3600E+02
  12.380  0.2951E-84  0.3600E+02
  12.400  0.2951E-84  0.3600E+02
  12.420  0.2951E-84  0.3600E+02
  12.440  0.2951E-84  0.3600E+02
  12.460  0.2951E-84  0.3600E+02
  12.480  0.2951E-84  0.3600E+02
  12.500  0.2951E-84  0.3600E+02
  12.520  0.2951E-84  0.3600E+02
  12.540  0.2951E-84  0.3600E+02
  12.560  0.2951E-84  0.3600E+02
  12.580  0.2951E-84  0.3600E+02
  12.600  0.2951E-84  0.3600E+02
  12.620  0.2951E-84  0.3600E+02
  12.640  0.2951E-84  0.3600E+02
  12.660  0.2951E-84  0.3600E+02
  12.680  0.2951E-84  0.3600E+02
  12.700  0.2951E-84  0.3600E+02
  12.720  0.2951E-84  0.3600E+02
  12.740  0.2951E-84  0.3600E+02
  12.760  0.2951E-84  0.3600E+02
  12.780  0.2951E-84  0.3600E+02
  12.800  0.2951E-84  0.3600E+02
  12.820  0.2951E-84  0.3600E+02
  12.840  0.2951E-84  0.3600E+02
  12.860  0.2951E-84  0.3600E+02
  12.880  0.2951E-84  0.3600E+02
  12.900  0.2951E-84  0.3600E+02
  12.920  0.2951E-84  0.3600E+02
  12.940  0.2951E-84  0.3600E+02
  12.960  0.2951E-84  0.3600E+02
  12.980  0.2951E-84  0.3600E+02
  13.000  0.2951E-84  0.3600E+02
  13.020  0.2951E-84  0.3600E+02
  13.040  0.2951E-84  0.3600E+02
  13.060  0.2951E-84  0.3600E+02
  13.080  0.2951E-84  0.3600E+02
  13.100  0.2951E-84  0.3600E+02
  13.120  0.2951E-84  0.3600E+02
  13.140  0.2951E-84  0.3600E+02
  13.160  0.2951E-84  0.3600E+02
  13.180  0.2951E-84  0.3600E+02
  13.200  0.2951E-84  0.3600E+02
  13.220  0.2951E-84  0.3600E+02
  13.240  0.2951E-84  0.3600E+02
  13.260  0.2951E-84  0.3600E+02
  13.280  0.2951E-84  0.3600E+02
  13.300  0.2951E-84  0.3600E+02
  13.320  0.2951E-84  0.3600E+02
  13.340  0.2951E-84  0.3600E+02
  13.360  0.2951E-84  0.3600E+02
  13.380  0.2951E-84  0.3600E+02
  13.400  0.2951E-84  0.3600E+02
  13.420  0.2951E-84  0.3600E+02
  13.440  0.2951E-84  0.3600E+02
  13.460  0.2951E-84  0.3600E+02
  13.480  0.2951E-84  0.3600E+02
  13.500  0.2951E-84  0.3600E+02
  13.520  0.2951E-84  0.3600E+02
  13.540  0.2951E-84  0.3600E+02
  13.560  0.2951E-84  0.3600E+02
  13.580  0.2951E-84  0.3600E+02
  13.600  0.2951E-84  0.3600E+02
  13.620  0.2951E-84  0.3600E+02
  13.640  0.2951E-84  0.3600E+02
  13.660  0.2951E-84  0.3600E+02
  13.680  0.2951E-84  0.3600E+02
  13.700  0.2951E-84  0.3600E+02
  13.720  0.2951E-84  0.3600E+02
  13.740  0.2951E-84  0.3600E+02
  13.760  0.2951E-84  0.3600E+02
  13.780  0.2951E-84  0.3600E+02
  13.800  0.2951E-84  0.3600E+02
  13.820  0.2951E-84  0.3600E+02
  13.840  0.2951E-84  0.3600E+02
  13.860  0.2951E-84  0.3600E+02
  13.880  0.2951E-84  0.3600E+02
  13.900  0.2951E-84  0.3600E+02
  13.920  0.2951E-84  0.3600E+02
  13.940  0.2951E-84  0.3600E+02
  13.960  0.2951E-84  0.3600E+02
  13.980  0.2951E-84  0.3600E+02
  14.000  0.2951E-84  0.3600E+02
  14.020  0.2951E-84  0.3600E+02
  14.040  0.2951E-84  0.3600E+02
  14.060  0.2951E-84  0.3600E+02
  14.080  0.2951E-84  0.3600E+02
  14.100  0.2951E-84  0.3600E+02
  14.120  0.2951E-84  0.3600E+02
  14.140  0.2951E-84  0.3600E+02
  14.160  0.2951E-84  0.3600E+02
  14.180  0.2951E-84  0.3600E+02
  14.200  0.2951E-84  0.3600E+02
  14.220  0.2951E-84  0.3600E+02
  14.240  0.2951E-84  0.3600E+02
  14.260  0.2951E-84  0.3600E+02
  14.280  0.2951E-84  0.3600E+02
  14.300  0.2951E-84  0.3600E+02
  14.320  0.2951E-84  0.3600E+02
  14.340  0.2951E-84  0.3600E+02
  14.360  0.2951E-84  0.3600E+02
  14.380  0.2951E-84  0.3600E+02
  14.400  0.2951E-84  0.3600E+02
  14.420  0.2951E-84  0.3600E+02
  14.440  0.2951E-84  0.3600E+02
  14.460  0.2951E-84  0.3600E+02
  14.480  0.2951E-84  0.3600E+02
  14.500  0.2951E-84  0.3600E+02
  14.520  0.2951E-84  0.3600E+02
  14.540  0.2951E-84  0.3600E+02
  14.560  0.2951E-84  0.3600E+02
  14.580  0.2951E-84  0.3600E+02
  14.600  0.2951E-84  0.3600E+02
  14.620  0.2951E-84  0.3600E+02
  14.640  0.2951E-84  0.3600E+02
  14.660  0.2951E-84  0.3600E+02
  14.680  0.2951E-84  0.3600E+02
  14.700  0.2951E-84  0.3600E+02
  14.720  0.2951E-84  0.3600E+02
  14.740  0.2951E-84  0.3600E+02
  14.760  0.2951E-84  0.3600E+02
  14.780  0.2951E-84  0.3600E+02
  14.800  0.2951E-84  0.3600E+02
  14.820  0.2951E-84  0.3600E+02
  14.840  0.2951E-84  0.3600E+02
  14.860  0.2951E-84  0.3600E+02
  14.880  0.2951E-84  0.3600E+02
  14.900  0.2951E-84  0.3600E+02
  14.920  0.2951E-84  0.3600E+02
  14.940  0.2951E-84  0.3600E+02
  14.960  0.2951E-84  0.3600E+02
  14.980  0.2951E-84  0.3600E+02
  15.000  0.2951E-84  0.3600E+02
