    0.000000000    0.147370438    0.147368036
    0.094486306    0.147728076    0.147735396
    0.188972612    0.148119764    0.148108173
    0.283458919    0.148459467    0.148470556
    0.377945225    0.148847886    0.148841557
    0.472431531    0.149207892    0.149207475
    0.566917837    0.149568472    0.149574859
    0.661404143    0.149952988    0.149943532
    0.755890450    0.150300703    0.150309483
    0.850376756    0.150683242    0.150678250
    0.944863062    0.151045344    0.151045107
    1.039349368    0.151407646    0.151412509
    1.133835674    0.151787912    0.151780634
    1.228321981    0.152140463    0.152147271
    1.322808287    0.152519393    0.152515492
    1.417294593    0.152882793    0.152882617
    1.511780899    0.153246208    0.153250032
    1.606267205    0.153623713    0.153617947
    1.700753511    0.153979443    0.153984866
    1.795239818    0.154355974    0.154352848
    1.889726124    0.154720238    0.154720095
    1.984212430    0.155084426    0.155087520
    2.078698736    0.155460015    0.155455324
    2.173185042    0.155817964    0.155822394
    2.267671349    0.156192811    0.156190245
    2.362157655    0.156557681    0.156557559
    2.456643961    0.156922432    0.156924992
    2.551130267    0.157296628    0.157292727
    2.645616573    0.157656197    0.157659889
    2.740102880    0.158029811    0.158027658
    2.834589186    0.158395118    0.158395011
    2.929075492    0.158760300    0.158762450
    3.023561798    0.159133443    0.159130137
    3.118048104    0.159494237    0.159497359
    3.212534411    0.159866917    0.159865070
    3.307020717    0.160232549    0.160232448
    3.401507023    0.160598072    0.160599888
    3.495993329    0.160970392    0.160967537
    3.590479635    0.161332138    0.161334799
    3.684965942    0.161704094    0.161702465
    3.779452248    0.162069968    0.162069855
    3.873938554    0.162435770    0.162437293
    3.968424860    0.162807427    0.162804906
    4.062911166    0.163169930    0.163172189
    4.157397473    0.163541309    0.163539814
    4.251883779    0.163907356    0.163907200
    4.346370085    0.164273388    0.164274625
    4.440856391    0.164644489    0.164642195
    4.535342697    0.165007598    0.165009478
    4.629829003    0.165378503    0.165377049
    4.724315310    0.165744675    0.165744408
    4.818801616    0.166110904    0.166111792
    4.913287922    0.166481527    0.166479293
    5.007774228    0.166845129    0.166846533
    5.102260534    0.167215634    0.167214012
    5.196746841    0.167581873    0.167581287
    5.291233147    0.167948260    0.167948568
    5.385719453    0.168318439    0.168315927
    5.480205759    0.168682425    0.168683031
    5.574692065    0.169052559    0.169050314
    5.669178372    0.169418788    0.169417375
    5.763664678    0.169785271    0.169784402
    5.858150984    0.170154986    0.170151438
    5.952637290    0.170519218    0.170518185
    6.047123596    0.170888943    0.170885016
    6.141609903    0.171255021    0.171251551
    6.236096209    0.171621467    0.171617953
    6.330582515    0.171990593    0.171984223
    6.425068821    0.172354840    0.172350083
    6.519555127    0.172723980    0.172715830
    6.614041434    0.173089612    0.173081082
    6.708527740    0.173455707    0.173445957
    6.803014046    0.173823881    0.173810386
    6.897500352    0.174187651    0.174174070
    6.991986658    0.174555700    0.174537202
    7.086472964    0.174920208    0.174899339
    7.180959271    0.175285194    0.175260503
    7.275445577    0.175651499    0.175620488
    7.369931883    0.176013664    0.175978891
    7.464418189    0.176379337    0.176335709
    7.558904495    0.176741106    0.176690318
    7.653390802    0.177103116    0.177042517
    7.747877108    0.177465298    0.177391793
    7.842363414    0.177823160    0.177737453
    7.936849720    0.178183290    0.178079074
    8.031336026    0.178538466    0.178415575
    8.125822333    0.178892979    0.178746222
    8.220308639    0.179245579    0.179069807
    8.314794945    0.179592632    0.179384896
    8.409281251    0.179939506    0.179690113
    8.503767557    0.180278812    0.179983276
    8.598253864    0.180614894    0.180262373
    8.692740170    0.180944801    0.180524593
    8.787226476    0.181265471    0.180766707
    8.881712782    0.181580566    0.180985121
    8.976199088    0.181881822    0.181175033
    9.070685395    0.182173208    0.181331383
    9.165171701    0.182449022    0.181447614
    9.259658007    0.182706043    0.181516183
    9.354144313    0.182945086    0.181528279
    9.448630619    0.183155522    0.181472896
    9.543116926    0.183339681    0.181337703
    9.637603232    0.183486825    0.181107309
    9.732089538    0.183591641    0.180763854
    9.826575844    0.183649385    0.180286140
    9.921062150    0.183643739    0.179648401
   10.015548456    0.183572209    0.178820951
   10.110034763    0.183414025    0.177767463
   10.204521069    0.183157034    0.176445490
   10.299007375    0.182784495    0.174804465
   10.393493681    0.182266615    0.172783651
   10.487979987    0.181587961    0.170312230
   10.582466294    0.180706279    0.167304598
   10.676952600    0.179590938    0.163660494
   10.771438906    0.178198130    0.159260807
   10.865925212    0.176466402    0.153963666
   10.960411518    0.174347492    0.147603563
   11.054897825    0.171750769    0.139982476
   11.149384131    0.168598461    0.130869647
   11.243870437    0.164783508    0.119993491
   11.338356743    0.160169608    0.107032109
   11.432843049    0.154627850    0.091614740
   11.527329356    0.147956773    0.073308457
   11.621815662    0.139963627    0.051612837
   11.716301968    0.130393699    0.025976381
   11.810788274    0.118935318   -0.004172347
   11.905274580    0.105267787   -0.039544885
   11.999760887    0.088936625   -0.081271202
   12.094247193    0.069481796   -0.130745117
   12.188733499    0.046315746   -0.188994658
   12.283219805    0.018733720   -0.256283506
   12.377706111   -0.014007678   -0.332022862
   12.472192418   -0.052914026   -0.414843931
   12.566678724   -0.099010866   -0.502881639
   12.661165030   -0.153569201   -0.594042632
   12.755651336   -0.218153459   -0.686155576
   12.850137642   -0.294294701   -0.777041251
   12.944623948   -0.383922556   -0.864519631
   13.039110255   -0.489150208   -0.946479281
   13.133596561   -0.611573100   -1.021027706
   13.228082867   -0.751826079   -1.086758062
   13.322569173   -0.914282055   -1.143031659
   13.417055479   -1.111927850   -1.190049688
   13.511541786   -1.352985087   -1.228762050
   13.606028092   -1.626144855   -1.260467854
   13.700514398   -1.907756148   -1.286182451
   13.795000704   -2.171453636   -1.306479207
   13.889487010   -2.393105630   -1.321766130
   13.983973317   -2.557418204   -1.332398734
   14.078459623   -2.657392319   -1.338647235
   14.172945929   -2.690717757   -1.340673139
   14.267432235   -2.657286316   -1.338524976
   14.361918541   -2.557201912   -1.332152249
   14.456404848   -2.392792375   -1.321392262
   14.550891154   -2.171037551   -1.305972469
   14.645377460   -1.907247356   -1.285536323
   14.739863766   -1.625546178   -1.259674162
   14.834350072   -1.352291103   -1.227811094
   14.928836379   -1.111146590   -1.188931152
   15.023322685   -0.913398129   -1.141733546
   15.117808991   -0.750836761   -1.085268056
   15.212295297   -0.610465742   -1.019332568
   15.306781603   -0.487902289   -0.944564941
   15.401267910   -0.382524744   -0.862372053
   15.495754216   -0.292714391   -0.774645244
   15.590240522   -0.216372219   -0.683496047
   15.684726828   -0.151560420   -0.591103842
   15.779213134   -0.096740153   -0.499647151
   15.873699440   -0.050362977   -0.411297399
   15.968185747   -0.011136627   -0.328146746
   16.062672053    0.021947454   -0.252060342
   16.157158359    0.049900909   -0.184406345
   16.251644665    0.073473054   -0.125772932
   16.346130971    0.093350339   -0.075896744
   16.440617278    0.110140691   -0.033748863
   16.535103584    0.124285332    0.002063988
   16.629589890    0.136244003    0.032671871
   16.724076196    0.146342809    0.058786339
   16.818562502    0.154873896    0.080977821
   16.913048809    0.162112868    0.099798075
   17.007535115    0.168232776    0.115746320
   17.102021421    0.173440600    0.129254986
   17.196507727    0.177871104    0.140694348
   17.290994033    0.181640413    0.150384816
   17.385480340    0.184877867    0.158597918
   17.479966646    0.187640961    0.165562904
   17.574452952    0.190026570    0.171477115
   17.668939258    0.192089624    0.176505490
   17.763425564    0.193870713    0.180788318
   17.857911871    0.195437724    0.184444733
   17.952398177    0.196800246    0.187573523
   18.046884483    0.198007597    0.190259740
   18.141370789    0.199082770    0.192573819
   18.235857095    0.200033660    0.194575037
   18.330343402    0.200903145    0.196314258
   18.424829708    0.201681182    0.197832623
   18.519316014    0.202396423    0.199166135
   18.613802320    0.203059829    0.200344371
   18.708288626    0.203664329    0.201391777
   18.802774932    0.204243206    0.202330159
   18.897261239    0.204777934    0.203176214
   18.991747545    0.205288001    0.203945223
   19.086233851    0.205780529    0.204649652
   19.180720157    0.206240726    0.205299253
   19.275206463    0.206699212    0.205903736
   19.369692770    0.207133176    0.206469544
   19.464179076    0.207558041    0.207003277
   19.558665382    0.207980453    0.207510336
   19.653151688    0.208380561    0.207994239
   19.747637994    0.208789756    0.208459752
   19.842124301    0.209182172    0.208908982
   19.936610607    0.209571660    0.209344885
   20.031096913    0.209965920    0.209770002
   20.125583219    0.210340680    0.210185097
   20.220069525    0.210730270    0.210593014
   20.314555832    0.211105575    0.210993957
   20.409042138    0.211480233    0.211389346
   20.503528444    0.211863853    0.211780658
   20.598014750    0.212227256    0.212167288
   20.692501056    0.212609697    0.212551508
   20.786987363    0.212977789    0.212932573
   20.881473669    0.213345947    0.213311253
   20.975959975    0.213726433    0.213688783
   21.070446281    0.214083770    0.214063628
   21.164932587    0.214464553    0.214438224
   21.259418893    0.214829290    0.214811156
   21.353905200    0.215194151    0.215182914
   21.448391506    0.215575068    0.215555009
   21.542877812    0.215927757    0.215924837
   21.637364118    0.216309761    0.216295678
   21.731850424    0.216672436    0.216665299
   21.826336731    0.217034987    0.217034027
   21.920823037    0.217418697    0.217404366
   22.015309343    0.217766033    0.217771593
   22.109795649    0.218151575    0.218141375
   22.204281955    0.218512218    0.218509649
   22.298768262    0.218872241    0.218876322
   22.393254568    0.219261476    0.219247966
   22.487740874    0.219600665    0.219610855
   22.582227180    0.219993010    0.219984090
   22.676713486    0.220350650    0.220351807
   22.771199793    0.220706694    0.220622992
   22.865686099    0.221106578    0.220780820
   22.960172405    0.221430598    0.220845909
   23.054658711    0.221836754    0.220803046
   23.149145017    0.222188535    0.220659597
   23.243631324    0.222536140    0.220415636
   23.338117630    0.222960741    0.220065929
   23.432603936    0.223247886    0.219617743
   23.527090242    0.223690483    0.219064834
   23.621576548    0.224026198    0.218410328
   23.716062855    0.224344643    0.217654912
   23.810549161    0.224866936    0.216794847
   23.905035467    0.224975980    0.215835167
   23.999521773    0.225654053    0.214771612
   24.094008079    0.225863768    0.213606062
   24.188494385    0.223236022    0.212339627
   24.282980692    0.220086836    0.210968778
   24.377466998    0.217592837    0.209497972
   24.471953304    0.214598985    0.207923672
   24.566439610    0.211862849    0.206247002
   24.660925916    0.209109645    0.204469817
   24.755412223    0.206194060    0.202587903
   24.849898529    0.203524934    0.200606195
   24.944384835    0.200625859    0.198521164
   25.038871141    0.197861905    0.196333052
   25.133357447    0.195094315    0.194045843
   25.227843754    0.192210234    0.191651784
   25.322330060    0.189511382    0.189160433
   25.416816366    0.186630456    0.186563966
   25.511302672    0.183860951    0.183860869
   25.605788978    0.181091176    0.181157768
   25.700275285    0.178210394    0.178561301
   25.794761591    0.175511592    0.176069950
   25.889247897    0.172627285    0.173675883
   25.983734203    0.169859991    0.171388675
   26.078220509    0.167095802    0.169200556
   26.172706816    0.164196784    0.167115518
   26.267193122    0.161527806    0.165133808
   26.361679428    0.158611920    0.163251878
   26.456165734    0.155859027    0.161474689
   26.550652040    0.153122702    0.159798006
   26.645138347    0.150128809    0.158223688
   26.739624653    0.147635059    0.156752873
   26.834110959    0.144485497    0.155381997
   26.928597265    0.141858060    0.154115544
   27.023083571    0.142067634    0.152949968
   27.117569877    0.142745555    0.151886374
   27.212056184    0.142854939    0.150926666
   27.306542490    0.143376779    0.150066547
   27.401028796    0.143695522    0.149311083
   27.495515102    0.144031153    0.148656518
   27.590001408    0.144473473    0.148103524
   27.684487715    0.144761049    0.147655263
   27.778974021    0.145185116    0.147305438
   27.873460327    0.145532982    0.147061355
   27.967946633    0.145884733    0.146917762
   28.062432939    0.146290455    0.146874704
   28.156919246    0.146614975    0.146939596
   28.251405552    0.147014219    0.147097156
