#  E (eV)   dos(E)     Int dos(E) EFermi =   -1.660 eV
 -24.000  0.1312E-84  0.2623E-86
 -23.980  0.1312E-84  0.5247E-86
 -23.960  0.1312E-84  0.7870E-86
 -23.940  0.1312E-84  0.1049E-85
 -23.920  0.1312E-84  0.1312E-85
 -23.900  0.1312E-84  0.1574E-85
 -23.880  0.1312E-84  0.1836E-85
 -23.860  0.1312E-84  0.2099E-85
 -23.840  0.1312E-84  0.2361E-85
 -23.820  0.1312E-84  0.2623E-85
 -23.800  0.1312E-84  0.2886E-85
 -23.780  0.1312E-84  0.3148E-85
 -23.760  0.1312E-84  0.3410E-85
 -23.740  0.1312E-84  0.3673E-85
 -23.720  0.1312E-84  0.3935E-85
 -23.700  0.1312E-84  0.4197E-85
 -23.680  0.1312E-84  0.4460E-85
 -23.660  0.1312E-84  0.4722E-85
 -23.640  0.1312E-84  0.4984E-85
 -23.620  0.1312E-84  0.5247E-85
 -23.600  0.1312E-84  0.5509E-85
 -23.580  0.1312E-84  0.5771E-85
 -23.560  0.1312E-84  0.6034E-85
 -23.540  0.1312E-84  0.6296E-85
 -23.520  0.1312E-84  0.6558E-85
 -23.500  0.1312E-84  0.6821E-85
 -23.480  0.1312E-84  0.7083E-85
 -23.460  0.1312E-84  0.7345E-85
 -23.440  0.1312E-84  0.7608E-85
 -23.420  0.1312E-84  0.7870E-85
 -23.400  0.1312E-84  0.8132E-85
 -23.380  0.1312E-84  0.8395E-85
 -23.360  0.1312E-84  0.8657E-85
 -23.340  0.1312E-84  0.8919E-85
 -23.320  0.1312E-84  0.9182E-85
 -23.300  0.1312E-84  0.9444E-85
 -23.280  0.1312E-84  0.9706E-85
 -23.260  0.1312E-84  0.9969E-85
 -23.240  0.1312E-84  0.1023E-84
 -23.220  0.1312E-84  0.1049E-84
 -23.200  0.1312E-84  0.1076E-84
 -23.180  0.1312E-84  0.1102E-84
 -23.160  0.1312E-84  0.1128E-84
 -23.140  0.1312E-84  0.1154E-84
 -23.120  0.1312E-84  0.1181E-84
 -23.100  0.1312E-84  0.1207E-84
 -23.080  0.1312E-84  0.1233E-84
 -23.060  0.1312E-84  0.1259E-84
 -23.040  0.1312E-84  0.1285E-84
 -23.020  0.1312E-84  0.1312E-84
 -23.000  0.1312E-84  0.1338E-84
 -22.980  0.1312E-84  0.1364E-84
 -22.960  0.1312E-84  0.1390E-84
 -22.940  0.1312E-84  0.1417E-84
 -22.920  0.1312E-84  0.1443E-84
 -22.900  0.1312E-84  0.1469E-84
 -22.880  0.1312E-84  0.1495E-84
 -22.860  0.1312E-84  0.1522E-84
 -22.840  0.1312E-84  0.1548E-84
 -22.820  0.1312E-84  0.1574E-84
 -22.800  0.1312E-84  0.1600E-84
 -22.780  0.1312E-84  0.1626E-84
 -22.760  0.1312E-84  0.1653E-84
 -22.740  0.1312E-84  0.1679E-84
 -22.720  0.1312E-84  0.1705E-84
 -22.700  0.1312E-84  0.1731E-84
 -22.680  0.1312E-84  0.1758E-84
 -22.660  0.1312E-84  0.1784E-84
 -22.640  0.1312E-84  0.1810E-84
 -22.620  0.1312E-84  0.1836E-84
 -22.600  0.1312E-84  0.1863E-84
 -22.580  0.1312E-84  0.1889E-84
 -22.560  0.1312E-84  0.1915E-84
 -22.540  0.1312E-84  0.1941E-84
 -22.520  0.1312E-84  0.1968E-84
 -22.500  0.1401E-84  0.1996E-84
 -22.480  0.3117E-83  0.2619E-84
 -22.460  0.9091E-81  0.1844E-82
 -22.440  0.2535E-78  0.5088E-80
 -22.420  0.6472E-76  0.1300E-77
 -22.400  0.1514E-73  0.3040E-75
 -22.380  0.3242E-71  0.6514E-73
 -22.360  0.6359E-69  0.1278E-70
 -22.340  0.1142E-66  0.2297E-68
 -22.320  0.1879E-64  0.3782E-66
 -22.300  0.2832E-62  0.5701E-64
 -22.280  0.3908E-60  0.7872E-62
 -22.260  0.4939E-58  0.9957E-60
 -22.240  0.5717E-56  0.1153E-57
 -22.220  0.6062E-54  0.1224E-55
 -22.200  0.5887E-52  0.1190E-53
 -22.180  0.5236E-50  0.1059E-51
 -22.160  0.4265E-48  0.8637E-50
 -22.140  0.3183E-46  0.6452E-48
 -22.120  0.2175E-44  0.4415E-46
 -22.100  0.1362E-42  0.2768E-44
 -22.080  0.7810E-41  0.1590E-42
 -22.060  0.4103E-39  0.8365E-41
 -22.040  0.1974E-37  0.4032E-39
 -22.020  0.8703E-36  0.1781E-37
 -22.000  0.3514E-34  0.7207E-36
 -21.980  0.1300E-32  0.2672E-34
 -21.960  0.4406E-31  0.9079E-33
 -21.940  0.1368E-29  0.2827E-31
 -21.920  0.3892E-28  0.8066E-30
 -21.900  0.1014E-26  0.2109E-28
 -21.880  0.2422E-25  0.5055E-27
 -21.860  0.5300E-24  0.1110E-25
 -21.840  0.1063E-22  0.2236E-24
 -21.820  0.1952E-21  0.4128E-23
 -21.800  0.3287E-20  0.6987E-22
 -21.780  0.5073E-19  0.1084E-20
 -21.760  0.7174E-18  0.1543E-19
 -21.740  0.9300E-17  0.2014E-18
 -21.720  0.1105E-15  0.2411E-17
 -21.700  0.1204E-14  0.2649E-16
 -21.680  0.1202E-13  0.2669E-15
 -21.660  0.1101E-12  0.2468E-14
 -21.640  0.9242E-12  0.2095E-13
 -21.620  0.7117E-11  0.1633E-12
 -21.600  0.5027E-10  0.1169E-11
 -21.580  0.3257E-09  0.7683E-11
 -21.560  0.1937E-08  0.4641E-10
 -21.540  0.1057E-07  0.2577E-09
 -21.520  0.5291E-07  0.1316E-08
 -21.500  0.2433E-06  0.6182E-08
 -21.480  0.1027E-05  0.2673E-07
 -21.460  0.3986E-05  0.1065E-06
 -21.440  0.1421E-04  0.3907E-06
 -21.420  0.4661E-04  0.1323E-05
 -21.400  0.1406E-03  0.4135E-05
 -21.380  0.3904E-03  0.1194E-04
 -21.360  0.9987E-03  0.3192E-04
 -21.340  0.2356E-02  0.7903E-04
 -21.320  0.5129E-02  0.1816E-03
 -21.300  0.1032E-01  0.3881E-03
 -21.280  0.1923E-01  0.7728E-03
 -21.260  0.3324E-01  0.1438E-02
 -21.240  0.5341E-01  0.2506E-02
 -21.220  0.8002E-01  0.4106E-02
 -21.200  0.1122E+00  0.6350E-02
 -21.180  0.1478E+00  0.9306E-02
 -21.160  0.1839E+00  0.1298E-01
 -21.140  0.2175E+00  0.1734E-01
 -21.120  0.2462E+00  0.2226E-01
 -21.100  0.2685E+00  0.2763E-01
 -21.080  0.2845E+00  0.3332E-01
 -21.060  0.2950E+00  0.3922E-01
 -21.040  0.3013E+00  0.4525E-01
 -21.020  0.3048E+00  0.5134E-01
 -21.000  0.3066E+00  0.5748E-01
 -20.980  0.3075E+00  0.6363E-01
 -20.960  0.3079E+00  0.6978E-01
 -20.940  0.3081E+00  0.7595E-01
 -20.920  0.3082E+00  0.8211E-01
 -20.900  0.3083E+00  0.8828E-01
 -20.880  0.3084E+00  0.9445E-01
 -20.860  0.3085E+00  0.1006E+00
 -20.840  0.3085E+00  0.1068E+00
 -20.820  0.3086E+00  0.1130E+00
 -20.800  0.3087E+00  0.1191E+00
 -20.780  0.3087E+00  0.1253E+00
 -20.760  0.3088E+00  0.1315E+00
 -20.740  0.3089E+00  0.1377E+00
 -20.720  0.3089E+00  0.1438E+00
 -20.700  0.3090E+00  0.1500E+00
 -20.680  0.3091E+00  0.1562E+00
 -20.660  0.3092E+00  0.1624E+00
 -20.640  0.3092E+00  0.1686E+00
 -20.620  0.3093E+00  0.1748E+00
 -20.600  0.3094E+00  0.1809E+00
 -20.580  0.3095E+00  0.1871E+00
 -20.560  0.3095E+00  0.1933E+00
 -20.540  0.3096E+00  0.1995E+00
 -20.520  0.3097E+00  0.2057E+00
 -20.500  0.3097E+00  0.2119E+00
 -20.480  0.3098E+00  0.2181E+00
 -20.460  0.3099E+00  0.2243E+00
 -20.440  0.3100E+00  0.2305E+00
 -20.420  0.3100E+00  0.2367E+00
 -20.400  0.3101E+00  0.2429E+00
 -20.380  0.3102E+00  0.2491E+00
 -20.360  0.3103E+00  0.2553E+00
 -20.340  0.3104E+00  0.2615E+00
 -20.320  0.3104E+00  0.2677E+00
 -20.300  0.3105E+00  0.2739E+00
 -20.280  0.3106E+00  0.2801E+00
 -20.260  0.3107E+00  0.2864E+00
 -20.240  0.3107E+00  0.2926E+00
 -20.220  0.3108E+00  0.2988E+00
 -20.200  0.3109E+00  0.3050E+00
 -20.180  0.3110E+00  0.3112E+00
 -20.160  0.3111E+00  0.3175E+00
 -20.140  0.3112E+00  0.3237E+00
 -20.120  0.3112E+00  0.3299E+00
 -20.100  0.3113E+00  0.3361E+00
 -20.080  0.3114E+00  0.3424E+00
 -20.060  0.3115E+00  0.3486E+00
 -20.040  0.3116E+00  0.3548E+00
 -20.020  0.3116E+00  0.3610E+00
 -20.000  0.3117E+00  0.3673E+00
 -19.980  0.3118E+00  0.3735E+00
 -19.960  0.3119E+00  0.3798E+00
 -19.940  0.3120E+00  0.3860E+00
 -19.920  0.3121E+00  0.3922E+00
 -19.900  0.3122E+00  0.3985E+00
 -19.880  0.3122E+00  0.4047E+00
 -19.860  0.3123E+00  0.4110E+00
 -19.840  0.3124E+00  0.4172E+00
 -19.820  0.3125E+00  0.4235E+00
 -19.800  0.3126E+00  0.4297E+00
 -19.780  0.3127E+00  0.4360E+00
 -19.760  0.3128E+00  0.4422E+00
 -19.740  0.3129E+00  0.4485E+00
 -19.720  0.3130E+00  0.4547E+00
 -19.700  0.3130E+00  0.4610E+00
 -19.680  0.3131E+00  0.4673E+00
 -19.660  0.3132E+00  0.4735E+00
 -19.640  0.3133E+00  0.4798E+00
 -19.620  0.3134E+00  0.4861E+00
 -19.600  0.3135E+00  0.4923E+00
 -19.580  0.3136E+00  0.4986E+00
 -19.560  0.3137E+00  0.5049E+00
 -19.540  0.3138E+00  0.5112E+00
 -19.520  0.3139E+00  0.5174E+00
 -19.500  0.3140E+00  0.5237E+00
 -19.480  0.3141E+00  0.5300E+00
 -19.460  0.3142E+00  0.5363E+00
 -19.440  0.3143E+00  0.5426E+00
 -19.420  0.3144E+00  0.5489E+00
 -19.400  0.3145E+00  0.5551E+00
 -19.380  0.3146E+00  0.5614E+00
 -19.360  0.3147E+00  0.5677E+00
 -19.340  0.3148E+00  0.5740E+00
 -19.320  0.3149E+00  0.5803E+00
 -19.300  0.3150E+00  0.5866E+00
 -19.280  0.3151E+00  0.5929E+00
 -19.260  0.3152E+00  0.5992E+00
 -19.240  0.3153E+00  0.6055E+00
 -19.220  0.3154E+00  0.6118E+00
 -19.200  0.3155E+00  0.6181E+00
 -19.180  0.3156E+00  0.6245E+00
 -19.160  0.3157E+00  0.6308E+00
 -19.140  0.3158E+00  0.6371E+00
 -19.120  0.3159E+00  0.6434E+00
 -19.100  0.3160E+00  0.6497E+00
 -19.080  0.3161E+00  0.6561E+00
 -19.060  0.3163E+00  0.6624E+00
 -19.040  0.3164E+00  0.6687E+00
 -19.020  0.3165E+00  0.6750E+00
 -19.000  0.3166E+00  0.6814E+00
 -18.980  0.3167E+00  0.6877E+00
 -18.960  0.3168E+00  0.6940E+00
 -18.940  0.3169E+00  0.7004E+00
 -18.920  0.3170E+00  0.7067E+00
 -18.900  0.3172E+00  0.7131E+00
 -18.880  0.3173E+00  0.7194E+00
 -18.860  0.3174E+00  0.7258E+00
 -18.840  0.3175E+00  0.7321E+00
 -18.820  0.3176E+00  0.7385E+00
 -18.800  0.3178E+00  0.7448E+00
 -18.780  0.3179E+00  0.7512E+00
 -18.760  0.3180E+00  0.7575E+00
 -18.740  0.3181E+00  0.7639E+00
 -18.720  0.3183E+00  0.7703E+00
 -18.700  0.3184E+00  0.7766E+00
 -18.680  0.3185E+00  0.7830E+00
 -18.660  0.3186E+00  0.7894E+00
 -18.640  0.3188E+00  0.7957E+00
 -18.620  0.3189E+00  0.8021E+00
 -18.600  0.3190E+00  0.8085E+00
 -18.580  0.3192E+00  0.8149E+00
 -18.560  0.3193E+00  0.8213E+00
 -18.540  0.3194E+00  0.8277E+00
 -18.520  0.3196E+00  0.8341E+00
 -18.500  0.3197E+00  0.8404E+00
 -18.480  0.3199E+00  0.8468E+00
 -18.460  0.3200E+00  0.8532E+00
 -18.440  0.3201E+00  0.8596E+00
 -18.420  0.3203E+00  0.8661E+00
 -18.400  0.3204E+00  0.8725E+00
 -18.380  0.3206E+00  0.8789E+00
 -18.360  0.3207E+00  0.8853E+00
 -18.340  0.3209E+00  0.8917E+00
 -18.320  0.3210E+00  0.8981E+00
 -18.300  0.3212E+00  0.9046E+00
 -18.280  0.3213E+00  0.9110E+00
 -18.260  0.3215E+00  0.9174E+00
 -18.240  0.3216E+00  0.9238E+00
 -18.220  0.3218E+00  0.9303E+00
 -18.200  0.3220E+00  0.9367E+00
 -18.180  0.3221E+00  0.9432E+00
 -18.160  0.3223E+00  0.9496E+00
 -18.140  0.3224E+00  0.9561E+00
 -18.120  0.3226E+00  0.9625E+00
 -18.100  0.3228E+00  0.9690E+00
 -18.080  0.3229E+00  0.9754E+00
 -18.060  0.3231E+00  0.9819E+00
 -18.040  0.3233E+00  0.9883E+00
 -18.020  0.3235E+00  0.9948E+00
 -18.000  0.3237E+00  0.1001E+01
 -17.980  0.3238E+00  0.1008E+01
 -17.960  0.3240E+00  0.1014E+01
 -17.940  0.3242E+00  0.1021E+01
 -17.920  0.3244E+00  0.1027E+01
 -17.900  0.3246E+00  0.1034E+01
 -17.880  0.3248E+00  0.1040E+01
 -17.860  0.3250E+00  0.1047E+01
 -17.840  0.3252E+00  0.1053E+01
 -17.820  0.3254E+00  0.1060E+01
 -17.800  0.3256E+00  0.1066E+01
 -17.780  0.3258E+00  0.1073E+01
 -17.760  0.3260E+00  0.1079E+01
 -17.740  0.3262E+00  0.1086E+01
 -17.720  0.3264E+00  0.1092E+01
 -17.700  0.3266E+00  0.1099E+01
 -17.680  0.3268E+00  0.1105E+01
 -17.660  0.3271E+00  0.1112E+01
 -17.640  0.3273E+00  0.1118E+01
 -17.620  0.3275E+00  0.1125E+01
 -17.600  0.3278E+00  0.1132E+01
 -17.580  0.3280E+00  0.1138E+01
 -17.560  0.3282E+00  0.1145E+01
 -17.540  0.3285E+00  0.1151E+01
 -17.520  0.3288E+00  0.1158E+01
 -17.500  0.3290E+00  0.1164E+01
 -17.480  0.3293E+00  0.1171E+01
 -17.460  0.3295E+00  0.1178E+01
 -17.440  0.3298E+00  0.1184E+01
 -17.420  0.3301E+00  0.1191E+01
 -17.400  0.3304E+00  0.1197E+01
 -17.380  0.3306E+00  0.1204E+01
 -17.360  0.3309E+00  0.1211E+01
 -17.340  0.3312E+00  0.1217E+01
 -17.320  0.3315E+00  0.1224E+01
 -17.300  0.3318E+00  0.1231E+01
 -17.280  0.3321E+00  0.1237E+01
 -17.260  0.3324E+00  0.1244E+01
 -17.240  0.3328E+00  0.1250E+01
 -17.220  0.3331E+00  0.1257E+01
 -17.200  0.3335E+00  0.1264E+01
 -17.180  0.3338E+00  0.1270E+01
 -17.160  0.3341E+00  0.1277E+01
 -17.140  0.3345E+00  0.1284E+01
 -17.120  0.3349E+00  0.1291E+01
 -17.100  0.3353E+00  0.1297E+01
 -17.080  0.3357E+00  0.1304E+01
 -17.060  0.3361E+00  0.1311E+01
 -17.040  0.3365E+00  0.1317E+01
 -17.020  0.3369E+00  0.1324E+01
 -17.000  0.3374E+00  0.1331E+01
 -16.980  0.3378E+00  0.1338E+01
 -16.960  0.3383E+00  0.1344E+01
 -16.940  0.3387E+00  0.1351E+01
 -16.920  0.3392E+00  0.1358E+01
 -16.900  0.3398E+00  0.1365E+01
 -16.880  0.3403E+00  0.1372E+01
 -16.860  0.3408E+00  0.1378E+01
 -16.840  0.3413E+00  0.1385E+01
 -16.820  0.3419E+00  0.1392E+01
 -16.800  0.3426E+00  0.1399E+01
 -16.780  0.3432E+00  0.1406E+01
 -16.760  0.3438E+00  0.1413E+01
 -16.740  0.3444E+00  0.1420E+01
 -16.720  0.3451E+00  0.1426E+01
 -16.700  0.3458E+00  0.1433E+01
 -16.680  0.3466E+00  0.1440E+01
 -16.660  0.3474E+00  0.1447E+01
 -16.640  0.3482E+00  0.1454E+01
 -16.620  0.3490E+00  0.1461E+01
 -16.600  0.3499E+00  0.1468E+01
 -16.580  0.3508E+00  0.1475E+01
 -16.560  0.3518E+00  0.1482E+01
 -16.540  0.3528E+00  0.1489E+01
 -16.520  0.3538E+00  0.1496E+01
 -16.500  0.3550E+00  0.1503E+01
 -16.480  0.3562E+00  0.1511E+01
 -16.460  0.3575E+00  0.1518E+01
 -16.440  0.3589E+00  0.1525E+01
 -16.420  0.3602E+00  0.1532E+01
 -16.400  0.3617E+00  0.1539E+01
 -16.380  0.3633E+00  0.1547E+01
 -16.360  0.3651E+00  0.1554E+01
 -16.340  0.3670E+00  0.1561E+01
 -16.320  0.3690E+00  0.1569E+01
 -16.300  0.3712E+00  0.1576E+01
 -16.280  0.3735E+00  0.1584E+01
 -16.260  0.3762E+00  0.1591E+01
 -16.240  0.3792E+00  0.1599E+01
 -16.220  0.3824E+00  0.1606E+01
 -16.200  0.3860E+00  0.1614E+01
 -16.180  0.3901E+00  0.1622E+01
 -16.160  0.3949E+00  0.1630E+01
 -16.140  0.4006E+00  0.1638E+01
 -16.120  0.4075E+00  0.1646E+01
 -16.100  0.4156E+00  0.1654E+01
 -16.080  0.4252E+00  0.1663E+01
 -16.060  0.4364E+00  0.1671E+01
 -16.040  0.4489E+00  0.1680E+01
 -16.020  0.4616E+00  0.1690E+01
 -16.000  0.4729E+00  0.1699E+01
 -15.980  0.4811E+00  0.1709E+01
 -15.960  0.4843E+00  0.1718E+01
 -15.940  0.4815E+00  0.1728E+01
 -15.920  0.4724E+00  0.1737E+01
 -15.900  0.4579E+00  0.1747E+01
 -15.880  0.4395E+00  0.1755E+01
 -15.860  0.4192E+00  0.1764E+01
 -15.840  0.3987E+00  0.1772E+01
 -15.820  0.3794E+00  0.1779E+01
 -15.800  0.3621E+00  0.1787E+01
 -15.780  0.3467E+00  0.1794E+01
 -15.760  0.3331E+00  0.1800E+01
 -15.740  0.3209E+00  0.1807E+01
 -15.720  0.3100E+00  0.1813E+01
 -15.700  0.3001E+00  0.1819E+01
 -15.680  0.2911E+00  0.1825E+01
 -15.660  0.2827E+00  0.1830E+01
 -15.640  0.2747E+00  0.1836E+01
 -15.620  0.2671E+00  0.1841E+01
 -15.600  0.2599E+00  0.1846E+01
 -15.580  0.2532E+00  0.1851E+01
 -15.560  0.2468E+00  0.1856E+01
 -15.540  0.2406E+00  0.1861E+01
 -15.520  0.2345E+00  0.1866E+01
 -15.500  0.2286E+00  0.1870E+01
 -15.480  0.2230E+00  0.1875E+01
 -15.460  0.2177E+00  0.1879E+01
 -15.440  0.2125E+00  0.1883E+01
 -15.420  0.2074E+00  0.1888E+01
 -15.400  0.2024E+00  0.1892E+01
 -15.380  0.1975E+00  0.1896E+01
 -15.360  0.1928E+00  0.1899E+01
 -15.340  0.1883E+00  0.1903E+01
 -15.320  0.1839E+00  0.1907E+01
 -15.300  0.1794E+00  0.1911E+01
 -15.280  0.1750E+00  0.1914E+01
 -15.260  0.1708E+00  0.1917E+01
 -15.240  0.1667E+00  0.1921E+01
 -15.220  0.1627E+00  0.1924E+01
 -15.200  0.1588E+00  0.1927E+01
 -15.180  0.1548E+00  0.1930E+01
 -15.160  0.1509E+00  0.1933E+01
 -15.140  0.1472E+00  0.1936E+01
 -15.120  0.1436E+00  0.1939E+01
 -15.100  0.1402E+00  0.1942E+01
 -15.080  0.1370E+00  0.1945E+01
 -15.060  0.1346E+00  0.1947E+01
 -15.040  0.1335E+00  0.1950E+01
 -15.020  0.1344E+00  0.1953E+01
 -15.000  0.1385E+00  0.1956E+01
 -14.980  0.1465E+00  0.1958E+01
 -14.960  0.1593E+00  0.1962E+01
 -14.940  0.1770E+00  0.1965E+01
 -14.920  0.1987E+00  0.1969E+01
 -14.900  0.2229E+00  0.1974E+01
 -14.880  0.2472E+00  0.1979E+01
 -14.860  0.2696E+00  0.1984E+01
 -14.840  0.2884E+00  0.1990E+01
 -14.820  0.3029E+00  0.1996E+01
 -14.800  0.3132E+00  0.2002E+01
 -14.780  0.3198E+00  0.2008E+01
 -14.760  0.3237E+00  0.2015E+01
 -14.740  0.3259E+00  0.2021E+01
 -14.720  0.3271E+00  0.2028E+01
 -14.700  0.3277E+00  0.2034E+01
 -14.680  0.3280E+00  0.2041E+01
 -14.660  0.3282E+00  0.2048E+01
 -14.640  0.3284E+00  0.2054E+01
 -14.620  0.3285E+00  0.2061E+01
 -14.600  0.3287E+00  0.2067E+01
 -14.580  0.3288E+00  0.2074E+01
 -14.560  0.3290E+00  0.2080E+01
 -14.540  0.3291E+00  0.2087E+01
 -14.520  0.3293E+00  0.2094E+01
 -14.500  0.3294E+00  0.2100E+01
 -14.480  0.3296E+00  0.2107E+01
 -14.460  0.3297E+00  0.2113E+01
 -14.440  0.3299E+00  0.2120E+01
 -14.420  0.3301E+00  0.2127E+01
 -14.400  0.3305E+00  0.2133E+01
 -14.380  0.3309E+00  0.2140E+01
 -14.360  0.3317E+00  0.2146E+01
 -14.340  0.3329E+00  0.2153E+01
 -14.320  0.3347E+00  0.2160E+01
 -14.300  0.3375E+00  0.2167E+01
 -14.280  0.3414E+00  0.2173E+01
 -14.260  0.3467E+00  0.2180E+01
 -14.240  0.3537E+00  0.2187E+01
 -14.220  0.3624E+00  0.2195E+01
 -14.200  0.3731E+00  0.2202E+01
 -14.180  0.3858E+00  0.2210E+01
 -14.160  0.4004E+00  0.2218E+01
 -14.140  0.4167E+00  0.2226E+01
 -14.120  0.4340E+00  0.2235E+01
 -14.100  0.4511E+00  0.2244E+01
 -14.080  0.4665E+00  0.2253E+01
 -14.060  0.4784E+00  0.2263E+01
 -14.040  0.4855E+00  0.2273E+01
 -14.020  0.4872E+00  0.2282E+01
 -14.000  0.4836E+00  0.2292E+01
 -13.980  0.4759E+00  0.2301E+01
 -13.960  0.4655E+00  0.2311E+01
 -13.940  0.4541E+00  0.2320E+01
 -13.920  0.4427E+00  0.2329E+01
 -13.900  0.4323E+00  0.2337E+01
 -13.880  0.4232E+00  0.2346E+01
 -13.860  0.4153E+00  0.2354E+01
 -13.840  0.4086E+00  0.2362E+01
 -13.820  0.4027E+00  0.2370E+01
 -13.800  0.3975E+00  0.2378E+01
 -13.780  0.3929E+00  0.2386E+01
 -13.760  0.3887E+00  0.2394E+01
 -13.740  0.3848E+00  0.2402E+01
 -13.720  0.3812E+00  0.2409E+01
 -13.700  0.3778E+00  0.2417E+01
 -13.680  0.3747E+00  0.2424E+01
 -13.660  0.3716E+00  0.2432E+01
 -13.640  0.3688E+00  0.2439E+01
 -13.620  0.3660E+00  0.2446E+01
 -13.600  0.3634E+00  0.2454E+01
 -13.580  0.3608E+00  0.2461E+01
 -13.560  0.3584E+00  0.2468E+01
 -13.540  0.3560E+00  0.2475E+01
 -13.520  0.3537E+00  0.2482E+01
 -13.500  0.3515E+00  0.2489E+01
 -13.480  0.3494E+00  0.2496E+01
 -13.460  0.3473E+00  0.2503E+01
 -13.440  0.3452E+00  0.2510E+01
 -13.420  0.3432E+00  0.2517E+01
 -13.400  0.3413E+00  0.2524E+01
 -13.380  0.3394E+00  0.2531E+01
 -13.360  0.3375E+00  0.2537E+01
 -13.340  0.3357E+00  0.2544E+01
 -13.320  0.3339E+00  0.2551E+01
 -13.300  0.3322E+00  0.2557E+01
 -13.280  0.3305E+00  0.2564E+01
 -13.260  0.3288E+00  0.2571E+01
 -13.240  0.3271E+00  0.2577E+01
 -13.220  0.3255E+00  0.2584E+01
 -13.200  0.3239E+00  0.2590E+01
 -13.180  0.3223E+00  0.2597E+01
 -13.160  0.3208E+00  0.2603E+01
 -13.140  0.3192E+00  0.2609E+01
 -13.120  0.3177E+00  0.2616E+01
 -13.100  0.3162E+00  0.2622E+01
 -13.080  0.3148E+00  0.2628E+01
 -13.060  0.3133E+00  0.2635E+01
 -13.040  0.3119E+00  0.2641E+01
 -13.020  0.3105E+00  0.2647E+01
 -13.000  0.3091E+00  0.2653E+01
 -12.980  0.3077E+00  0.2659E+01
 -12.960  0.3063E+00  0.2666E+01
 -12.940  0.3050E+00  0.2672E+01
 -12.920  0.3037E+00  0.2678E+01
 -12.900  0.3023E+00  0.2684E+01
 -12.880  0.3010E+00  0.2690E+01
 -12.860  0.2998E+00  0.2696E+01
 -12.840  0.2985E+00  0.2702E+01
 -12.820  0.2972E+00  0.2708E+01
 -12.800  0.2960E+00  0.2714E+01
 -12.780  0.2947E+00  0.2719E+01
 -12.760  0.2935E+00  0.2725E+01
 -12.740  0.2923E+00  0.2731E+01
 -12.720  0.2911E+00  0.2737E+01
 -12.700  0.2899E+00  0.2743E+01
 -12.680  0.2887E+00  0.2749E+01
 -12.660  0.2875E+00  0.2754E+01
 -12.640  0.2864E+00  0.2760E+01
 -12.620  0.2852E+00  0.2766E+01
 -12.600  0.2841E+00  0.2771E+01
 -12.580  0.2829E+00  0.2777E+01
 -12.560  0.2818E+00  0.2783E+01
 -12.540  0.2807E+00  0.2788E+01
 -12.520  0.2796E+00  0.2794E+01
 -12.500  0.2785E+00  0.2800E+01
 -12.480  0.2774E+00  0.2805E+01
 -12.460  0.2764E+00  0.2811E+01
 -12.440  0.2753E+00  0.2816E+01
 -12.420  0.2744E+00  0.2822E+01
 -12.400  0.2735E+00  0.2827E+01
 -12.380  0.2730E+00  0.2833E+01
 -12.360  0.2729E+00  0.2838E+01
 -12.340  0.2737E+00  0.2843E+01
 -12.320  0.2756E+00  0.2849E+01
 -12.300  0.2793E+00  0.2855E+01
 -12.280  0.2849E+00  0.2860E+01
 -12.260  0.2924E+00  0.2866E+01
 -12.240  0.3016E+00  0.2872E+01
 -12.220  0.3118E+00  0.2878E+01
 -12.200  0.3220E+00  0.2885E+01
 -12.180  0.3315E+00  0.2891E+01
 -12.160  0.3395E+00  0.2898E+01
 -12.140  0.3457E+00  0.2905E+01
 -12.120  0.3502E+00  0.2912E+01
 -12.100  0.3532E+00  0.2919E+01
 -12.080  0.3551E+00  0.2926E+01
 -12.060  0.3563E+00  0.2933E+01
 -12.040  0.3571E+00  0.2941E+01
 -12.020  0.3576E+00  0.2948E+01
 -12.000  0.3580E+00  0.2955E+01
 -11.980  0.3584E+00  0.2962E+01
 -11.960  0.3587E+00  0.2969E+01
 -11.940  0.3591E+00  0.2976E+01
 -11.920  0.3595E+00  0.2984E+01
 -11.900  0.3598E+00  0.2991E+01
 -11.880  0.3602E+00  0.2998E+01
 -11.860  0.3605E+00  0.3005E+01
 -11.840  0.3609E+00  0.3012E+01
 -11.820  0.3613E+00  0.3020E+01
 -11.800  0.3617E+00  0.3027E+01
 -11.780  0.3620E+00  0.3034E+01
 -11.760  0.3624E+00  0.3041E+01
 -11.740  0.3628E+00  0.3049E+01
 -11.720  0.3632E+00  0.3056E+01
 -11.700  0.3636E+00  0.3063E+01
 -11.680  0.3640E+00  0.3070E+01
 -11.660  0.3644E+00  0.3078E+01
 -11.640  0.3648E+00  0.3085E+01
 -11.620  0.3652E+00  0.3092E+01
 -11.600  0.3656E+00  0.3100E+01
 -11.580  0.3660E+00  0.3107E+01
 -11.560  0.3664E+00  0.3114E+01
 -11.540  0.3668E+00  0.3122E+01
 -11.520  0.3672E+00  0.3129E+01
 -11.500  0.3677E+00  0.3136E+01
 -11.480  0.3681E+00  0.3144E+01
 -11.460  0.3686E+00  0.3151E+01
 -11.440  0.3690E+00  0.3158E+01
 -11.420  0.3694E+00  0.3166E+01
 -11.400  0.3698E+00  0.3173E+01
 -11.380  0.3703E+00  0.3181E+01
 -11.360  0.3708E+00  0.3188E+01
 -11.340  0.3713E+00  0.3195E+01
 -11.320  0.3717E+00  0.3203E+01
 -11.300  0.3721E+00  0.3210E+01
 -11.280  0.3726E+00  0.3218E+01
 -11.260  0.3731E+00  0.3225E+01
 -11.240  0.3736E+00  0.3233E+01
 -11.220  0.3742E+00  0.3240E+01
 -11.200  0.3746E+00  0.3248E+01
 -11.180  0.3750E+00  0.3255E+01
 -11.160  0.3755E+00  0.3263E+01
 -11.140  0.3761E+00  0.3270E+01
 -11.120  0.3767E+00  0.3278E+01
 -11.100  0.3772E+00  0.3285E+01
 -11.080  0.3776E+00  0.3293E+01
 -11.060  0.3781E+00  0.3300E+01
 -11.040  0.3786E+00  0.3308E+01
 -11.020  0.3792E+00  0.3316E+01
 -11.000  0.3798E+00  0.3323E+01
 -10.980  0.3804E+00  0.3331E+01
 -10.960  0.3809E+00  0.3338E+01
 -10.940  0.3813E+00  0.3346E+01
 -10.920  0.3818E+00  0.3354E+01
 -10.900  0.3825E+00  0.3361E+01
 -10.880  0.3832E+00  0.3369E+01
 -10.860  0.3838E+00  0.3377E+01
 -10.840  0.3843E+00  0.3384E+01
 -10.820  0.3848E+00  0.3392E+01
 -10.800  0.3853E+00  0.3400E+01
 -10.780  0.3860E+00  0.3407E+01
 -10.760  0.3868E+00  0.3415E+01
 -10.740  0.3875E+00  0.3423E+01
 -10.720  0.3880E+00  0.3431E+01
 -10.700  0.3885E+00  0.3439E+01
 -10.680  0.3890E+00  0.3446E+01
 -10.660  0.3898E+00  0.3454E+01
 -10.640  0.3906E+00  0.3462E+01
 -10.620  0.3914E+00  0.3470E+01
 -10.600  0.3919E+00  0.3478E+01
 -10.580  0.3924E+00  0.3485E+01
 -10.560  0.3930E+00  0.3493E+01
 -10.540  0.3938E+00  0.3501E+01
 -10.520  0.3947E+00  0.3509E+01
 -10.500  0.3955E+00  0.3517E+01
 -10.480  0.3961E+00  0.3525E+01
 -10.460  0.3967E+00  0.3533E+01
 -10.440  0.3973E+00  0.3541E+01
 -10.420  0.3981E+00  0.3549E+01
 -10.400  0.3990E+00  0.3557E+01
 -10.380  0.3999E+00  0.3565E+01
 -10.360  0.4006E+00  0.3573E+01
 -10.340  0.4012E+00  0.3581E+01
 -10.320  0.4019E+00  0.3589E+01
 -10.300  0.4028E+00  0.3597E+01
 -10.280  0.4037E+00  0.3605E+01
 -10.260  0.4046E+00  0.3613E+01
 -10.240  0.4054E+00  0.3621E+01
 -10.220  0.4061E+00  0.3629E+01
 -10.200  0.4069E+00  0.3637E+01
 -10.180  0.4078E+00  0.3646E+01
 -10.160  0.4088E+00  0.3654E+01
 -10.140  0.4098E+00  0.3662E+01
 -10.120  0.4106E+00  0.3670E+01
 -10.100  0.4114E+00  0.3678E+01
 -10.080  0.4123E+00  0.3687E+01
 -10.060  0.4132E+00  0.3695E+01
 -10.040  0.4143E+00  0.3703E+01
 -10.020  0.4153E+00  0.3711E+01
 -10.000  0.4163E+00  0.3720E+01
  -9.980  0.4172E+00  0.3728E+01
  -9.960  0.4181E+00  0.3736E+01
  -9.940  0.4191E+00  0.3745E+01
  -9.920  0.4202E+00  0.3753E+01
  -9.900  0.4213E+00  0.3762E+01
  -9.880  0.4224E+00  0.3770E+01
  -9.860  0.4234E+00  0.3779E+01
  -9.840  0.4244E+00  0.3787E+01
  -9.820  0.4255E+00  0.3796E+01
  -9.800  0.4267E+00  0.3804E+01
  -9.780  0.4279E+00  0.3813E+01
  -9.760  0.4291E+00  0.3821E+01
  -9.740  0.4302E+00  0.3830E+01
  -9.720  0.4313E+00  0.3838E+01
  -9.700  0.4326E+00  0.3847E+01
  -9.680  0.4339E+00  0.3856E+01
  -9.660  0.4351E+00  0.3865E+01
  -9.640  0.4364E+00  0.3873E+01
  -9.620  0.4376E+00  0.3882E+01
  -9.600  0.4389E+00  0.3891E+01
  -9.580  0.4403E+00  0.3900E+01
  -9.560  0.4418E+00  0.3908E+01
  -9.540  0.4432E+00  0.3917E+01
  -9.520  0.4445E+00  0.3926E+01
  -9.500  0.4460E+00  0.3935E+01
  -9.480  0.4476E+00  0.3944E+01
  -9.460  0.4496E+00  0.3953E+01
  -9.440  0.4522E+00  0.3962E+01
  -9.420  0.4558E+00  0.3971E+01
  -9.400  0.4611E+00  0.3980E+01
  -9.380  0.4695E+00  0.3990E+01
  -9.360  0.4821E+00  0.3999E+01
  -9.340  0.4997E+00  0.4009E+01
  -9.320  0.5227E+00  0.4020E+01
  -9.300  0.5505E+00  0.4031E+01
  -9.280  0.5817E+00  0.4043E+01
  -9.260  0.6138E+00  0.4055E+01
  -9.240  0.6444E+00  0.4068E+01
  -9.220  0.6712E+00  0.4081E+01
  -9.200  0.6929E+00  0.4095E+01
  -9.180  0.7091E+00  0.4109E+01
  -9.160  0.7207E+00  0.4124E+01
  -9.140  0.7286E+00  0.4138E+01
  -9.120  0.7342E+00  0.4153E+01
  -9.100  0.7382E+00  0.4168E+01
  -9.080  0.7412E+00  0.4182E+01
  -9.060  0.7439E+00  0.4197E+01
  -9.040  0.7464E+00  0.4212E+01
  -9.020  0.7490E+00  0.4227E+01
  -9.000  0.7516E+00  0.4242E+01
  -8.980  0.7543E+00  0.4257E+01
  -8.960  0.7570E+00  0.4272E+01
  -8.940  0.7598E+00  0.4288E+01
  -8.920  0.7626E+00  0.4303E+01
  -8.900  0.7655E+00  0.4318E+01
  -8.880  0.7686E+00  0.4334E+01
  -8.860  0.7717E+00  0.4349E+01
  -8.840  0.7750E+00  0.4365E+01
  -8.820  0.7782E+00  0.4380E+01
  -8.800  0.7816E+00  0.4396E+01
  -8.780  0.7850E+00  0.4411E+01
  -8.760  0.7887E+00  0.4427E+01
  -8.740  0.7925E+00  0.4443E+01
  -8.720  0.7965E+00  0.4459E+01
  -8.700  0.8004E+00  0.4475E+01
  -8.680  0.8045E+00  0.4491E+01
  -8.660  0.8088E+00  0.4507E+01
  -8.640  0.8134E+00  0.4524E+01
  -8.620  0.8182E+00  0.4540E+01
  -8.600  0.8232E+00  0.4556E+01
  -8.580  0.8283E+00  0.4573E+01
  -8.560  0.8336E+00  0.4590E+01
  -8.540  0.8391E+00  0.4606E+01
  -8.520  0.8451E+00  0.4623E+01
  -8.500  0.8514E+00  0.4640E+01
  -8.480  0.8581E+00  0.4657E+01
  -8.460  0.8651E+00  0.4675E+01
  -8.440  0.8725E+00  0.4692E+01
  -8.420  0.8804E+00  0.4710E+01
  -8.400  0.8890E+00  0.4728E+01
  -8.380  0.8983E+00  0.4746E+01
  -8.360  0.9084E+00  0.4764E+01
  -8.340  0.9195E+00  0.4782E+01
  -8.320  0.9318E+00  0.4801E+01
  -8.300  0.9456E+00  0.4820E+01
  -8.280  0.9615E+00  0.4839E+01
  -8.260  0.9799E+00  0.4859E+01
  -8.240  0.1001E+01  0.4879E+01
  -8.220  0.1026E+01  0.4899E+01
  -8.200  0.1054E+01  0.4920E+01
  -8.180  0.1085E+01  0.4942E+01
  -8.160  0.1115E+01  0.4964E+01
  -8.140  0.1142E+01  0.4987E+01
  -8.120  0.1162E+01  0.5010E+01
  -8.100  0.1173E+01  0.5034E+01
  -8.080  0.1171E+01  0.5057E+01
  -8.060  0.1158E+01  0.5080E+01
  -8.040  0.1135E+01  0.5103E+01
  -8.020  0.1106E+01  0.5125E+01
  -8.000  0.1074E+01  0.5147E+01
  -7.980  0.1043E+01  0.5167E+01
  -7.960  0.1014E+01  0.5188E+01
  -7.940  0.9880E+00  0.5207E+01
  -7.920  0.9657E+00  0.5227E+01
  -7.900  0.9464E+00  0.5246E+01
  -7.880  0.9297E+00  0.5264E+01
  -7.860  0.9150E+00  0.5283E+01
  -7.840  0.9017E+00  0.5301E+01
  -7.820  0.8896E+00  0.5318E+01
  -7.800  0.8785E+00  0.5336E+01
  -7.780  0.8683E+00  0.5353E+01
  -7.760  0.8589E+00  0.5371E+01
  -7.740  0.8501E+00  0.5388E+01
  -7.720  0.8417E+00  0.5404E+01
  -7.700  0.8337E+00  0.5421E+01
  -7.680  0.8261E+00  0.5438E+01
  -7.660  0.8190E+00  0.5454E+01
  -7.640  0.8122E+00  0.5470E+01
  -7.620  0.8058E+00  0.5486E+01
  -7.600  0.7995E+00  0.5502E+01
  -7.580  0.7935E+00  0.5518E+01
  -7.560  0.7877E+00  0.5534E+01
  -7.540  0.7821E+00  0.5550E+01
  -7.520  0.7768E+00  0.5565E+01
  -7.500  0.7717E+00  0.5581E+01
  -7.480  0.7667E+00  0.5596E+01
  -7.460  0.7619E+00  0.5611E+01
  -7.440  0.7571E+00  0.5626E+01
  -7.420  0.7526E+00  0.5641E+01
  -7.400  0.7482E+00  0.5656E+01
  -7.380  0.7440E+00  0.5671E+01
  -7.360  0.7399E+00  0.5686E+01
  -7.340  0.7358E+00  0.5701E+01
  -7.320  0.7318E+00  0.5715E+01
  -7.300  0.7280E+00  0.5730E+01
  -7.280  0.7242E+00  0.5744E+01
  -7.260  0.7207E+00  0.5759E+01
  -7.240  0.7172E+00  0.5773E+01
  -7.220  0.7137E+00  0.5787E+01
  -7.200  0.7102E+00  0.5802E+01
  -7.180  0.7068E+00  0.5816E+01
  -7.160  0.7036E+00  0.5830E+01
  -7.140  0.7005E+00  0.5844E+01
  -7.120  0.6974E+00  0.5858E+01
  -7.100  0.6944E+00  0.5872E+01
  -7.080  0.6913E+00  0.5885E+01
  -7.060  0.6884E+00  0.5899E+01
  -7.040  0.6855E+00  0.5913E+01
  -7.020  0.6828E+00  0.5927E+01
  -7.000  0.6801E+00  0.5940E+01
  -6.980  0.6774E+00  0.5954E+01
  -6.960  0.6747E+00  0.5967E+01
  -6.940  0.6720E+00  0.5981E+01
  -6.920  0.6695E+00  0.5994E+01
  -6.900  0.6670E+00  0.6007E+01
  -6.880  0.6646E+00  0.6021E+01
  -6.860  0.6622E+00  0.6034E+01
  -6.840  0.6598E+00  0.6047E+01
  -6.820  0.6574E+00  0.6060E+01
  -6.800  0.6551E+00  0.6073E+01
  -6.780  0.6529E+00  0.6086E+01
  -6.760  0.6507E+00  0.6099E+01
  -6.740  0.6485E+00  0.6112E+01
  -6.720  0.6463E+00  0.6125E+01
  -6.700  0.6442E+00  0.6138E+01
  -6.680  0.6421E+00  0.6151E+01
  -6.660  0.6401E+00  0.6164E+01
  -6.640  0.6382E+00  0.6177E+01
  -6.620  0.6362E+00  0.6189E+01
  -6.600  0.6342E+00  0.6202E+01
  -6.580  0.6322E+00  0.6215E+01
  -6.560  0.6304E+00  0.6227E+01
  -6.540  0.6286E+00  0.6240E+01
  -6.520  0.6267E+00  0.6252E+01
  -6.500  0.6249E+00  0.6265E+01
  -6.480  0.6231E+00  0.6277E+01
  -6.460  0.6214E+00  0.6290E+01
  -6.440  0.6197E+00  0.6302E+01
  -6.420  0.6180E+00  0.6315E+01
  -6.400  0.6163E+00  0.6327E+01
  -6.380  0.6147E+00  0.6339E+01
  -6.360  0.6130E+00  0.6351E+01
  -6.340  0.6115E+00  0.6364E+01
  -6.320  0.6099E+00  0.6376E+01
  -6.300  0.6084E+00  0.6388E+01
  -6.280  0.6069E+00  0.6400E+01
  -6.260  0.6053E+00  0.6412E+01
  -6.240  0.6039E+00  0.6424E+01
  -6.220  0.6024E+00  0.6436E+01
  -6.200  0.6010E+00  0.6448E+01
  -6.180  0.5996E+00  0.6460E+01
  -6.160  0.5982E+00  0.6472E+01
  -6.140  0.5969E+00  0.6484E+01
  -6.120  0.5955E+00  0.6496E+01
  -6.100  0.5942E+00  0.6508E+01
  -6.080  0.5929E+00  0.6520E+01
  -6.060  0.5916E+00  0.6532E+01
  -6.040  0.5904E+00  0.6544E+01
  -6.020  0.5892E+00  0.6555E+01
  -6.000  0.5879E+00  0.6567E+01
  -5.980  0.5867E+00  0.6579E+01
  -5.960  0.5856E+00  0.6591E+01
  -5.940  0.5844E+00  0.6602E+01
  -5.920  0.5833E+00  0.6614E+01
  -5.900  0.5822E+00  0.6626E+01
  -5.880  0.5811E+00  0.6637E+01
  -5.860  0.5800E+00  0.6649E+01
  -5.840  0.5790E+00  0.6660E+01
  -5.820  0.5780E+00  0.6672E+01
  -5.800  0.5769E+00  0.6683E+01
  -5.780  0.5759E+00  0.6695E+01
  -5.760  0.5750E+00  0.6706E+01
  -5.740  0.5740E+00  0.6718E+01
  -5.720  0.5731E+00  0.6729E+01
  -5.700  0.5722E+00  0.6741E+01
  -5.680  0.5713E+00  0.6752E+01
  -5.660  0.5704E+00  0.6764E+01
  -5.640  0.5696E+00  0.6775E+01
  -5.620  0.5688E+00  0.6786E+01
  -5.600  0.5680E+00  0.6798E+01
  -5.580  0.5672E+00  0.6809E+01
  -5.560  0.5664E+00  0.6821E+01
  -5.540  0.5657E+00  0.6832E+01
  -5.520  0.5650E+00  0.6843E+01
  -5.500  0.5643E+00  0.6854E+01
  -5.480  0.5636E+00  0.6866E+01
  -5.460  0.5629E+00  0.6877E+01
  -5.440  0.5623E+00  0.6888E+01
  -5.420  0.5617E+00  0.6899E+01
  -5.400  0.5612E+00  0.6911E+01
  -5.380  0.5606E+00  0.6922E+01
  -5.360  0.5600E+00  0.6933E+01
  -5.340  0.5595E+00  0.6944E+01
  -5.320  0.5590E+00  0.6955E+01
  -5.300  0.5586E+00  0.6967E+01
  -5.280  0.5582E+00  0.6978E+01
  -5.260  0.5577E+00  0.6989E+01
  -5.240  0.5573E+00  0.7000E+01
  -5.220  0.5570E+00  0.7011E+01
  -5.200  0.5567E+00  0.7022E+01
  -5.180  0.5564E+00  0.7033E+01
  -5.160  0.5561E+00  0.7045E+01
  -5.140  0.5559E+00  0.7056E+01
  -5.120  0.5556E+00  0.7067E+01
  -5.100  0.5555E+00  0.7078E+01
  -5.080  0.5554E+00  0.7089E+01
  -5.060  0.5553E+00  0.7100E+01
  -5.040  0.5552E+00  0.7111E+01
  -5.020  0.5551E+00  0.7122E+01
  -5.000  0.5551E+00  0.7133E+01
  -4.980  0.5552E+00  0.7145E+01
  -4.960  0.5553E+00  0.7156E+01
  -4.940  0.5554E+00  0.7167E+01
  -4.920  0.5554E+00  0.7178E+01
  -4.900  0.5551E+00  0.7189E+01
  -4.880  0.5545E+00  0.7200E+01
  -4.860  0.5531E+00  0.7211E+01
  -4.840  0.5501E+00  0.7222E+01
  -4.820  0.5447E+00  0.7233E+01
  -4.800  0.5358E+00  0.7244E+01
  -4.780  0.5229E+00  0.7254E+01
  -4.760  0.5058E+00  0.7264E+01
  -4.740  0.4850E+00  0.7274E+01
  -4.720  0.4619E+00  0.7283E+01
  -4.700  0.4383E+00  0.7292E+01
  -4.680  0.4164E+00  0.7300E+01
  -4.660  0.3981E+00  0.7308E+01
  -4.640  0.3844E+00  0.7316E+01
  -4.620  0.3752E+00  0.7324E+01
  -4.600  0.3699E+00  0.7331E+01
  -4.580  0.3677E+00  0.7338E+01
  -4.560  0.3676E+00  0.7346E+01
  -4.540  0.3691E+00  0.7353E+01
  -4.520  0.3714E+00  0.7360E+01
  -4.500  0.3741E+00  0.7368E+01
  -4.480  0.3771E+00  0.7375E+01
  -4.460  0.3803E+00  0.7383E+01
  -4.440  0.3838E+00  0.7391E+01
  -4.420  0.3876E+00  0.7398E+01
  -4.400  0.3917E+00  0.7406E+01
  -4.380  0.3960E+00  0.7414E+01
  -4.360  0.4006E+00  0.7422E+01
  -4.340  0.4055E+00  0.7430E+01
  -4.320  0.4109E+00  0.7439E+01
  -4.300  0.4169E+00  0.7447E+01
  -4.280  0.4236E+00  0.7455E+01
  -4.260  0.4309E+00  0.7464E+01
  -4.240  0.4391E+00  0.7473E+01
  -4.220  0.4485E+00  0.7482E+01
  -4.200  0.4597E+00  0.7491E+01
  -4.180  0.4729E+00  0.7500E+01
  -4.160  0.4884E+00  0.7510E+01
  -4.140  0.5063E+00  0.7520E+01
  -4.120  0.5261E+00  0.7531E+01
  -4.100  0.5470E+00  0.7542E+01
  -4.080  0.5670E+00  0.7553E+01
  -4.060  0.5836E+00  0.7565E+01
  -4.040  0.5940E+00  0.7577E+01
  -4.020  0.5960E+00  0.7589E+01
  -4.000  0.5891E+00  0.7600E+01
  -3.980  0.5739E+00  0.7612E+01
  -3.960  0.5527E+00  0.7623E+01
  -3.940  0.5280E+00  0.7633E+01
  -3.920  0.5022E+00  0.7643E+01
  -3.900  0.4773E+00  0.7653E+01
  -3.880  0.4546E+00  0.7662E+01
  -3.860  0.4346E+00  0.7671E+01
  -3.840  0.4174E+00  0.7679E+01
  -3.820  0.4023E+00  0.7687E+01
  -3.800  0.3888E+00  0.7695E+01
  -3.780  0.3766E+00  0.7703E+01
  -3.760  0.3656E+00  0.7710E+01
  -3.740  0.3555E+00  0.7717E+01
  -3.720  0.3463E+00  0.7724E+01
  -3.700  0.3376E+00  0.7731E+01
  -3.680  0.3293E+00  0.7737E+01
  -3.660  0.3213E+00  0.7744E+01
  -3.640  0.3139E+00  0.7750E+01
  -3.620  0.3069E+00  0.7756E+01
  -3.600  0.3003E+00  0.7762E+01
  -3.580  0.2938E+00  0.7768E+01
  -3.560  0.2874E+00  0.7774E+01
  -3.540  0.2813E+00  0.7779E+01
  -3.520  0.2756E+00  0.7785E+01
  -3.500  0.2701E+00  0.7790E+01
  -3.480  0.2648E+00  0.7796E+01
  -3.460  0.2595E+00  0.7801E+01
  -3.440  0.2542E+00  0.7806E+01
  -3.420  0.2492E+00  0.7811E+01
  -3.400  0.2445E+00  0.7816E+01
  -3.380  0.2399E+00  0.7820E+01
  -3.360  0.2354E+00  0.7825E+01
  -3.340  0.2308E+00  0.7830E+01
  -3.320  0.2264E+00  0.7834E+01
  -3.300  0.2221E+00  0.7839E+01
  -3.280  0.2180E+00  0.7843E+01
  -3.260  0.2140E+00  0.7847E+01
  -3.240  0.2100E+00  0.7852E+01
  -3.220  0.2060E+00  0.7856E+01
  -3.200  0.2021E+00  0.7860E+01
  -3.180  0.1983E+00  0.7864E+01
  -3.160  0.1947E+00  0.7868E+01
  -3.140  0.1911E+00  0.7871E+01
  -3.120  0.1875E+00  0.7875E+01
  -3.100  0.1839E+00  0.7879E+01
  -3.080  0.1804E+00  0.7882E+01
  -3.060  0.1771E+00  0.7886E+01
  -3.040  0.1738E+00  0.7890E+01
  -3.020  0.1705E+00  0.7893E+01
  -3.000  0.1672E+00  0.7896E+01
  -2.980  0.1639E+00  0.7900E+01
  -2.960  0.1607E+00  0.7903E+01
  -2.940  0.1576E+00  0.7906E+01
  -2.920  0.1546E+00  0.7909E+01
  -2.900  0.1515E+00  0.7912E+01
  -2.880  0.1485E+00  0.7915E+01
  -2.860  0.1455E+00  0.7918E+01
  -2.840  0.1425E+00  0.7921E+01
  -2.820  0.1397E+00  0.7924E+01
  -2.800  0.1368E+00  0.7926E+01
  -2.780  0.1340E+00  0.7929E+01
  -2.760  0.1311E+00  0.7932E+01
  -2.740  0.1283E+00  0.7934E+01
  -2.720  0.1256E+00  0.7937E+01
  -2.700  0.1229E+00  0.7939E+01
  -2.680  0.1202E+00  0.7942E+01
  -2.660  0.1175E+00  0.7944E+01
  -2.640  0.1148E+00  0.7946E+01
  -2.620  0.1121E+00  0.7948E+01
  -2.600  0.1096E+00  0.7951E+01
  -2.580  0.1070E+00  0.7953E+01
  -2.560  0.1044E+00  0.7955E+01
  -2.540  0.1018E+00  0.7957E+01
  -2.520  0.9928E-01  0.7959E+01
  -2.500  0.9678E-01  0.7961E+01
  -2.480  0.9430E-01  0.7963E+01
  -2.460  0.9182E-01  0.7965E+01
  -2.440  0.8934E-01  0.7966E+01
  -2.420  0.8688E-01  0.7968E+01
  -2.400  0.8445E-01  0.7970E+01
  -2.380  0.8205E-01  0.7971E+01
  -2.360  0.7965E-01  0.7973E+01
  -2.340  0.7725E-01  0.7975E+01
  -2.320  0.7485E-01  0.7976E+01
  -2.300  0.7249E-01  0.7977E+01
  -2.280  0.7014E-01  0.7979E+01
  -2.260  0.6780E-01  0.7980E+01
  -2.240  0.6546E-01  0.7982E+01
  -2.220  0.6313E-01  0.7983E+01
  -2.200  0.6081E-01  0.7984E+01
  -2.180  0.5851E-01  0.7985E+01
  -2.160  0.5622E-01  0.7986E+01
  -2.140  0.5393E-01  0.7987E+01
  -2.120  0.5164E-01  0.7988E+01
  -2.100  0.4936E-01  0.7989E+01
  -2.080  0.4709E-01  0.7990E+01
  -2.060  0.4483E-01  0.7991E+01
  -2.040  0.4257E-01  0.7992E+01
  -2.020  0.4032E-01  0.7993E+01
  -2.000  0.3806E-01  0.7994E+01
  -1.980  0.3582E-01  0.7994E+01
  -1.960  0.3358E-01  0.7995E+01
  -1.940  0.3134E-01  0.7996E+01
  -1.920  0.2910E-01  0.7996E+01
  -1.900  0.2686E-01  0.7997E+01
  -1.880  0.2463E-01  0.7997E+01
  -1.860  0.2240E-01  0.7998E+01
  -1.840  0.2018E-01  0.7998E+01
  -1.820  0.1797E-01  0.7998E+01
  -1.800  0.1580E-01  0.7999E+01
  -1.780  0.1369E-01  0.7999E+01
  -1.760  0.1168E-01  0.7999E+01
  -1.740  0.9856E-02  0.8000E+01
  -1.720  0.8290E-02  0.8000E+01
  -1.700  0.7080E-02  0.8000E+01
  -1.680  0.6316E-02  0.8000E+01
  -1.660  0.6059E-02  0.8000E+01
  -1.640  0.6333E-02  0.8000E+01
  -1.620  0.7116E-02  0.8000E+01
  -1.600  0.8352E-02  0.8000E+01
  -1.580  0.9953E-02  0.8001E+01
  -1.560  0.1182E-01  0.8001E+01
  -1.540  0.1388E-01  0.8001E+01
  -1.520  0.1606E-01  0.8002E+01
  -1.500  0.1832E-01  0.8002E+01
  -1.480  0.2061E-01  0.8002E+01
  -1.460  0.2293E-01  0.8003E+01
  -1.440  0.2527E-01  0.8003E+01
  -1.420  0.2763E-01  0.8004E+01
  -1.400  0.3000E-01  0.8004E+01
  -1.380  0.3239E-01  0.8005E+01
  -1.360  0.3479E-01  0.8006E+01
  -1.340  0.3721E-01  0.8007E+01
  -1.320  0.3964E-01  0.8007E+01
  -1.300  0.4210E-01  0.8008E+01
  -1.280  0.4458E-01  0.8009E+01
  -1.260  0.4707E-01  0.8010E+01
  -1.240  0.4958E-01  0.8011E+01
  -1.220  0.5211E-01  0.8012E+01
  -1.200  0.5468E-01  0.8013E+01
  -1.180  0.5727E-01  0.8014E+01
  -1.160  0.5988E-01  0.8015E+01
  -1.140  0.6252E-01  0.8017E+01
  -1.120  0.6519E-01  0.8018E+01
  -1.100  0.6789E-01  0.8019E+01
  -1.080  0.7064E-01  0.8021E+01
  -1.060  0.7341E-01  0.8022E+01
  -1.040  0.7620E-01  0.8024E+01
  -1.020  0.7904E-01  0.8025E+01
  -1.000  0.8194E-01  0.8027E+01
  -0.980  0.8488E-01  0.8029E+01
  -0.960  0.8785E-01  0.8030E+01
  -0.940  0.9086E-01  0.8032E+01
  -0.920  0.9393E-01  0.8034E+01
  -0.900  0.9706E-01  0.8036E+01
  -0.880  0.1003E+00  0.8038E+01
  -0.860  0.1035E+00  0.8040E+01
  -0.840  0.1068E+00  0.8042E+01
  -0.820  0.1102E+00  0.8044E+01
  -0.800  0.1136E+00  0.8047E+01
  -0.780  0.1172E+00  0.8049E+01
  -0.760  0.1208E+00  0.8052E+01
  -0.740  0.1245E+00  0.8054E+01
  -0.720  0.1282E+00  0.8057E+01
  -0.700  0.1321E+00  0.8059E+01
  -0.680  0.1361E+00  0.8062E+01
  -0.660  0.1402E+00  0.8065E+01
  -0.640  0.1445E+00  0.8068E+01
  -0.620  0.1488E+00  0.8071E+01
  -0.600  0.1533E+00  0.8074E+01
  -0.580  0.1579E+00  0.8077E+01
  -0.560  0.1628E+00  0.8080E+01
  -0.540  0.1678E+00  0.8083E+01
  -0.520  0.1730E+00  0.8087E+01
  -0.500  0.1784E+00  0.8090E+01
  -0.480  0.1840E+00  0.8094E+01
  -0.460  0.1899E+00  0.8098E+01
  -0.440  0.1962E+00  0.8102E+01
  -0.420  0.2027E+00  0.8106E+01
  -0.400  0.2095E+00  0.8110E+01
  -0.380  0.2167E+00  0.8114E+01
  -0.360  0.2245E+00  0.8119E+01
  -0.340  0.2328E+00  0.8124E+01
  -0.320  0.2417E+00  0.8128E+01
  -0.300  0.2511E+00  0.8133E+01
  -0.280  0.2614E+00  0.8139E+01
  -0.260  0.2727E+00  0.8144E+01
  -0.240  0.2852E+00  0.8150E+01
  -0.220  0.2993E+00  0.8156E+01
  -0.200  0.3152E+00  0.8162E+01
  -0.180  0.3336E+00  0.8169E+01
  -0.160  0.3553E+00  0.8176E+01
  -0.140  0.3813E+00  0.8184E+01
  -0.120  0.4125E+00  0.8192E+01
  -0.100  0.4494E+00  0.8201E+01
  -0.080  0.4914E+00  0.8211E+01
  -0.060  0.5371E+00  0.8221E+01
  -0.040  0.5831E+00  0.8233E+01
  -0.020  0.6249E+00  0.8246E+01
  -0.000  0.6574E+00  0.8259E+01
   0.020  0.6766E+00  0.8272E+01
   0.040  0.6804E+00  0.8286E+01
   0.060  0.6696E+00  0.8299E+01
   0.080  0.6476E+00  0.8312E+01
   0.100  0.6187E+00  0.8325E+01
   0.120  0.5873E+00  0.8336E+01
   0.140  0.5567E+00  0.8347E+01
   0.160  0.5290E+00  0.8358E+01
   0.180  0.5051E+00  0.8368E+01
   0.200  0.4849E+00  0.8378E+01
   0.220  0.4680E+00  0.8387E+01
   0.240  0.4537E+00  0.8396E+01
   0.260  0.4414E+00  0.8405E+01
   0.280  0.4304E+00  0.8414E+01
   0.300  0.4205E+00  0.8422E+01
   0.320  0.4117E+00  0.8430E+01
   0.340  0.4039E+00  0.8438E+01
   0.360  0.3967E+00  0.8446E+01
   0.380  0.3900E+00  0.8454E+01
   0.400  0.3837E+00  0.8462E+01
   0.420  0.3777E+00  0.8469E+01
   0.440  0.3722E+00  0.8477E+01
   0.460  0.3671E+00  0.8484E+01
   0.480  0.3624E+00  0.8491E+01
   0.500  0.3579E+00  0.8499E+01
   0.520  0.3535E+00  0.8506E+01
   0.540  0.3493E+00  0.8513E+01
   0.560  0.3453E+00  0.8519E+01
   0.580  0.3416E+00  0.8526E+01
   0.600  0.3382E+00  0.8533E+01
   0.620  0.3348E+00  0.8540E+01
   0.640  0.3315E+00  0.8546E+01
   0.660  0.3282E+00  0.8553E+01
   0.680  0.3251E+00  0.8559E+01
   0.700  0.3222E+00  0.8566E+01
   0.720  0.3195E+00  0.8572E+01
   0.740  0.3169E+00  0.8579E+01
   0.760  0.3143E+00  0.8585E+01
   0.780  0.3117E+00  0.8591E+01
   0.800  0.3090E+00  0.8597E+01
   0.820  0.3066E+00  0.8603E+01
   0.840  0.3044E+00  0.8610E+01
   0.860  0.3024E+00  0.8616E+01
   0.880  0.3003E+00  0.8622E+01
   0.900  0.2981E+00  0.8628E+01
   0.920  0.2958E+00  0.8633E+01
   0.940  0.2937E+00  0.8639E+01
   0.960  0.2918E+00  0.8645E+01
   0.980  0.2901E+00  0.8651E+01
   1.000  0.2884E+00  0.8657E+01
   1.020  0.2865E+00  0.8663E+01
   1.040  0.2846E+00  0.8668E+01
   1.060  0.2827E+00  0.8674E+01
   1.080  0.2810E+00  0.8679E+01
   1.100  0.2795E+00  0.8685E+01
   1.120  0.2781E+00  0.8691E+01
   1.140  0.2766E+00  0.8696E+01
   1.160  0.2749E+00  0.8702E+01
   1.180  0.2733E+00  0.8707E+01
   1.200  0.2719E+00  0.8713E+01
   1.220  0.2711E+00  0.8718E+01
   1.240  0.2712E+00  0.8723E+01
   1.260  0.2725E+00  0.8729E+01
   1.280  0.2758E+00  0.8734E+01
   1.300  0.2819E+00  0.8740E+01
   1.320  0.2922E+00  0.8746E+01
   1.340  0.3073E+00  0.8752E+01
   1.360  0.3271E+00  0.8759E+01
   1.380  0.3507E+00  0.8766E+01
   1.400  0.3760E+00  0.8773E+01
   1.420  0.4006E+00  0.8781E+01
   1.440  0.4225E+00  0.8790E+01
   1.460  0.4405E+00  0.8798E+01
   1.480  0.4539E+00  0.8807E+01
   1.500  0.4631E+00  0.8817E+01
   1.520  0.4686E+00  0.8826E+01
   1.540  0.4713E+00  0.8835E+01
   1.560  0.4720E+00  0.8845E+01
   1.580  0.4716E+00  0.8854E+01
   1.600  0.4708E+00  0.8864E+01
   1.620  0.4701E+00  0.8873E+01
   1.640  0.4694E+00  0.8883E+01
   1.660  0.4686E+00  0.8892E+01
   1.680  0.4675E+00  0.8901E+01
   1.700  0.4663E+00  0.8911E+01
   1.720  0.4650E+00  0.8920E+01
   1.740  0.4640E+00  0.8929E+01
   1.760  0.4632E+00  0.8938E+01
   1.780  0.4625E+00  0.8948E+01
   1.800  0.4617E+00  0.8957E+01
   1.820  0.4607E+00  0.8966E+01
   1.840  0.4595E+00  0.8975E+01
   1.860  0.4584E+00  0.8985E+01
   1.880  0.4574E+00  0.8994E+01
   1.900  0.4568E+00  0.9003E+01
   1.920  0.4562E+00  0.9012E+01
   1.940  0.4555E+00  0.9021E+01
   1.960  0.4545E+00  0.9030E+01
   1.980  0.4533E+00  0.9039E+01
   2.000  0.4522E+00  0.9048E+01
   2.020  0.4514E+00  0.9057E+01
   2.040  0.4509E+00  0.9066E+01
   2.060  0.4504E+00  0.9075E+01
   2.080  0.4497E+00  0.9084E+01
   2.100  0.4487E+00  0.9093E+01
   2.120  0.4476E+00  0.9102E+01
   2.140  0.4466E+00  0.9111E+01
   2.160  0.4460E+00  0.9120E+01
   2.180  0.4458E+00  0.9129E+01
   2.200  0.4461E+00  0.9138E+01
   2.220  0.4469E+00  0.9147E+01
   2.240  0.4488E+00  0.9156E+01
   2.260  0.4528E+00  0.9165E+01
   2.280  0.4602E+00  0.9174E+01
   2.300  0.4721E+00  0.9184E+01
   2.320  0.4890E+00  0.9193E+01
   2.340  0.5103E+00  0.9204E+01
   2.360  0.5348E+00  0.9214E+01
   2.380  0.5604E+00  0.9225E+01
   2.400  0.5850E+00  0.9237E+01
   2.420  0.6068E+00  0.9249E+01
   2.440  0.6246E+00  0.9262E+01
   2.460  0.6381E+00  0.9274E+01
   2.480  0.6471E+00  0.9287E+01
   2.500  0.6525E+00  0.9300E+01
   2.520  0.6551E+00  0.9314E+01
   2.540  0.6559E+00  0.9327E+01
   2.560  0.6563E+00  0.9340E+01
   2.580  0.6569E+00  0.9353E+01
   2.600  0.6586E+00  0.9366E+01
   2.620  0.6619E+00  0.9379E+01
   2.640  0.6675E+00  0.9393E+01
   2.660  0.6763E+00  0.9406E+01
   2.680  0.6894E+00  0.9420E+01
   2.700  0.7072E+00  0.9434E+01
   2.720  0.7295E+00  0.9449E+01
   2.740  0.7549E+00  0.9464E+01
   2.760  0.7811E+00  0.9479E+01
   2.780  0.8054E+00  0.9496E+01
   2.800  0.8260E+00  0.9512E+01
   2.820  0.8419E+00  0.9529E+01
   2.840  0.8532E+00  0.9546E+01
   2.860  0.8606E+00  0.9563E+01
   2.880  0.8652E+00  0.9581E+01
   2.900  0.8678E+00  0.9598E+01
   2.920  0.8689E+00  0.9615E+01
   2.940  0.8689E+00  0.9633E+01
   2.960  0.8683E+00  0.9650E+01
   2.980  0.8675E+00  0.9667E+01
   3.000  0.8669E+00  0.9685E+01
   3.020  0.8666E+00  0.9702E+01
   3.040  0.8665E+00  0.9719E+01
   3.060  0.8663E+00  0.9737E+01
   3.080  0.8658E+00  0.9754E+01
   3.100  0.8649E+00  0.9771E+01
   3.120  0.8640E+00  0.9789E+01
   3.140  0.8633E+00  0.9806E+01
   3.160  0.8630E+00  0.9823E+01
   3.180  0.8629E+00  0.9840E+01
   3.200  0.8628E+00  0.9858E+01
   3.220  0.8624E+00  0.9875E+01
   3.240  0.8617E+00  0.9892E+01
   3.260  0.8608E+00  0.9909E+01
   3.280  0.8600E+00  0.9927E+01
   3.300  0.8596E+00  0.9944E+01
   3.320  0.8596E+00  0.9961E+01
   3.340  0.8596E+00  0.9978E+01
   3.360  0.8593E+00  0.9995E+01
   3.380  0.8587E+00  0.1001E+02
   3.400  0.8578E+00  0.1003E+02
   3.420  0.8570E+00  0.1005E+02
   3.440  0.8565E+00  0.1006E+02
   3.460  0.8564E+00  0.1008E+02
   3.480  0.8565E+00  0.1010E+02
   3.500  0.8564E+00  0.1012E+02
   3.520  0.8559E+00  0.1013E+02
   3.540  0.8551E+00  0.1015E+02
   3.560  0.8543E+00  0.1017E+02
   3.580  0.8538E+00  0.1018E+02
   3.600  0.8537E+00  0.1020E+02
   3.620  0.8538E+00  0.1022E+02
   3.640  0.8538E+00  0.1023E+02
   3.660  0.8536E+00  0.1025E+02
   3.680  0.8529E+00  0.1027E+02
   3.700  0.8522E+00  0.1029E+02
   3.720  0.8516E+00  0.1030E+02
   3.740  0.8514E+00  0.1032E+02
   3.760  0.8516E+00  0.1034E+02
   3.780  0.8519E+00  0.1035E+02
   3.800  0.8519E+00  0.1037E+02
   3.820  0.8515E+00  0.1039E+02
   3.840  0.8509E+00  0.1041E+02
   3.860  0.8505E+00  0.1042E+02
   3.880  0.8504E+00  0.1044E+02
   3.900  0.8508E+00  0.1046E+02
   3.920  0.8515E+00  0.1047E+02
   3.940  0.8522E+00  0.1049E+02
   3.960  0.8527E+00  0.1051E+02
   3.980  0.8532E+00  0.1052E+02
   4.000  0.8540E+00  0.1054E+02
   4.020  0.8555E+00  0.1056E+02
   4.040  0.8579E+00  0.1058E+02
   4.060  0.8609E+00  0.1059E+02
   4.080  0.8636E+00  0.1061E+02
   4.100  0.8647E+00  0.1063E+02
   4.120  0.8630E+00  0.1064E+02
   4.140  0.8573E+00  0.1066E+02
   4.160  0.8471E+00  0.1068E+02
   4.180  0.8329E+00  0.1070E+02
   4.200  0.8161E+00  0.1071E+02
   4.220  0.7992E+00  0.1073E+02
   4.240  0.7854E+00  0.1074E+02
   4.260  0.7776E+00  0.1076E+02
   4.280  0.7778E+00  0.1077E+02
   4.300  0.7861E+00  0.1079E+02
   4.320  0.8007E+00  0.1081E+02
   4.340  0.8184E+00  0.1082E+02
   4.360  0.8357E+00  0.1084E+02
   4.380  0.8497E+00  0.1086E+02
   4.400  0.8589E+00  0.1087E+02
   4.420  0.8631E+00  0.1089E+02
   4.440  0.8637E+00  0.1091E+02
   4.460  0.8622E+00  0.1093E+02
   4.480  0.8604E+00  0.1094E+02
   4.500  0.8590E+00  0.1096E+02
   4.520  0.8583E+00  0.1098E+02
   4.540  0.8581E+00  0.1099E+02
   4.560  0.8585E+00  0.1101E+02
   4.580  0.8596E+00  0.1103E+02
   4.600  0.8618E+00  0.1105E+02
   4.620  0.8652E+00  0.1106E+02
   4.640  0.8695E+00  0.1108E+02
   4.660  0.8734E+00  0.1110E+02
   4.680  0.8753E+00  0.1112E+02
   4.700  0.8734E+00  0.1113E+02
   4.720  0.8666E+00  0.1115E+02
   4.740  0.8552E+00  0.1117E+02
   4.760  0.8408E+00  0.1118E+02
   4.780  0.8269E+00  0.1120E+02
   4.800  0.8185E+00  0.1122E+02
   4.820  0.8207E+00  0.1123E+02
   4.840  0.8370E+00  0.1125E+02
   4.860  0.8679E+00  0.1127E+02
   4.880  0.9099E+00  0.1129E+02
   4.900  0.9560E+00  0.1130E+02
   4.920  0.9973E+00  0.1132E+02
   4.940  0.1026E+01  0.1135E+02
   4.960  0.1036E+01  0.1137E+02
   4.980  0.1027E+01  0.1139E+02
   5.000  0.1002E+01  0.1141E+02
   5.020  0.9658E+00  0.1143E+02
   5.040  0.9263E+00  0.1144E+02
   5.060  0.8900E+00  0.1146E+02
   5.080  0.8628E+00  0.1148E+02
   5.100  0.8490E+00  0.1150E+02
   5.120  0.8512E+00  0.1151E+02
   5.140  0.8697E+00  0.1153E+02
   5.160  0.9031E+00  0.1155E+02
   5.180  0.9472E+00  0.1157E+02
   5.200  0.9964E+00  0.1159E+02
   5.220  0.1044E+01  0.1161E+02
   5.240  0.1084E+01  0.1163E+02
   5.260  0.1111E+01  0.1165E+02
   5.280  0.1126E+01  0.1168E+02
   5.300  0.1128E+01  0.1170E+02
   5.320  0.1123E+01  0.1172E+02
   5.340  0.1113E+01  0.1174E+02
   5.360  0.1103E+01  0.1176E+02
   5.380  0.1094E+01  0.1179E+02
   5.400  0.1087E+01  0.1181E+02
   5.420  0.1081E+01  0.1183E+02
   5.440  0.1076E+01  0.1185E+02
   5.460  0.1072E+01  0.1187E+02
   5.480  0.1069E+01  0.1189E+02
   5.500  0.1067E+01  0.1192E+02
   5.520  0.1067E+01  0.1194E+02
   5.540  0.1068E+01  0.1196E+02
   5.560  0.1071E+01  0.1198E+02
   5.580  0.1077E+01  0.1200E+02
   5.600  0.1089E+01  0.1202E+02
   5.620  0.1110E+01  0.1205E+02
   5.640  0.1141E+01  0.1207E+02
   5.660  0.1185E+01  0.1209E+02
   5.680  0.1239E+01  0.1212E+02
   5.700  0.1302E+01  0.1214E+02
   5.720  0.1369E+01  0.1217E+02
   5.740  0.1434E+01  0.1220E+02
   5.760  0.1491E+01  0.1223E+02
   5.780  0.1535E+01  0.1226E+02
   5.800  0.1565E+01  0.1229E+02
   5.820  0.1580E+01  0.1232E+02
   5.840  0.1583E+01  0.1235E+02
   5.860  0.1577E+01  0.1239E+02
   5.880  0.1567E+01  0.1242E+02
   5.900  0.1555E+01  0.1245E+02
   5.920  0.1546E+01  0.1248E+02
   5.940  0.1539E+01  0.1251E+02
   5.960  0.1534E+01  0.1254E+02
   5.980  0.1529E+01  0.1257E+02
   6.000  0.1522E+01  0.1260E+02
   6.020  0.1512E+01  0.1263E+02
   6.040  0.1500E+01  0.1266E+02
   6.060  0.1487E+01  0.1269E+02
   6.080  0.1475E+01  0.1272E+02
   6.100  0.1463E+01  0.1275E+02
   6.120  0.1451E+01  0.1278E+02
   6.140  0.1440E+01  0.1281E+02
   6.160  0.1429E+01  0.1284E+02
   6.180  0.1417E+01  0.1286E+02
   6.200  0.1406E+01  0.1289E+02
   6.220  0.1395E+01  0.1292E+02
   6.240  0.1384E+01  0.1295E+02
   6.260  0.1370E+01  0.1298E+02
   6.280  0.1352E+01  0.1300E+02
   6.300  0.1327E+01  0.1303E+02
   6.320  0.1294E+01  0.1306E+02
   6.340  0.1251E+01  0.1308E+02
   6.360  0.1201E+01  0.1310E+02
   6.380  0.1144E+01  0.1313E+02
   6.400  0.1087E+01  0.1315E+02
   6.420  0.1032E+01  0.1317E+02
   6.440  0.9845E+00  0.1319E+02
   6.460  0.9454E+00  0.1321E+02
   6.480  0.9147E+00  0.1323E+02
   6.500  0.8908E+00  0.1324E+02
   6.520  0.8719E+00  0.1326E+02
   6.540  0.8572E+00  0.1328E+02
   6.560  0.8459E+00  0.1330E+02
   6.580  0.8378E+00  0.1331E+02
   6.600  0.8320E+00  0.1333E+02
   6.620  0.8274E+00  0.1335E+02
   6.640  0.8227E+00  0.1336E+02
   6.660  0.8176E+00  0.1338E+02
   6.680  0.8121E+00  0.1339E+02
   6.700  0.8071E+00  0.1341E+02
   6.720  0.8031E+00  0.1343E+02
   6.740  0.7998E+00  0.1344E+02
   6.760  0.7965E+00  0.1346E+02
   6.780  0.7929E+00  0.1347E+02
   6.800  0.7888E+00  0.1349E+02
   6.820  0.7847E+00  0.1351E+02
   6.840  0.7811E+00  0.1352E+02
   6.860  0.7780E+00  0.1354E+02
   6.880  0.7750E+00  0.1355E+02
   6.900  0.7717E+00  0.1357E+02
   6.920  0.7682E+00  0.1358E+02
   6.940  0.7650E+00  0.1360E+02
   6.960  0.7623E+00  0.1361E+02
   6.980  0.7601E+00  0.1363E+02
   7.000  0.7577E+00  0.1364E+02
   7.020  0.7545E+00  0.1366E+02
   7.040  0.7507E+00  0.1367E+02
   7.060  0.7472E+00  0.1369E+02
   7.080  0.7447E+00  0.1370E+02
   7.100  0.7434E+00  0.1372E+02
   7.120  0.7425E+00  0.1373E+02
   7.140  0.7406E+00  0.1375E+02
   7.160  0.7373E+00  0.1376E+02
   7.180  0.7330E+00  0.1378E+02
   7.200  0.7292E+00  0.1379E+02
   7.220  0.7270E+00  0.1381E+02
   7.240  0.7266E+00  0.1382E+02
   7.260  0.7267E+00  0.1384E+02
   7.280  0.7258E+00  0.1385E+02
   7.300  0.7229E+00  0.1387E+02
   7.320  0.7185E+00  0.1388E+02
   7.340  0.7142E+00  0.1389E+02
   7.360  0.7116E+00  0.1391E+02
   7.380  0.7112E+00  0.1392E+02
   7.400  0.7119E+00  0.1394E+02
   7.420  0.7122E+00  0.1395E+02
   7.440  0.7106E+00  0.1397E+02
   7.460  0.7070E+00  0.1398E+02
   7.480  0.7026E+00  0.1399E+02
   7.500  0.6991E+00  0.1401E+02
   7.520  0.6976E+00  0.1402E+02
   7.540  0.6980E+00  0.1404E+02
   7.560  0.6990E+00  0.1405E+02
   7.580  0.6992E+00  0.1406E+02
   7.600  0.6975E+00  0.1408E+02
   7.620  0.6941E+00  0.1409E+02
   7.640  0.6902E+00  0.1410E+02
   7.660  0.6871E+00  0.1412E+02
   7.680  0.6859E+00  0.1413E+02
   7.700  0.6864E+00  0.1415E+02
   7.720  0.6875E+00  0.1416E+02
   7.740  0.6880E+00  0.1417E+02
   7.760  0.6869E+00  0.1419E+02
   7.780  0.6840E+00  0.1420E+02
   7.800  0.6802E+00  0.1421E+02
   7.820  0.6769E+00  0.1423E+02
   7.840  0.6752E+00  0.1424E+02
   7.860  0.6755E+00  0.1426E+02
   7.880  0.6769E+00  0.1427E+02
   7.900  0.6781E+00  0.1428E+02
   7.920  0.6778E+00  0.1430E+02
   7.940  0.6753E+00  0.1431E+02
   7.960  0.6716E+00  0.1432E+02
   7.980  0.6680E+00  0.1434E+02
   8.000  0.6660E+00  0.1435E+02
   8.020  0.6661E+00  0.1436E+02
   8.040  0.6677E+00  0.1438E+02
   8.060  0.6694E+00  0.1439E+02
   8.080  0.6697E+00  0.1440E+02
   8.100  0.6680E+00  0.1442E+02
   8.120  0.6648E+00  0.1443E+02
   8.140  0.6615E+00  0.1444E+02
   8.160  0.6593E+00  0.1446E+02
   8.180  0.6590E+00  0.1447E+02
   8.200  0.6602E+00  0.1448E+02
   8.220  0.6617E+00  0.1450E+02
   8.240  0.6626E+00  0.1451E+02
   8.260  0.6621E+00  0.1452E+02
   8.280  0.6604E+00  0.1454E+02
   8.300  0.6582E+00  0.1455E+02
   8.320  0.6562E+00  0.1456E+02
   8.340  0.6552E+00  0.1457E+02
   8.360  0.6553E+00  0.1459E+02
   8.380  0.6562E+00  0.1460E+02
   8.400  0.6574E+00  0.1461E+02
   8.420  0.6584E+00  0.1463E+02
   8.440  0.6587E+00  0.1464E+02
   8.460  0.6582E+00  0.1465E+02
   8.480  0.6570E+00  0.1467E+02
   8.500  0.6557E+00  0.1468E+02
   8.520  0.6548E+00  0.1469E+02
   8.540  0.6547E+00  0.1471E+02
   8.560  0.6556E+00  0.1472E+02
   8.580  0.6574E+00  0.1473E+02
   8.600  0.6595E+00  0.1475E+02
   8.620  0.6612E+00  0.1476E+02
   8.640  0.6620E+00  0.1477E+02
   8.660  0.6617E+00  0.1479E+02
   8.680  0.6607E+00  0.1480E+02
   8.700  0.6599E+00  0.1481E+02
   8.720  0.6604E+00  0.1482E+02
   8.740  0.6630E+00  0.1484E+02
   8.760  0.6677E+00  0.1485E+02
   8.780  0.6739E+00  0.1486E+02
   8.800  0.6805E+00  0.1488E+02
   8.820  0.6878E+00  0.1489E+02
   8.840  0.6971E+00  0.1491E+02
   8.860  0.7115E+00  0.1492E+02
   8.880  0.7343E+00  0.1494E+02
   8.900  0.7680E+00  0.1495E+02
   8.920  0.8126E+00  0.1497E+02
   8.940  0.8655E+00  0.1498E+02
   8.960  0.9215E+00  0.1500E+02
   8.980  0.9746E+00  0.1502E+02
   9.000  0.1019E+01  0.1504E+02
   9.020  0.1051E+01  0.1506E+02
   9.040  0.1069E+01  0.1508E+02
   9.060  0.1072E+01  0.1511E+02
   9.080  0.1062E+01  0.1513E+02
   9.100  0.1042E+01  0.1515E+02
   9.120  0.1015E+01  0.1517E+02
   9.140  0.9835E+00  0.1519E+02
   9.160  0.9510E+00  0.1521E+02
   9.180  0.9200E+00  0.1523E+02
   9.200  0.8922E+00  0.1524E+02
   9.220  0.8684E+00  0.1526E+02
   9.240  0.8486E+00  0.1528E+02
   9.260  0.8316E+00  0.1529E+02
   9.280  0.8164E+00  0.1531E+02
   9.300  0.8016E+00  0.1533E+02
   9.320  0.7865E+00  0.1534E+02
   9.340  0.7710E+00  0.1536E+02
   9.360  0.7554E+00  0.1537E+02
   9.380  0.7403E+00  0.1539E+02
   9.400  0.7265E+00  0.1540E+02
   9.420  0.7143E+00  0.1542E+02
   9.440  0.7042E+00  0.1543E+02
   9.460  0.6960E+00  0.1544E+02
   9.480  0.6893E+00  0.1546E+02
   9.500  0.6834E+00  0.1547E+02
   9.520  0.6775E+00  0.1549E+02
   9.540  0.6712E+00  0.1550E+02
   9.560  0.6641E+00  0.1551E+02
   9.580  0.6564E+00  0.1553E+02
   9.600  0.6487E+00  0.1554E+02
   9.620  0.6416E+00  0.1555E+02
   9.640  0.6358E+00  0.1556E+02
   9.660  0.6313E+00  0.1558E+02
   9.680  0.6280E+00  0.1559E+02
   9.700  0.6251E+00  0.1560E+02
   9.720  0.6218E+00  0.1561E+02
   9.740  0.6174E+00  0.1563E+02
   9.760  0.6119E+00  0.1564E+02
   9.780  0.6055E+00  0.1565E+02
   9.800  0.5989E+00  0.1566E+02
   9.820  0.5926E+00  0.1567E+02
   9.840  0.5866E+00  0.1569E+02
   9.860  0.5801E+00  0.1570E+02
   9.880  0.5718E+00  0.1571E+02
   9.900  0.5599E+00  0.1572E+02
   9.920  0.5429E+00  0.1573E+02
   9.940  0.5198E+00  0.1574E+02
   9.960  0.4906E+00  0.1575E+02
   9.980  0.4561E+00  0.1576E+02
  10.000  0.4180E+00  0.1577E+02
  10.020  0.3786E+00  0.1578E+02
  10.040  0.3404E+00  0.1578E+02
  10.060  0.3056E+00  0.1579E+02
  10.080  0.2757E+00  0.1580E+02
  10.100  0.2517E+00  0.1580E+02
  10.120  0.2333E+00  0.1580E+02
  10.140  0.2200E+00  0.1581E+02
  10.160  0.2111E+00  0.1581E+02
  10.180  0.2055E+00  0.1582E+02
  10.200  0.2023E+00  0.1582E+02
  10.220  0.2004E+00  0.1583E+02
  10.240  0.1988E+00  0.1583E+02
  10.260  0.1964E+00  0.1583E+02
  10.280  0.1928E+00  0.1584E+02
  10.300  0.1881E+00  0.1584E+02
  10.320  0.1836E+00  0.1584E+02
  10.340  0.1804E+00  0.1585E+02
  10.360  0.1792E+00  0.1585E+02
  10.380  0.1795E+00  0.1586E+02
  10.400  0.1799E+00  0.1586E+02
  10.420  0.1789E+00  0.1586E+02
  10.440  0.1755E+00  0.1587E+02
  10.460  0.1703E+00  0.1587E+02
  10.480  0.1652E+00  0.1587E+02
  10.500  0.1620E+00  0.1588E+02
  10.520  0.1616E+00  0.1588E+02
  10.540  0.1631E+00  0.1588E+02
  10.560  0.1646E+00  0.1589E+02
  10.580  0.1640E+00  0.1589E+02
  10.600  0.1605E+00  0.1589E+02
  10.620  0.1551E+00  0.1590E+02
  10.640  0.1501E+00  0.1590E+02
  10.660  0.1474E+00  0.1590E+02
  10.680  0.1477E+00  0.1590E+02
  10.700  0.1497E+00  0.1591E+02
  10.720  0.1512E+00  0.1591E+02
  10.740  0.1505E+00  0.1591E+02
  10.760  0.1475E+00  0.1592E+02
  10.780  0.1432E+00  0.1592E+02
  10.800  0.1395E+00  0.1592E+02
  10.820  0.1376E+00  0.1593E+02
  10.840  0.1376E+00  0.1593E+02
  10.860  0.1387E+00  0.1593E+02
  10.880  0.1396E+00  0.1593E+02
  10.900  0.1396E+00  0.1594E+02
  10.920  0.1383E+00  0.1594E+02
  10.940  0.1362E+00  0.1594E+02
  10.960  0.1340E+00  0.1594E+02
  10.980  0.1324E+00  0.1595E+02
  11.000  0.1318E+00  0.1595E+02
  11.020  0.1322E+00  0.1595E+02
  11.040  0.1335E+00  0.1595E+02
  11.060  0.1353E+00  0.1596E+02
  11.080  0.1371E+00  0.1596E+02
  11.100  0.1390E+00  0.1596E+02
  11.120  0.1410E+00  0.1597E+02
  11.140  0.1439E+00  0.1597E+02
  11.160  0.1477E+00  0.1597E+02
  11.180  0.1524E+00  0.1597E+02
  11.200  0.1568E+00  0.1598E+02
  11.220  0.1594E+00  0.1598E+02
  11.240  0.1585E+00  0.1598E+02
  11.260  0.1527E+00  0.1599E+02
  11.280  0.1414E+00  0.1599E+02
  11.300  0.1251E+00  0.1599E+02
  11.320  0.1052E+00  0.1599E+02
  11.340  0.8367E-01  0.1600E+02
  11.360  0.6272E-01  0.1600E+02
  11.380  0.4415E-01  0.1600E+02
  11.400  0.2909E-01  0.1600E+02
  11.420  0.1788E-01  0.1600E+02
  11.440  0.1023E-01  0.1600E+02
  11.460  0.5436E-02  0.1600E+02
  11.480  0.2676E-02  0.1600E+02
  11.500  0.1219E-02  0.1600E+02
  11.520  0.5129E-03  0.1600E+02
  11.540  0.1991E-03  0.1600E+02
  11.560  0.7126E-04  0.1600E+02
  11.580  0.2349E-04  0.1600E+02
  11.600  0.7123E-05  0.1600E+02
  11.620  0.1987E-05  0.1600E+02
  11.640  0.5096E-06  0.1600E+02
  11.660  0.1201E-06  0.1600E+02
  11.680  0.2600E-07  0.1600E+02
  11.700  0.5167E-08  0.1600E+02
  11.720  0.9430E-09  0.1600E+02
  11.740  0.1579E-09  0.1600E+02
  11.760  0.2428E-10  0.1600E+02
  11.780  0.3423E-11  0.1600E+02
  11.800  0.4429E-12  0.1600E+02
  11.820  0.5255E-13  0.1600E+02
  11.840  0.5719E-14  0.1600E+02
  11.860  0.5707E-15  0.1600E+02
  11.880  0.5223E-16  0.1600E+02
  11.900  0.4382E-17  0.1600E+02
  11.920  0.3370E-18  0.1600E+02
  11.940  0.2376E-19  0.1600E+02
  11.960  0.1536E-20  0.1600E+02
  11.980  0.9099E-22  0.1600E+02
  12.000  0.4941E-23  0.1600E+02
  12.020  0.2459E-24  0.1600E+02
  12.040  0.1121E-25  0.1600E+02
  12.060  0.4686E-27  0.1600E+02
  12.080  0.1795E-28  0.1600E+02
  12.100  0.6298E-30  0.1600E+02
  12.120  0.2025E-31  0.1600E+02
  12.140  0.5967E-33  0.1600E+02
  12.160  0.1611E-34  0.1600E+02
  12.180  0.3984E-36  0.1600E+02
  12.200  0.9027E-38  0.1600E+02
  12.220  0.1874E-39  0.1600E+02
  12.240  0.3564E-41  0.1600E+02
  12.260  0.6209E-43  0.1600E+02
  12.280  0.9910E-45  0.1600E+02
  12.300  0.1449E-46  0.1600E+02
  12.320  0.1941E-48  0.1600E+02
  12.340  0.2381E-50  0.1600E+02
  12.360  0.2675E-52  0.1600E+02
  12.380  0.2754E-54  0.1600E+02
  12.400  0.2597E-56  0.1600E+02
  12.420  0.2243E-58  0.1600E+02
  12.440  0.1774E-60  0.1600E+02
  12.460  0.1285E-62  0.1600E+02
  12.480  0.8530E-65  0.1600E+02
  12.500  0.5185E-67  0.1600E+02
  12.520  0.2886E-69  0.1600E+02
  12.540  0.1472E-71  0.1600E+02
  12.560  0.6873E-74  0.1600E+02
  12.580  0.2939E-76  0.1600E+02
  12.600  0.1151E-78  0.1600E+02
  12.620  0.4132E-81  0.1600E+02
  12.640  0.1488E-83  0.1600E+02
  12.660  0.1352E-84  0.1600E+02
  12.680  0.1312E-84  0.1600E+02
  12.700  0.1312E-84  0.1600E+02
  12.720  0.1312E-84  0.1600E+02
  12.740  0.1312E-84  0.1600E+02
  12.760  0.1312E-84  0.1600E+02
  12.780  0.1312E-84  0.1600E+02
  12.800  0.1312E-84  0.1600E+02
  12.820  0.1312E-84  0.1600E+02
  12.840  0.1312E-84  0.1600E+02
  12.860  0.1312E-84  0.1600E+02
  12.880  0.1312E-84  0.1600E+02
  12.900  0.1312E-84  0.1600E+02
  12.920  0.1312E-84  0.1600E+02
  12.940  0.1312E-84  0.1600E+02
  12.960  0.1312E-84  0.1600E+02
  12.980  0.1312E-84  0.1600E+02
  13.000  0.1312E-84  0.1600E+02
  13.020  0.1312E-84  0.1600E+02
  13.040  0.1312E-84  0.1600E+02
  13.060  0.1312E-84  0.1600E+02
  13.080  0.1312E-84  0.1600E+02
  13.100  0.1312E-84  0.1600E+02
  13.120  0.1312E-84  0.1600E+02
  13.140  0.1312E-84  0.1600E+02
  13.160  0.1312E-84  0.1600E+02
  13.180  0.1312E-84  0.1600E+02
  13.200  0.1312E-84  0.1600E+02
  13.220  0.1312E-84  0.1600E+02
  13.240  0.1312E-84  0.1600E+02
  13.260  0.1312E-84  0.1600E+02
  13.280  0.1312E-84  0.1600E+02
  13.300  0.1312E-84  0.1600E+02
  13.320  0.1312E-84  0.1600E+02
  13.340  0.1312E-84  0.1600E+02
  13.360  0.1312E-84  0.1600E+02
  13.380  0.1312E-84  0.1600E+02
  13.400  0.1312E-84  0.1600E+02
  13.420  0.1312E-84  0.1600E+02
  13.440  0.1312E-84  0.1600E+02
  13.460  0.1312E-84  0.1600E+02
  13.480  0.1312E-84  0.1600E+02
  13.500  0.1312E-84  0.1600E+02
  13.520  0.1312E-84  0.1600E+02
  13.540  0.1312E-84  0.1600E+02
  13.560  0.1312E-84  0.1600E+02
  13.580  0.1312E-84  0.1600E+02
  13.600  0.1312E-84  0.1600E+02
  13.620  0.1312E-84  0.1600E+02
  13.640  0.1312E-84  0.1600E+02
  13.660  0.1312E-84  0.1600E+02
  13.680  0.1312E-84  0.1600E+02
  13.700  0.1312E-84  0.1600E+02
  13.720  0.1312E-84  0.1600E+02
  13.740  0.1312E-84  0.1600E+02
  13.760  0.1312E-84  0.1600E+02
  13.780  0.1312E-84  0.1600E+02
  13.800  0.1312E-84  0.1600E+02
  13.820  0.1312E-84  0.1600E+02
  13.840  0.1312E-84  0.1600E+02
  13.860  0.1312E-84  0.1600E+02
  13.880  0.1312E-84  0.1600E+02
  13.900  0.1312E-84  0.1600E+02
  13.920  0.1312E-84  0.1600E+02
  13.940  0.1312E-84  0.1600E+02
  13.960  0.1312E-84  0.1600E+02
  13.980  0.1312E-84  0.1600E+02
  14.000  0.1312E-84  0.1600E+02
  14.020  0.1312E-84  0.1600E+02
  14.040  0.1312E-84  0.1600E+02
  14.060  0.1312E-84  0.1600E+02
  14.080  0.1312E-84  0.1600E+02
  14.100  0.1312E-84  0.1600E+02
  14.120  0.1312E-84  0.1600E+02
  14.140  0.1312E-84  0.1600E+02
  14.160  0.1312E-84  0.1600E+02
  14.180  0.1312E-84  0.1600E+02
  14.200  0.1312E-84  0.1600E+02
  14.220  0.1312E-84  0.1600E+02
  14.240  0.1312E-84  0.1600E+02
  14.260  0.1312E-84  0.1600E+02
  14.280  0.1312E-84  0.1600E+02
  14.300  0.1312E-84  0.1600E+02
  14.320  0.1312E-84  0.1600E+02
  14.340  0.1312E-84  0.1600E+02
  14.360  0.1312E-84  0.1600E+02
  14.380  0.1312E-84  0.1600E+02
  14.400  0.1312E-84  0.1600E+02
  14.420  0.1312E-84  0.1600E+02
  14.440  0.1312E-84  0.1600E+02
  14.460  0.1312E-84  0.1600E+02
  14.480  0.1312E-84  0.1600E+02
  14.500  0.1312E-84  0.1600E+02
  14.520  0.1312E-84  0.1600E+02
  14.540  0.1312E-84  0.1600E+02
  14.560  0.1312E-84  0.1600E+02
  14.580  0.1312E-84  0.1600E+02
  14.600  0.1312E-84  0.1600E+02
  14.620  0.1312E-84  0.1600E+02
  14.640  0.1312E-84  0.1600E+02
  14.660  0.1312E-84  0.1600E+02
  14.680  0.1312E-84  0.1600E+02
  14.700  0.1312E-84  0.1600E+02
  14.720  0.1312E-84  0.1600E+02
  14.740  0.1312E-84  0.1600E+02
  14.760  0.1312E-84  0.1600E+02
  14.780  0.1312E-84  0.1600E+02
  14.800  0.1312E-84  0.1600E+02
  14.820  0.1312E-84  0.1600E+02
  14.840  0.1312E-84  0.1600E+02
  14.860  0.1312E-84  0.1600E+02
  14.880  0.1312E-84  0.1600E+02
  14.900  0.1312E-84  0.1600E+02
  14.920  0.1312E-84  0.1600E+02
  14.940  0.1312E-84  0.1600E+02
  14.960  0.1312E-84  0.1600E+02
  14.980  0.1312E-84  0.1600E+02
  15.000  0.1312E-84  0.1600E+02
