    0.000000000   -0.062661902    0.072112190
    0.094486306   -0.062282628    0.057282441
    0.188972612   -0.057052809    0.043517247
    0.283458919   -0.057646871    0.031000871
    0.377945225   -0.054085918    0.019492996
    0.472431531   -0.052555842    0.009184989
    0.566917837   -0.050817377   -0.000027634
    0.661404143   -0.048112946   -0.008135857
    0.755890450   -0.046819798   -0.015068060
    0.850376756   -0.044281385   -0.020943030
    0.944863062   -0.042449787   -0.025639395
    1.039349368   -0.040549009   -0.029235268
    1.133835674   -0.038210081   -0.031732510
    1.228321981   -0.036552555   -0.033030643
    1.322808287   -0.034255947   -0.033322812
    1.417294593   -0.032343736   -0.032361029
    1.511780899   -0.030387592   -0.030340332
    1.606267205   -0.028179643   -0.028264516
    1.700753511   -0.026382003   -0.026295085
    1.795239818   -0.024184189   -0.024238775
    1.889726124   -0.022237690   -0.022233410
    1.984212430   -0.020255535   -0.020212529
    2.078698736   -0.018110561   -0.018180834
    2.173185042   -0.016243274   -0.016173532
    2.267671349   -0.014096070   -0.014140626
    2.362157655   -0.012131652   -0.012125537
    2.456643961   -0.010135114   -0.010104532
    2.551130267   -0.008025420   -0.008078263
    2.645616573   -0.006118352   -0.006064233
    2.740102880   -0.004000579   -0.004036630
    2.834589186   -0.002025622   -0.002018945
    2.929075492   -0.000020300    0.000002144
    3.023561798    0.002067675    0.002026486
    3.118048104    0.003999537    0.004043071
    3.212534411    0.006098751    0.006068513
    3.307020717    0.008080392    0.008087293
    3.401507023    0.010091451    0.010108434
    3.495993329    0.012165180    0.012131829
    3.590479635    0.014113430    0.014149682
    3.684965942    0.016200283    0.016174004
    3.779452248    0.018186379    0.018193343
    3.873938554    0.020201365    0.020214511
    3.968424860    0.022265325    0.022237351
    4.062911166    0.024224852    0.024255917
    4.157397473    0.026303144    0.026279563
    4.251883779    0.028292275    0.028299207
    4.346370085    0.030310007    0.030320372
    4.440856391    0.032367036    0.032342833
    4.535342697    0.034334495    0.034361811
    4.629829003    0.036406697    0.036384990
    4.724315310    0.038397971    0.038404777
    4.818801616    0.040417692    0.040425885
    4.913287922    0.042469718    0.042448031
    5.007774228    0.044442881    0.044467202
    5.102260534    0.046510688    0.046489980
    5.196746841    0.048503433    0.048509756
    5.291233147    0.050524578    0.050530702
    5.385719453    0.052572908    0.052552486
    5.480205759    0.054550125    0.054571616
    5.574692065    0.056614702    0.056593916
    5.669178372    0.058608378    0.058613443
    5.763664678    0.060630481    0.060633996
    5.858150984    0.062676003    0.062655200
    5.952637290    0.064655970    0.064673911
    6.047123596    0.066718090    0.066695422
    6.141609903    0.068712165    0.068714236
    6.236096209    0.070734739    0.070733872
    6.330582515    0.072777965    0.072753917
    6.425068821    0.074759492    0.074771436
    6.519555127    0.076819543    0.076791339
    6.614041434    0.078813336    0.078808401
    6.708527740    0.080835697    0.080825917
    6.803014046    0.082876665    0.082843407
    6.897500352    0.084858360    0.084858021
    6.991986658    0.086916151    0.086874363
    7.086472964    0.088908504    0.088887309
    7.180959271    0.090929410    0.090899926
    7.275445577    0.092967339    0.092911604
    7.369931883    0.094947081    0.094919409
    7.464418189    0.097001336    0.096927635
    7.558904495    0.098989904    0.098931040
    7.653390802    0.101006714    0.100932357
    7.747877108    0.103039063    0.102930675
    7.842363414    0.105012817    0.104922708
    7.936849720    0.107059885    0.106912275
    8.031336026    0.109039588    0.108893647
    8.125822333    0.111046442    0.110868913
    8.220308639    0.113066769    0.112836466
    8.314794945    0.115025937    0.114792114
    8.409281251    0.117056714    0.116738718
    8.503767557    0.119016032    0.118669295
    8.598253864    0.120999527    0.120584536
    8.692740170    0.122992479    0.122481202
    8.787226476    0.124917973    0.124353016
    8.881712782    0.126910975    0.126200640
    8.976199088    0.128823656    0.128014185
    9.070685395    0.130752987    0.129791120
    9.165171701    0.132682600    0.131524374
    9.259658007    0.134530961    0.133202901
    9.354144313    0.136436097    0.134822169
    9.448630619    0.138242056    0.136365617
    9.543116926    0.140046596    0.137823191
    9.637603232    0.141829835    0.139178836
    9.732089538    0.143501761    0.140410496
    9.826575844    0.145203055    0.141501283
    9.921062150    0.146764042    0.142419158
   10.015548456    0.148280990    0.143136360
   10.110034763    0.149726046    0.143615689
   10.204521069    0.150993593    0.143809539
   10.299007375    0.152223402    0.143671784
   10.393493681    0.153221244    0.143134444
   10.487979987    0.154074871    0.142128246
   10.582466294    0.154737589    0.140566573
   10.676952600    0.155073404    0.138342738
   10.771438906    0.155210128    0.135342584
   10.865925212    0.154906770    0.131415877
   10.960411518    0.154224397    0.126398429
   11.054897825    0.153071425    0.120091676
   11.149384131    0.151248238    0.112257002
   11.243870437    0.148840339    0.102629144
   11.338356743    0.145510832    0.090878636
   11.432843049    0.141249276    0.076638422
   11.527329356    0.135858740    0.059475091
   11.621815662    0.129001834    0.038881203
   11.716301968    0.120647563    0.014294789
   11.810788274    0.110253444   -0.014950302
   11.905274580    0.097631509   -0.049585449
   11.999760887    0.082341113   -0.090505416
   12.094247193    0.063743712   -0.138663892
   12.188733499    0.041526208   -0.194560827
   12.283219805    0.014708165   -0.258184689
   12.377706111   -0.017298829   -0.329160034
   12.472192418   -0.055462736   -0.406628093
   12.566678724   -0.101045076   -0.489237689
   12.661165030   -0.154961809   -0.575163185
   12.755651336   -0.219062714   -0.662177992
   12.850137642   -0.294682596   -0.747900173
   12.944623948   -0.383782246   -0.830091194
   13.039110255   -0.488684485   -0.906912672
   13.133596561   -0.611185255   -0.976980327
   13.228082867   -0.754374421   -1.039400946
   13.322569173   -0.920468297   -1.093747991
   13.417055479   -1.114444114   -1.139943684
   13.511541786   -1.338175181   -1.178413747
   13.606028092   -1.577731583   -1.210008838
   13.700514398   -1.817129572   -1.235511024
   13.795000704   -2.045328944   -1.255508524
   13.889487010   -2.247285423   -1.270497435
   13.983973317   -2.407826055   -1.280844991
   14.078459623   -2.512442123   -1.286816041
   14.172945929   -2.548618691   -1.288573166
   14.267432235   -2.511876784   -1.286154687
   14.361918541   -2.406672352   -1.279511552
   14.456404848   -2.245607076   -1.268474302
   14.550891154   -2.043095493   -1.252765631
   14.645377460   -1.814391614   -1.232012292
   14.739863766   -1.574504942   -1.205709187
   14.834350072   -1.334435001   -1.173259832
   14.928836379   -1.110230816   -1.133878451
   15.023322685   -0.915704114   -1.086705570
   15.117808991   -0.749041570   -1.031313441
   15.212295297   -0.605214326   -0.967774914
   15.306781603   -0.481955066   -0.896512103
   15.401267910   -0.376236965   -0.818417990
   15.495754216   -0.286147645   -0.734870799
   15.590240522   -0.209432676   -0.647708979
   15.684726828   -0.144089857   -0.559167510
   15.779213134   -0.088745416   -0.471624656
   15.873699440   -0.041627488   -0.387307197
   15.968185747   -0.001715699   -0.308034786
   16.062672053    0.032168261   -0.235158777
   16.157158359    0.061021814   -0.169534579
   16.251644665    0.085461716   -0.111534410
   16.346130971    0.106378696   -0.061171067
   16.440617278    0.124184144   -0.017940153
   16.535103584    0.139424408    0.019109472
   16.629589890    0.152564761    0.050873003
   16.724076196    0.163818197    0.078081688
   16.818562502    0.173632083    0.101396636
   16.913048809    0.182136876    0.121380658
   17.007535115    0.189574304    0.138534995
   17.102021421    0.196166830    0.153290216
   17.196507727    0.201951706    0.166010409
   17.290994033    0.207168865    0.177017424
   17.385480340    0.211837676    0.186575525
   17.479966646    0.216060771    0.194915526
   17.574452952    0.219958529    0.202232124
   17.668939258    0.223500301    0.208686012
   17.763425564    0.226828627    0.214419431
   17.857911871    0.229927514    0.219545836
   17.952398177    0.232834252    0.224164406
   18.046884483    0.235627916    0.228358574
   18.141370789    0.238254897    0.232195075
   18.235857095    0.240808322    0.235734717
   18.330343402    0.243267700    0.239024258
   18.424829708    0.245636807    0.242104834
   18.519316014    0.247979169    0.245011725
   18.613802320    0.250236127    0.247771514
   18.708288626    0.252472063    0.250410072
   18.802774932    0.254673635    0.252946382
   18.897261239    0.256824331    0.255396997
   18.991747545    0.258982820    0.257777195
   19.086233851    0.261092322    0.260097036
   19.180720157    0.263197697    0.262367610
   19.275206463    0.265297271    0.264596770
   19.369692770    0.267359798    0.266790669
   19.464179076    0.269443620    0.268956418
   19.558665382    0.271496292    0.271097436
   19.653151688    0.273547096    0.273218446
   19.747637994    0.275607849    0.275323080
   19.842124301    0.277634740    0.277412974
   19.936610607    0.279687937    0.279491947
   20.031096913    0.281720287    0.281560845
   20.125583219    0.283747010    0.283621458
   20.220069525    0.285794469    0.285676048
   20.314555832    0.287806733    0.287724138
   20.409042138    0.289846912    0.289768266
   20.503528444    0.291873588    0.291808398
   20.598014750    0.293888114    0.293844780
   20.692501056    0.295932566    0.295879509
   20.786987363    0.297938393    0.297910956
   20.881473669    0.299972465    0.299941199
   20.975959975    0.301999488    0.301970048
   21.070446281    0.304006189    0.303996721
   21.164932587    0.306051979    0.306023709
   21.259418893    0.308054429    0.308048583
   21.353905200    0.310084966    0.310073303
   21.448391506    0.312115022    0.312097866
   21.542877812    0.314115104    0.314120585
   21.637364118    0.316164363    0.316144664
   21.731850424    0.318164441    0.318166953
   21.826336731    0.320192273    0.320189435
   21.920823037    0.322226934    0.322212506
   22.015309343    0.324220142    0.324233493
   22.109795649    0.326274313    0.326256591
   22.204281955    0.328272137    0.328277855
   22.298768262    0.330297306    0.330299354
   22.393254568    0.332337961    0.332322085
   22.487740874    0.334323155    0.334342136
   22.582227180    0.336383710    0.336365052
   22.676713486    0.338378949    0.338385892
   22.771199793    0.340401057    0.340406841
   22.865686099    0.342449397    0.342429779
   22.960172405    0.344424582    0.344449084
   23.054658711    0.346493444    0.346472210
   23.149145017    0.348485417    0.348492849
   23.243631324    0.350503681    0.350513313
   23.338117630    0.352562128    0.352536847
   23.432603936    0.354524164    0.354555264
   23.527090242    0.356604153    0.356578901
   23.621576548    0.358591749    0.358599416
   23.716062855    0.360604866    0.360619233
   23.810549161    0.362677151    0.362643880
   23.905035467    0.364621050    0.364660920
   23.999521773    0.366716599    0.366685509
   24.094008079    0.368698023    0.368705918
   24.188494385    0.370703829    0.370724589
   24.282980692    0.372796065    0.372751415
   24.377466998    0.374713471    0.374765820
   24.471953304    0.376831987    0.376792358
   24.566439610    0.378804179    0.378812649
   24.660925916    0.380798828    0.380828691
   24.755412223    0.382921831    0.382860852
   24.849898529    0.384797864    0.384868464
   24.944384835    0.386952887    0.386900461
   25.038871141    0.388910283    0.388920603
   25.133357447    0.390886460    0.390926895
   25.227843754    0.393061363    0.392982496
   25.322330060    0.394866212    0.394952176
   25.416816366    0.397085406    0.397028328
   25.511302672    0.399016378    0.399048265
   25.605788978    0.400957746    0.400010953
   25.700275285    0.403232686    0.399718109
   25.794761591    0.404895930    0.398420170
   25.889247897    0.407247272    0.395923300
   25.983734203    0.409122466    0.392326648
   26.078220509    0.410982724    0.387631170
   26.172706816    0.413500677    0.381755564
   26.267193122    0.414798084    0.374823505
   26.361679428    0.417516082    0.366715692
   26.456165734    0.419228548    0.357502274
   26.550652040    0.420786808    0.347195138
   26.645138347    0.424328480    0.335686665
   26.739624653    0.423737244    0.323170384
   26.834110959    0.428981770    0.309405638
   26.928597265    0.429334626    0.294575080
   27.023083571    0.398541365    0.279694467
   27.117569877    0.361625662    0.264919933
   27.212056184    0.332559946    0.250052850
   27.306542490    0.297310510    0.235246984
   27.401028796    0.265335787    0.220414626
   27.495515102    0.233244354    0.205577857
   27.590001408    0.198655023    0.190768319
   27.684487715    0.168028009    0.175919271
   27.778974021    0.133455656    0.161110256
   27.873460327    0.101336945    0.146272647
   27.967946633    0.069389067    0.131441113
   28.062432939    0.034123788    0.116634762
   28.156919246    0.005056663    0.101767632
   28.251405552   -0.031840917    0.086993658
