    0.000000000    1.031697837    0.713481568
    0.094486306    1.026328240    0.712614945
    0.188972612    1.009309925    0.708835728
    0.283458919    0.981333997    0.702150775
    0.377945225    0.943608784    0.692581190
    0.472431531    0.897550872    0.680155351
    0.566917837    0.844827689    0.664923288
    0.661404143    0.787179888    0.646957355
    0.755890450    0.726270284    0.626357753
    0.850376756    0.663742953    0.603264064
    0.944863062    0.601007478    0.577853156
    1.039349368    0.539334453    0.550349846
    1.133835674    0.479790357    0.521025095
    1.228321981    0.423189884    0.490193823
    1.322808287    0.370209161    0.458213793
    1.417294593    0.321260900    0.425470821
    1.511780899    0.276612314    0.392371282
    1.606267205    0.236365624    0.359324718
    1.700753511    0.200446949    0.326727435
    1.795239818    0.168726582    0.294950784
    1.889726124    0.140937130    0.264323863
    1.984212430    0.116787738    0.235127894
    2.078698736    0.095955965    0.207588516
    2.173185042    0.078077066    0.181873087
    2.267671349    0.062837713    0.158094472
    2.362157655    0.049893320    0.136310895
    2.456643961    0.038949125    0.116534271
    2.551130267    0.029737387    0.098734861
    2.645616573    0.021992873    0.082847413
    2.740102880    0.015520330    0.068780293
    2.834589186    0.010112640    0.056419179
    2.929075492    0.005612134    0.045636162
    3.023561798    0.001884731    0.036294504
    3.118048104   -0.001205843    0.028253521
    3.212534411   -0.003742169    0.021375096
    3.307020717   -0.005825780    0.015524749
    3.401507023   -0.007524149    0.010576578
    3.495993329   -0.008893038    0.006414041
    3.590479635   -0.009998428    0.002930557
    3.684965942   -0.010866762    0.000031597
    3.779452248   -0.011547952   -0.002367663
    3.873938554   -0.012067841   -0.004340874
    3.968424860   -0.012447273   -0.005952142
    4.062911166   -0.012720542   -0.007257265
    4.157397473   -0.012890827   -0.008303180
    4.251883779   -0.012985375   -0.009130847
    4.346370085   -0.013012634   -0.009774457
    4.440856391   -0.012979065   -0.010263053
    4.535342697   -0.012904863   -0.010621625
    4.629829003   -0.012784205   -0.010870468
    4.724315310   -0.012634203   -0.011027493
    4.818801616   -0.012456169   -0.011107229
    4.913287922   -0.012250891   -0.011121976
    5.007774228   -0.012032029   -0.011082460
    5.102260534   -0.011790721   -0.010997002
    5.196746841   -0.011539328   -0.010873324
    5.291233147   -0.011276242   -0.010717421
    5.385719453   -0.011000170   -0.010534417
    5.480205759   -0.010721422   -0.010328955
    5.574692065   -0.010430494   -0.010104319
    5.669178372   -0.010137360   -0.009863926
    5.763664678   -0.009839250   -0.009610193
    5.858150984   -0.009534345   -0.009345246
    5.952637290   -0.009230993   -0.009071163
    6.047123596   -0.008919982   -0.008789147
    6.141609903   -0.008609943   -0.008500810
    6.236096209   -0.008297612   -0.008207087
    6.330582515   -0.007981309   -0.007908879
    6.425068821   -0.007668038   -0.007607191
    6.519555127   -0.007349239   -0.007302396
    6.614041434   -0.007032720   -0.006995368
    6.708527740   -0.006714963   -0.006686454
    6.803014046   -0.006394732   -0.006376094
    6.897500352   -0.006077952   -0.006064878
    6.991986658   -0.005756828   -0.005752902
    7.086472964   -0.005438631   -0.005440799
    7.180959271   -0.005119644   -0.005128741
    7.275445577   -0.004799278   -0.004817091
    7.369931883   -0.004482506   -0.004506359
    7.464418189   -0.004162354   -0.004196677
    7.558904495   -0.003845759   -0.003888735
    7.653390802   -0.003528794   -0.003582818
    7.747877108   -0.003211707   -0.003279501
    7.842363414   -0.002898588   -0.002979514
    7.936849720   -0.002583363   -0.002683340
    8.031336026   -0.002272872   -0.002392073
    8.125822333   -0.001962985   -0.002106486
    8.220308639   -0.001655078   -0.001827809
    8.314794945   -0.001352468   -0.001557483
    8.409281251   -0.001050174   -0.001296910
    8.503767557   -0.000755287   -0.001048270
    8.598253864   -0.000463581   -0.000813588
    8.692740170   -0.000178092   -0.000595678
    8.787226476    0.000098351   -0.000397764
    8.881712782    0.000369137   -0.000223449
    8.976199088    0.000626222   -0.000077522
    9.070685395    0.000873494    0.000034956
    9.165171701    0.001105201    0.000107437
    9.259658007    0.001318283    0.000132390
    9.354144313    0.001513383    0.000101009
    9.448630619    0.001680020    0.000002309
    9.543116926    0.001820481   -0.000176031
    9.637603232    0.001924008   -0.000449384
    9.732089538    0.001985390   -0.000835587
    9.826575844    0.001999800   -0.001355820
    9.921062150    0.001951011   -0.002035821
   10.015548456    0.001836519   -0.002905251
   10.110034763    0.001635570   -0.004000406
   10.204521069    0.001336056   -0.005363701
   10.299007375    0.000921247   -0.007045668
   10.393493681    0.000361387   -0.009107005
   10.487979987   -0.000358927   -0.011618490
   10.582466294   -0.001281896   -0.014665683
   10.676952600   -0.002438151   -0.018348803
   10.771438906   -0.003871394   -0.022786910
   10.865925212   -0.005643086   -0.028121829
   10.960411518   -0.007801414   -0.034519020
   11.054897825   -0.010436910   -0.042176450
   11.149384131   -0.013627385   -0.051324833
   11.243870437   -0.017479693   -0.062235702
   11.338356743   -0.022130181   -0.075230910
   11.432843049   -0.027707637   -0.090681176
   11.527329356   -0.034413379   -0.109019381
   11.621815662   -0.042440237   -0.130745919
   11.716301968   -0.052042622   -0.156412249
   11.810788274   -0.063532302   -0.186589787
   11.905274580   -0.077229821   -0.221990051
   11.999760887   -0.093589492   -0.263742990
   12.094247193   -0.113071506   -0.313242426
   12.188733499   -0.136263060   -0.371516377
   12.283219805   -0.163869098   -0.438828533
   12.377706111   -0.196632885   -0.514590105
   12.472192418   -0.235559864   -0.597432304
   12.566678724   -0.281675866   -0.685490083
   12.661165030   -0.336251537   -0.776670089
   12.755651336   -0.400851656   -0.868801015
   12.850137642   -0.477007228   -0.959703654
   12.944623948   -0.566647827   -1.047197986
   13.039110255   -0.671887110   -1.129172604
   13.133596561   -0.794320189   -1.203735014
   13.228082867   -0.934582438   -1.269478402
   13.322569173   -1.097046783   -1.325764100
   13.417055479   -1.294700038   -1.372793325
   13.511541786   -1.535764428   -1.411516039
   13.606028092   -1.808930632   -1.443231387
   13.700514398   -2.090548231   -1.468954798
   13.795000704   -2.354251817   -1.489259715
   13.889487010   -2.575909557   -1.504554221
   13.983973317   -2.740228062   -1.515193949
   14.078459623   -2.840207592   -1.521449194
   14.172945929   -2.873538404   -1.523481590
   14.267432235   -2.840111985   -1.521339774
   14.361918541   -2.740031912   -1.514973349
   14.456404848   -2.575626551   -1.504219757
   14.550891154   -2.353874935   -1.488806530
   14.645377460   -2.090087653   -1.468377247
   14.739863766   -1.808388950   -1.442522341
   14.834350072   -1.535135804   -1.410666994
   14.928836379   -1.293993628   -1.371795352
   15.023322685   -1.096247267   -1.324606667
   15.117808991   -0.933688810   -1.268150810
   15.212295297   -0.793321524   -1.202225720
   15.306781603   -0.670762578   -1.127469294
   15.401267910   -0.565391420   -1.045288491
   15.495754216   -0.475588476   -0.957574656
   15.590240522   -0.399255796   -0.866439393
   15.684726828   -0.334455366   -0.774062116
   15.779213134   -0.279648054   -0.682621368
   15.873699440   -0.233286468   -0.594288656
   15.968185747   -0.194077098   -0.511156137
   16.062672053   -0.161012413   -0.435089035
   16.157158359   -0.133080333   -0.367455538
   16.251644665   -0.109531030   -0.308843830
   16.346130971   -0.089679148   -0.258990627
   16.440617278   -0.072915191   -0.216866968
   16.535103584   -0.058799060   -0.181079625
   16.629589890   -0.046870445   -0.150498520
   16.724076196   -0.036802604   -0.124412055
   16.818562502   -0.028304669   -0.102249831
   16.913048809   -0.021099181   -0.083459989
   17.007535115   -0.015014435   -0.067543317
   17.102021421   -0.009842802   -0.054067321
   17.196507727   -0.005448797   -0.042661636
   17.290994033   -0.001717852   -0.033005866
   17.385480340    0.001481535   -0.024828339
   17.479966646    0.004205213   -0.017899804
   17.574452952    0.006550778   -0.012022844
   17.668939258    0.008573984   -0.007032417
   17.763425564    0.010313505   -0.002788261
   17.857911871    0.011839778    0.000828916
   17.952398177    0.013160373    0.003917882
   18.046884483    0.014325436    0.006563755
   18.141370789    0.015358912    0.008837075
   18.235857095    0.016266349    0.010797056
   18.330343402    0.017093679    0.012494727
   18.424829708    0.017828379    0.013971179
   18.519316014    0.018500076    0.015262467
   18.613802320    0.019120875    0.016398272
   18.708288626    0.019680806    0.017402932
   18.802774932    0.020216875    0.018298438
   18.897261239    0.020707494    0.019101400
   18.991747545    0.021173330    0.019827140
   19.086233851    0.021622906    0.020488241
   19.180720157    0.022037823    0.021094293
   19.275206463    0.022453317    0.021655231
   19.369692770    0.022842752    0.022177369
   19.464179076    0.023223009    0.022667343
   19.558665382    0.023602494    0.023130701
   19.653151688    0.023956796    0.023570733
   19.747637994    0.024323144    0.023992497
   19.842124301    0.024670810    0.024397920
   19.936610607    0.025015492    0.024790002
   20.031096913    0.025367157    0.025171485
   20.125583219    0.025695654    0.025542812
   20.220069525    0.026042856    0.025907237
   20.314555832    0.026373348    0.026264718
   20.409042138    0.026703160    0.026616735
   20.503528444    0.027044896    0.026965071
   20.598014750    0.027361616    0.027308659
   20.692501056    0.027702582    0.027650390
   20.786987363    0.028026033    0.027989177
   20.881473669    0.028349568    0.028325889
   20.975959975    0.028689544    0.028662273
   21.070446281    0.028999919    0.028996099
   21.164932587    0.029341008    0.029330814
   21.259418893    0.029661816    0.029664515
   21.353905200    0.029982909    0.029997876
   21.448391506    0.030326054    0.030333364
   21.542877812    0.030632019    0.030667201
   21.637364118    0.030977965    0.031004560
   21.731850424    0.031298785    0.031342405
   21.826336731    0.031620024    0.031681425
   21.920823037    0.031971746    0.032026223
   22.015309343    0.032274148    0.032369559
   22.109795649    0.032631472    0.032721427
   22.204281955    0.032955703    0.033075919
   22.298768262    0.033280829    0.033433467
   22.393254568    0.033650929    0.033807237
   22.487740874    0.033951075    0.034173206
   22.582227180    0.034332961    0.034568857
   22.676713486    0.034667874    0.034965930
   22.771199793    0.035005020    0.035180790
   22.865686099    0.035415629    0.035179640
   22.960172405    0.035716103    0.035011846
   23.054658711    0.036153785    0.034645393
   23.149145017    0.036516051    0.034103215
   23.243631324    0.036882961    0.033390626
   23.338117630    0.037391905    0.032499197
   23.432603936    0.037688303    0.031459151
   23.527090242    0.038269515    0.030257452
   23.621576548    0.038691833    0.028917827
   23.716062855    0.039110017    0.027454906
   23.810549161    0.039936433    0.025864052
   23.905035467    0.040034612    0.024198741
   23.999521773    0.041265101    0.022435574
   24.094008079    0.041650267    0.020633547
   24.188494385    0.036322462    0.019010432
   24.282980692    0.029947252    0.017630380
   24.377466998    0.025124441    0.016497312
   24.471953304    0.019271984    0.015687872
   24.566439610    0.014170459    0.015241879
   24.660925916    0.009208499    0.015228026
   24.755412223    0.003985746    0.015727054
   24.849898529   -0.000269675    0.016811352
   24.944384835   -0.004978533    0.018591620
   25.038871141   -0.008896906    0.021162118
   25.133357447   -0.012394855    0.024646453
   25.227843754   -0.016035643    0.029175427
   25.322330060   -0.017973696    0.034867519
   25.416816366   -0.020707104    0.041890909
   25.511302672   -0.021529888    0.050349377
   25.605788978   -0.015648673    0.060409735
   25.700275285   -0.007776608    0.072389027
   25.794761591    0.000290522    0.086435364
   25.889247897    0.010623474    0.102597096
   25.983734203    0.022328000    0.120974828
   26.078220509    0.036086605    0.141579004
   26.172706816    0.052352838    0.164400173
   26.267193122    0.071005129    0.189392311
   26.361679428    0.092876607    0.216421381
   26.456165734    0.117954965    0.245341712
   26.550652040    0.146706215    0.275912731
   26.645138347    0.179508215    0.307853284
   26.739624653    0.216391274    0.340851249
   26.834110959    0.257759696    0.374500232
   26.928597265    0.303477623    0.408448778
   27.023083571    0.353521369    0.442250653
   27.117569877    0.407680497    0.475313834
   27.212056184    0.465383699    0.507220627
   27.306542490    0.526138148    0.537650249
   27.401028796    0.588981681    0.566260810
   27.495515102    0.652899907    0.592793058
   27.590001408    0.716664721    0.617021874
   27.684487715    0.778742052    0.638761146
   27.778974021    0.837631484    0.657881721
   27.873460327    0.891551738    0.674273039
   27.967946633    0.938804660    0.687865926
   28.062432939    0.977762304    0.698610576
   28.156919246    1.006901267    0.706471275
   28.251405552    1.025144761    0.711433142
