#  E (eV)   dos(E)     Int dos(E) EFermi =   -1.495 eV
 -24.000  0.1312E-84  0.2623E-86
 -23.980  0.1312E-84  0.5247E-86
 -23.960  0.1312E-84  0.7870E-86
 -23.940  0.1312E-84  0.1049E-85
 -23.920  0.1312E-84  0.1312E-85
 -23.900  0.1312E-84  0.1574E-85
 -23.880  0.1312E-84  0.1836E-85
 -23.860  0.1312E-84  0.2099E-85
 -23.840  0.1312E-84  0.2361E-85
 -23.820  0.1312E-84  0.2623E-85
 -23.800  0.1312E-84  0.2886E-85
 -23.780  0.1312E-84  0.3148E-85
 -23.760  0.1312E-84  0.3410E-85
 -23.740  0.1312E-84  0.3673E-85
 -23.720  0.1312E-84  0.3935E-85
 -23.700  0.1312E-84  0.4197E-85
 -23.680  0.1312E-84  0.4460E-85
 -23.660  0.1312E-84  0.4722E-85
 -23.640  0.1312E-84  0.4984E-85
 -23.620  0.1312E-84  0.5247E-85
 -23.600  0.1312E-84  0.5509E-85
 -23.580  0.1312E-84  0.5771E-85
 -23.560  0.1312E-84  0.6034E-85
 -23.540  0.1312E-84  0.6296E-85
 -23.520  0.1312E-84  0.6558E-85
 -23.500  0.1312E-84  0.6821E-85
 -23.480  0.1312E-84  0.7083E-85
 -23.460  0.1312E-84  0.7345E-85
 -23.440  0.1312E-84  0.7608E-85
 -23.420  0.1312E-84  0.7870E-85
 -23.400  0.1312E-84  0.8132E-85
 -23.380  0.1312E-84  0.8395E-85
 -23.360  0.1312E-84  0.8657E-85
 -23.340  0.1312E-84  0.8919E-85
 -23.320  0.1312E-84  0.9182E-85
 -23.300  0.1312E-84  0.9444E-85
 -23.280  0.1312E-84  0.9706E-85
 -23.260  0.1312E-84  0.9969E-85
 -23.240  0.1312E-84  0.1023E-84
 -23.220  0.1312E-84  0.1049E-84
 -23.200  0.1312E-84  0.1076E-84
 -23.180  0.1312E-84  0.1102E-84
 -23.160  0.1312E-84  0.1128E-84
 -23.140  0.1312E-84  0.1154E-84
 -23.120  0.1312E-84  0.1181E-84
 -23.100  0.1312E-84  0.1207E-84
 -23.080  0.1312E-84  0.1233E-84
 -23.060  0.1312E-84  0.1259E-84
 -23.040  0.1312E-84  0.1285E-84
 -23.020  0.1312E-84  0.1312E-84
 -23.000  0.1312E-84  0.1338E-84
 -22.980  0.1312E-84  0.1364E-84
 -22.960  0.1312E-84  0.1390E-84
 -22.940  0.1312E-84  0.1417E-84
 -22.920  0.1312E-84  0.1443E-84
 -22.900  0.1312E-84  0.1469E-84
 -22.880  0.1312E-84  0.1495E-84
 -22.860  0.1312E-84  0.1522E-84
 -22.840  0.1312E-84  0.1548E-84
 -22.820  0.1312E-84  0.1574E-84
 -22.800  0.1312E-84  0.1600E-84
 -22.780  0.1312E-84  0.1626E-84
 -22.760  0.1312E-84  0.1653E-84
 -22.740  0.1312E-84  0.1679E-84
 -22.720  0.1312E-84  0.1705E-84
 -22.700  0.1312E-84  0.1731E-84
 -22.680  0.1312E-84  0.1758E-84
 -22.660  0.1312E-84  0.1784E-84
 -22.640  0.1312E-84  0.1810E-84
 -22.620  0.1312E-84  0.1836E-84
 -22.600  0.1312E-84  0.1863E-84
 -22.580  0.1312E-84  0.1889E-84
 -22.560  0.1312E-84  0.1915E-84
 -22.540  0.1312E-84  0.1941E-84
 -22.520  0.1312E-84  0.1968E-84
 -22.500  0.1312E-84  0.1994E-84
 -22.480  0.1312E-84  0.2020E-84
 -22.460  0.1312E-84  0.2046E-84
 -22.440  0.1312E-84  0.2072E-84
 -22.420  0.1312E-84  0.2099E-84
 -22.400  0.1312E-84  0.2125E-84
 -22.380  0.1312E-84  0.2151E-84
 -22.360  0.1312E-84  0.2177E-84
 -22.340  0.1337E-84  0.2204E-84
 -22.320  0.1006E-83  0.2405E-84
 -22.300  0.2716E-81  0.5672E-83
 -22.280  0.7712E-79  0.1548E-80
 -22.260  0.2006E-76  0.4028E-78
 -22.240  0.4781E-74  0.9602E-76
 -22.220  0.1043E-71  0.2096E-73
 -22.200  0.2085E-69  0.4191E-71
 -22.180  0.3816E-67  0.7674E-69
 -22.160  0.6397E-65  0.1287E-66
 -22.140  0.9820E-63  0.1977E-64
 -22.120  0.1381E-60  0.2781E-62
 -22.100  0.1778E-58  0.3584E-60
 -22.080  0.2097E-56  0.4230E-58
 -22.060  0.2265E-54  0.4573E-56
 -22.040  0.2241E-52  0.4528E-54
 -22.020  0.2031E-50  0.4108E-52
 -22.000  0.1686E-48  0.3413E-50
 -21.980  0.1282E-46  0.2598E-48
 -21.960  0.8925E-45  0.1811E-46
 -21.940  0.5693E-43  0.1157E-44
 -21.920  0.3326E-41  0.6768E-43
 -21.900  0.1780E-39  0.3628E-41
 -21.880  0.8728E-38  0.1782E-39
 -21.860  0.3920E-36  0.8017E-38
 -21.840  0.1613E-34  0.3305E-36
 -21.820  0.6078E-33  0.1249E-34
 -21.800  0.2098E-31  0.4322E-33
 -21.780  0.6638E-30  0.1371E-31
 -21.760  0.1924E-28  0.3984E-30
 -21.740  0.5108E-27  0.1061E-28
 -21.720  0.1243E-25  0.2591E-27
 -21.700  0.2770E-24  0.5799E-26
 -21.680  0.5658E-23  0.1190E-24
 -21.660  0.1059E-21  0.2237E-23
 -21.640  0.1817E-20  0.3857E-22
 -21.620  0.2856E-19  0.6097E-21
 -21.600  0.4114E-18  0.8838E-20
 -21.580  0.5433E-17  0.1175E-18
 -21.560  0.6576E-16  0.1433E-17
 -21.540  0.7297E-15  0.1603E-16
 -21.520  0.7423E-14  0.1645E-15
 -21.500  0.6924E-13  0.1549E-14
 -21.480  0.5922E-12  0.1339E-13
 -21.460  0.4645E-11  0.1063E-12
 -21.440  0.3341E-10  0.7746E-12
 -21.420  0.2205E-09  0.5185E-11
 -21.400  0.1335E-08  0.3189E-10
 -21.380  0.7419E-08  0.1803E-09
 -21.360  0.3784E-07  0.9370E-09
 -21.340  0.1772E-06  0.4480E-08
 -21.320  0.7618E-06  0.1972E-07
 -21.300  0.3009E-05  0.7990E-07
 -21.280  0.1092E-04  0.2984E-06
 -21.260  0.3646E-04  0.1028E-05
 -21.240  0.1119E-03  0.3266E-05
 -21.220  0.3163E-03  0.9593E-05
 -21.200  0.8235E-03  0.2606E-04
 -21.180  0.1976E-02  0.6558E-04
 -21.160  0.4376E-02  0.1531E-03
 -21.140  0.8955E-02  0.3322E-03
 -21.120  0.1696E-01  0.6714E-03
 -21.100  0.2977E-01  0.1267E-02
 -21.080  0.4857E-01  0.2238E-02
 -21.060  0.7384E-01  0.3715E-02
 -21.040  0.1050E+00  0.5814E-02
 -21.020  0.1401E+00  0.8616E-02
 -21.000  0.1764E+00  0.1214E-01
 -20.980  0.2107E+00  0.1636E-01
 -20.960  0.2406E+00  0.2117E-01
 -20.940  0.2643E+00  0.2646E-01
 -20.920  0.2816E+00  0.3209E-01
 -20.900  0.2932E+00  0.3795E-01
 -20.880  0.3003E+00  0.4396E-01
 -20.860  0.3043E+00  0.5004E-01
 -20.840  0.3064E+00  0.5617E-01
 -20.820  0.3074E+00  0.6232E-01
 -20.800  0.3079E+00  0.6847E-01
 -20.780  0.3081E+00  0.7464E-01
 -20.760  0.3082E+00  0.8080E-01
 -20.740  0.3083E+00  0.8697E-01
 -20.720  0.3084E+00  0.9313E-01
 -20.700  0.3084E+00  0.9930E-01
 -20.680  0.3085E+00  0.1055E+00
 -20.660  0.3086E+00  0.1116E+00
 -20.640  0.3087E+00  0.1178E+00
 -20.620  0.3087E+00  0.1240E+00
 -20.600  0.3088E+00  0.1302E+00
 -20.580  0.3089E+00  0.1363E+00
 -20.560  0.3089E+00  0.1425E+00
 -20.540  0.3090E+00  0.1487E+00
 -20.520  0.3091E+00  0.1549E+00
 -20.500  0.3091E+00  0.1611E+00
 -20.480  0.3092E+00  0.1673E+00
 -20.460  0.3093E+00  0.1734E+00
 -20.440  0.3094E+00  0.1796E+00
 -20.420  0.3094E+00  0.1858E+00
 -20.400  0.3095E+00  0.1920E+00
 -20.380  0.3096E+00  0.1982E+00
 -20.360  0.3097E+00  0.2044E+00
 -20.340  0.3097E+00  0.2106E+00
 -20.320  0.3098E+00  0.2168E+00
 -20.300  0.3099E+00  0.2230E+00
 -20.280  0.3100E+00  0.2292E+00
 -20.260  0.3100E+00  0.2354E+00
 -20.240  0.3101E+00  0.2416E+00
 -20.220  0.3102E+00  0.2478E+00
 -20.200  0.3103E+00  0.2540E+00
 -20.180  0.3103E+00  0.2602E+00
 -20.160  0.3104E+00  0.2664E+00
 -20.140  0.3105E+00  0.2726E+00
 -20.120  0.3106E+00  0.2788E+00
 -20.100  0.3107E+00  0.2850E+00
 -20.080  0.3107E+00  0.2913E+00
 -20.060  0.3108E+00  0.2975E+00
 -20.040  0.3109E+00  0.3037E+00
 -20.020  0.3110E+00  0.3099E+00
 -20.000  0.3111E+00  0.3161E+00
 -19.980  0.3111E+00  0.3224E+00
 -19.960  0.3112E+00  0.3286E+00
 -19.940  0.3113E+00  0.3348E+00
 -19.920  0.3114E+00  0.3410E+00
 -19.900  0.3115E+00  0.3473E+00
 -19.880  0.3115E+00  0.3535E+00
 -19.860  0.3116E+00  0.3597E+00
 -19.840  0.3117E+00  0.3660E+00
 -19.820  0.3118E+00  0.3722E+00
 -19.800  0.3119E+00  0.3784E+00
 -19.780  0.3120E+00  0.3847E+00
 -19.760  0.3121E+00  0.3909E+00
 -19.740  0.3121E+00  0.3972E+00
 -19.720  0.3122E+00  0.4034E+00
 -19.700  0.3123E+00  0.4096E+00
 -19.680  0.3124E+00  0.4159E+00
 -19.660  0.3125E+00  0.4221E+00
 -19.640  0.3126E+00  0.4284E+00
 -19.620  0.3127E+00  0.4346E+00
 -19.600  0.3128E+00  0.4409E+00
 -19.580  0.3128E+00  0.4472E+00
 -19.560  0.3129E+00  0.4534E+00
 -19.540  0.3130E+00  0.4597E+00
 -19.520  0.3131E+00  0.4659E+00
 -19.500  0.3132E+00  0.4722E+00
 -19.480  0.3133E+00  0.4785E+00
 -19.460  0.3134E+00  0.4847E+00
 -19.440  0.3135E+00  0.4910E+00
 -19.420  0.3136E+00  0.4973E+00
 -19.400  0.3137E+00  0.5036E+00
 -19.380  0.3138E+00  0.5098E+00
 -19.360  0.3139E+00  0.5161E+00
 -19.340  0.3140E+00  0.5224E+00
 -19.320  0.3141E+00  0.5287E+00
 -19.300  0.3142E+00  0.5349E+00
 -19.280  0.3143E+00  0.5412E+00
 -19.260  0.3144E+00  0.5475E+00
 -19.240  0.3144E+00  0.5538E+00
 -19.220  0.3145E+00  0.5601E+00
 -19.200  0.3146E+00  0.5664E+00
 -19.180  0.3147E+00  0.5727E+00
 -19.160  0.3148E+00  0.5790E+00
 -19.140  0.3150E+00  0.5853E+00
 -19.120  0.3151E+00  0.5916E+00
 -19.100  0.3152E+00  0.5979E+00
 -19.080  0.3153E+00  0.6042E+00
 -19.060  0.3154E+00  0.6105E+00
 -19.040  0.3155E+00  0.6168E+00
 -19.020  0.3156E+00  0.6231E+00
 -19.000  0.3157E+00  0.6294E+00
 -18.980  0.3158E+00  0.6358E+00
 -18.960  0.3159E+00  0.6421E+00
 -18.940  0.3160E+00  0.6484E+00
 -18.920  0.3161E+00  0.6547E+00
 -18.900  0.3162E+00  0.6610E+00
 -18.880  0.3163E+00  0.6674E+00
 -18.860  0.3165E+00  0.6737E+00
 -18.840  0.3166E+00  0.6800E+00
 -18.820  0.3167E+00  0.6864E+00
 -18.800  0.3168E+00  0.6927E+00
 -18.780  0.3169E+00  0.6990E+00
 -18.760  0.3170E+00  0.7054E+00
 -18.740  0.3171E+00  0.7117E+00
 -18.720  0.3173E+00  0.7181E+00
 -18.700  0.3174E+00  0.7244E+00
 -18.680  0.3175E+00  0.7308E+00
 -18.660  0.3176E+00  0.7371E+00
 -18.640  0.3177E+00  0.7435E+00
 -18.620  0.3179E+00  0.7498E+00
 -18.600  0.3180E+00  0.7562E+00
 -18.580  0.3181E+00  0.7625E+00
 -18.560  0.3182E+00  0.7689E+00
 -18.540  0.3184E+00  0.7753E+00
 -18.520  0.3185E+00  0.7816E+00
 -18.500  0.3186E+00  0.7880E+00
 -18.480  0.3188E+00  0.7944E+00
 -18.460  0.3189E+00  0.8008E+00
 -18.440  0.3190E+00  0.8072E+00
 -18.420  0.3191E+00  0.8135E+00
 -18.400  0.3193E+00  0.8199E+00
 -18.380  0.3194E+00  0.8263E+00
 -18.360  0.3196E+00  0.8327E+00
 -18.340  0.3197E+00  0.8391E+00
 -18.320  0.3198E+00  0.8455E+00
 -18.300  0.3200E+00  0.8519E+00
 -18.280  0.3201E+00  0.8583E+00
 -18.260  0.3203E+00  0.8647E+00
 -18.240  0.3204E+00  0.8711E+00
 -18.220  0.3205E+00  0.8775E+00
 -18.200  0.3207E+00  0.8839E+00
 -18.180  0.3208E+00  0.8903E+00
 -18.160  0.3210E+00  0.8968E+00
 -18.140  0.3211E+00  0.9032E+00
 -18.120  0.3213E+00  0.9096E+00
 -18.100  0.3214E+00  0.9160E+00
 -18.080  0.3216E+00  0.9225E+00
 -18.060  0.3218E+00  0.9289E+00
 -18.040  0.3219E+00  0.9353E+00
 -18.020  0.3221E+00  0.9418E+00
 -18.000  0.3222E+00  0.9482E+00
 -17.980  0.3224E+00  0.9547E+00
 -17.960  0.3226E+00  0.9611E+00
 -17.940  0.3227E+00  0.9676E+00
 -17.920  0.3229E+00  0.9740E+00
 -17.900  0.3231E+00  0.9805E+00
 -17.880  0.3233E+00  0.9870E+00
 -17.860  0.3234E+00  0.9934E+00
 -17.840  0.3236E+00  0.9999E+00
 -17.820  0.3238E+00  0.1006E+01
 -17.800  0.3240E+00  0.1013E+01
 -17.780  0.3242E+00  0.1019E+01
 -17.760  0.3244E+00  0.1026E+01
 -17.740  0.3245E+00  0.1032E+01
 -17.720  0.3247E+00  0.1039E+01
 -17.700  0.3249E+00  0.1045E+01
 -17.680  0.3251E+00  0.1052E+01
 -17.660  0.3253E+00  0.1058E+01
 -17.640  0.3255E+00  0.1065E+01
 -17.620  0.3257E+00  0.1071E+01
 -17.600  0.3259E+00  0.1078E+01
 -17.580  0.3262E+00  0.1084E+01
 -17.560  0.3264E+00  0.1091E+01
 -17.540  0.3266E+00  0.1097E+01
 -17.520  0.3268E+00  0.1104E+01
 -17.500  0.3270E+00  0.1111E+01
 -17.480  0.3273E+00  0.1117E+01
 -17.460  0.3275E+00  0.1124E+01
 -17.440  0.3277E+00  0.1130E+01
 -17.420  0.3280E+00  0.1137E+01
 -17.400  0.3282E+00  0.1143E+01
 -17.380  0.3285E+00  0.1150E+01
 -17.360  0.3287E+00  0.1156E+01
 -17.340  0.3290E+00  0.1163E+01
 -17.320  0.3292E+00  0.1170E+01
 -17.300  0.3295E+00  0.1176E+01
 -17.280  0.3297E+00  0.1183E+01
 -17.260  0.3300E+00  0.1189E+01
 -17.240  0.3303E+00  0.1196E+01
 -17.220  0.3306E+00  0.1203E+01
 -17.200  0.3308E+00  0.1209E+01
 -17.180  0.3312E+00  0.1216E+01
 -17.160  0.3315E+00  0.1222E+01
 -17.140  0.3318E+00  0.1229E+01
 -17.120  0.3321E+00  0.1236E+01
 -17.100  0.3324E+00  0.1242E+01
 -17.080  0.3327E+00  0.1249E+01
 -17.060  0.3331E+00  0.1256E+01
 -17.040  0.3334E+00  0.1262E+01
 -17.020  0.3337E+00  0.1269E+01
 -17.000  0.3341E+00  0.1276E+01
 -16.980  0.3344E+00  0.1282E+01
 -16.960  0.3348E+00  0.1289E+01
 -16.940  0.3352E+00  0.1296E+01
 -16.920  0.3356E+00  0.1303E+01
 -16.900  0.3360E+00  0.1309E+01
 -16.880  0.3364E+00  0.1316E+01
 -16.860  0.3368E+00  0.1323E+01
 -16.840  0.3373E+00  0.1329E+01
 -16.820  0.3378E+00  0.1336E+01
 -16.800  0.3382E+00  0.1343E+01
 -16.780  0.3386E+00  0.1350E+01
 -16.760  0.3391E+00  0.1357E+01
 -16.740  0.3397E+00  0.1363E+01
 -16.720  0.3402E+00  0.1370E+01
 -16.700  0.3407E+00  0.1377E+01
 -16.680  0.3412E+00  0.1384E+01
 -16.660  0.3418E+00  0.1391E+01
 -16.640  0.3424E+00  0.1397E+01
 -16.620  0.3431E+00  0.1404E+01
 -16.600  0.3437E+00  0.1411E+01
 -16.580  0.3443E+00  0.1418E+01
 -16.560  0.3450E+00  0.1425E+01
 -16.540  0.3457E+00  0.1432E+01
 -16.520  0.3465E+00  0.1439E+01
 -16.500  0.3473E+00  0.1446E+01
 -16.480  0.3480E+00  0.1453E+01
 -16.460  0.3488E+00  0.1460E+01
 -16.440  0.3497E+00  0.1467E+01
 -16.420  0.3506E+00  0.1474E+01
 -16.400  0.3516E+00  0.1481E+01
 -16.380  0.3526E+00  0.1488E+01
 -16.360  0.3536E+00  0.1495E+01
 -16.340  0.3547E+00  0.1502E+01
 -16.320  0.3559E+00  0.1509E+01
 -16.300  0.3572E+00  0.1516E+01
 -16.280  0.3586E+00  0.1523E+01
 -16.260  0.3599E+00  0.1531E+01
 -16.240  0.3614E+00  0.1538E+01
 -16.220  0.3630E+00  0.1545E+01
 -16.200  0.3647E+00  0.1552E+01
 -16.180  0.3666E+00  0.1560E+01
 -16.160  0.3686E+00  0.1567E+01
 -16.140  0.3707E+00  0.1575E+01
 -16.120  0.3730E+00  0.1582E+01
 -16.100  0.3756E+00  0.1589E+01
 -16.080  0.3785E+00  0.1597E+01
 -16.060  0.3817E+00  0.1605E+01
 -16.040  0.3852E+00  0.1612E+01
 -16.020  0.3892E+00  0.1620E+01
 -16.000  0.3938E+00  0.1628E+01
 -15.980  0.3993E+00  0.1636E+01
 -15.960  0.4059E+00  0.1644E+01
 -15.940  0.4138E+00  0.1652E+01
 -15.920  0.4231E+00  0.1661E+01
 -15.900  0.4340E+00  0.1670E+01
 -15.880  0.4462E+00  0.1679E+01
 -15.860  0.4590E+00  0.1688E+01
 -15.840  0.4708E+00  0.1697E+01
 -15.820  0.4798E+00  0.1707E+01
 -15.800  0.4841E+00  0.1716E+01
 -15.780  0.4826E+00  0.1726E+01
 -15.760  0.4748E+00  0.1736E+01
 -15.740  0.4613E+00  0.1745E+01
 -15.720  0.4436E+00  0.1754E+01
 -15.700  0.4235E+00  0.1762E+01
 -15.680  0.4029E+00  0.1770E+01
 -15.660  0.3833E+00  0.1778E+01
 -15.640  0.3656E+00  0.1785E+01
 -15.620  0.3498E+00  0.1792E+01
 -15.600  0.3358E+00  0.1799E+01
 -15.580  0.3234E+00  0.1805E+01
 -15.560  0.3122E+00  0.1812E+01
 -15.540  0.3021E+00  0.1818E+01
 -15.520  0.2930E+00  0.1823E+01
 -15.500  0.2844E+00  0.1829E+01
 -15.480  0.2764E+00  0.1835E+01
 -15.460  0.2687E+00  0.1840E+01
 -15.440  0.2614E+00  0.1845E+01
 -15.420  0.2546E+00  0.1850E+01
 -15.400  0.2481E+00  0.1855E+01
 -15.380  0.2419E+00  0.1860E+01
 -15.360  0.2358E+00  0.1865E+01
 -15.340  0.2299E+00  0.1869E+01
 -15.320  0.2242E+00  0.1874E+01
 -15.300  0.2188E+00  0.1878E+01
 -15.280  0.2136E+00  0.1883E+01
 -15.260  0.2085E+00  0.1887E+01
 -15.240  0.2034E+00  0.1891E+01
 -15.220  0.1985E+00  0.1895E+01
 -15.200  0.1938E+00  0.1899E+01
 -15.180  0.1892E+00  0.1902E+01
 -15.160  0.1848E+00  0.1906E+01
 -15.140  0.1803E+00  0.1910E+01
 -15.120  0.1759E+00  0.1913E+01
 -15.100  0.1717E+00  0.1917E+01
 -15.080  0.1676E+00  0.1920E+01
 -15.060  0.1636E+00  0.1923E+01
 -15.040  0.1596E+00  0.1927E+01
 -15.020  0.1556E+00  0.1930E+01
 -15.000  0.1517E+00  0.1933E+01
 -14.980  0.1479E+00  0.1936E+01
 -14.960  0.1443E+00  0.1939E+01
 -14.940  0.1409E+00  0.1941E+01
 -14.920  0.1376E+00  0.1944E+01
 -14.900  0.1350E+00  0.1947E+01
 -14.880  0.1336E+00  0.1949E+01
 -14.860  0.1340E+00  0.1952E+01
 -14.840  0.1373E+00  0.1955E+01
 -14.820  0.1444E+00  0.1958E+01
 -14.800  0.1561E+00  0.1961E+01
 -14.780  0.1728E+00  0.1964E+01
 -14.760  0.1938E+00  0.1968E+01
 -14.740  0.2176E+00  0.1973E+01
 -14.720  0.2421E+00  0.1977E+01
 -14.700  0.2651E+00  0.1983E+01
 -14.680  0.2848E+00  0.1988E+01
 -14.660  0.3002E+00  0.1994E+01
 -14.640  0.3113E+00  0.2001E+01
 -14.620  0.3186E+00  0.2007E+01
 -14.600  0.3231E+00  0.2014E+01
 -14.580  0.3256E+00  0.2020E+01
 -14.560  0.3269E+00  0.2027E+01
 -14.540  0.3276E+00  0.2033E+01
 -14.520  0.3280E+00  0.2040E+01
 -14.500  0.3282E+00  0.2046E+01
 -14.480  0.3284E+00  0.2053E+01
 -14.460  0.3285E+00  0.2059E+01
 -14.440  0.3287E+00  0.2066E+01
 -14.420  0.3288E+00  0.2073E+01
 -14.400  0.3290E+00  0.2079E+01
 -14.380  0.3291E+00  0.2086E+01
 -14.360  0.3292E+00  0.2092E+01
 -14.340  0.3294E+00  0.2099E+01
 -14.320  0.3296E+00  0.2105E+01
 -14.300  0.3297E+00  0.2112E+01
 -14.280  0.3299E+00  0.2119E+01
 -14.260  0.3301E+00  0.2125E+01
 -14.240  0.3304E+00  0.2132E+01
 -14.220  0.3308E+00  0.2138E+01
 -14.200  0.3315E+00  0.2145E+01
 -14.180  0.3326E+00  0.2152E+01
 -14.160  0.3343E+00  0.2158E+01
 -14.140  0.3368E+00  0.2165E+01
 -14.120  0.3405E+00  0.2172E+01
 -14.100  0.3455E+00  0.2179E+01
 -14.080  0.3521E+00  0.2186E+01
 -14.060  0.3604E+00  0.2193E+01
 -14.040  0.3707E+00  0.2201E+01
 -14.020  0.3830E+00  0.2208E+01
 -14.000  0.3972E+00  0.2216E+01
 -13.980  0.4132E+00  0.2224E+01
 -13.960  0.4304E+00  0.2233E+01
 -13.940  0.4477E+00  0.2242E+01
 -13.920  0.4635E+00  0.2251E+01
 -13.900  0.4763E+00  0.2261E+01
 -13.880  0.4845E+00  0.2270E+01
 -13.860  0.4873E+00  0.2280E+01
 -13.840  0.4848E+00  0.2290E+01
 -13.820  0.4778E+00  0.2299E+01
 -13.800  0.4679E+00  0.2309E+01
 -13.780  0.4565E+00  0.2318E+01
 -13.760  0.4451E+00  0.2327E+01
 -13.740  0.4344E+00  0.2336E+01
 -13.720  0.4250E+00  0.2344E+01
 -13.700  0.4169E+00  0.2352E+01
 -13.680  0.4099E+00  0.2361E+01
 -13.660  0.4039E+00  0.2369E+01
 -13.640  0.3986E+00  0.2377E+01
 -13.620  0.3939E+00  0.2385E+01
 -13.600  0.3896E+00  0.2392E+01
 -13.580  0.3856E+00  0.2400E+01
 -13.560  0.3820E+00  0.2408E+01
 -13.540  0.3785E+00  0.2415E+01
 -13.520  0.3753E+00  0.2423E+01
 -13.500  0.3723E+00  0.2430E+01
 -13.480  0.3694E+00  0.2438E+01
 -13.460  0.3666E+00  0.2445E+01
 -13.440  0.3639E+00  0.2452E+01
 -13.420  0.3614E+00  0.2459E+01
 -13.400  0.3589E+00  0.2467E+01
 -13.380  0.3565E+00  0.2474E+01
 -13.360  0.3542E+00  0.2481E+01
 -13.340  0.3520E+00  0.2488E+01
 -13.320  0.3498E+00  0.2495E+01
 -13.300  0.3477E+00  0.2502E+01
 -13.280  0.3457E+00  0.2509E+01
 -13.260  0.3437E+00  0.2516E+01
 -13.240  0.3417E+00  0.2522E+01
 -13.220  0.3398E+00  0.2529E+01
 -13.200  0.3379E+00  0.2536E+01
 -13.180  0.3361E+00  0.2543E+01
 -13.160  0.3343E+00  0.2549E+01
 -13.140  0.3326E+00  0.2556E+01
 -13.120  0.3308E+00  0.2563E+01
 -13.100  0.3292E+00  0.2569E+01
 -13.080  0.3275E+00  0.2576E+01
 -13.060  0.3259E+00  0.2582E+01
 -13.040  0.3242E+00  0.2589E+01
 -13.020  0.3227E+00  0.2595E+01
 -13.000  0.3211E+00  0.2602E+01
 -12.980  0.3196E+00  0.2608E+01
 -12.960  0.3181E+00  0.2614E+01
 -12.940  0.3166E+00  0.2621E+01
 -12.920  0.3151E+00  0.2627E+01
 -12.900  0.3136E+00  0.2633E+01
 -12.880  0.3122E+00  0.2640E+01
 -12.860  0.3108E+00  0.2646E+01
 -12.840  0.3094E+00  0.2652E+01
 -12.820  0.3080E+00  0.2658E+01
 -12.800  0.3066E+00  0.2664E+01
 -12.780  0.3053E+00  0.2670E+01
 -12.760  0.3039E+00  0.2676E+01
 -12.740  0.3026E+00  0.2682E+01
 -12.720  0.3013E+00  0.2689E+01
 -12.700  0.3000E+00  0.2695E+01
 -12.680  0.2988E+00  0.2700E+01
 -12.660  0.2975E+00  0.2706E+01
 -12.640  0.2962E+00  0.2712E+01
 -12.620  0.2950E+00  0.2718E+01
 -12.600  0.2938E+00  0.2724E+01
 -12.580  0.2925E+00  0.2730E+01
 -12.560  0.2913E+00  0.2736E+01
 -12.540  0.2901E+00  0.2742E+01
 -12.520  0.2890E+00  0.2747E+01
 -12.500  0.2878E+00  0.2753E+01
 -12.480  0.2866E+00  0.2759E+01
 -12.460  0.2855E+00  0.2765E+01
 -12.440  0.2843E+00  0.2770E+01
 -12.420  0.2832E+00  0.2776E+01
 -12.400  0.2821E+00  0.2782E+01
 -12.380  0.2809E+00  0.2787E+01
 -12.360  0.2798E+00  0.2793E+01
 -12.340  0.2787E+00  0.2798E+01
 -12.320  0.2777E+00  0.2804E+01
 -12.300  0.2766E+00  0.2809E+01
 -12.280  0.2755E+00  0.2815E+01
 -12.260  0.2746E+00  0.2820E+01
 -12.240  0.2737E+00  0.2826E+01
 -12.220  0.2730E+00  0.2831E+01
 -12.200  0.2729E+00  0.2837E+01
 -12.180  0.2734E+00  0.2842E+01
 -12.160  0.2751E+00  0.2848E+01
 -12.140  0.2783E+00  0.2853E+01
 -12.120  0.2835E+00  0.2859E+01
 -12.100  0.2906E+00  0.2865E+01
 -12.080  0.2995E+00  0.2871E+01
 -12.060  0.3096E+00  0.2877E+01
 -12.040  0.3199E+00  0.2883E+01
 -12.020  0.3296E+00  0.2890E+01
 -12.000  0.3379E+00  0.2897E+01
 -11.980  0.3446E+00  0.2904E+01
 -11.960  0.3494E+00  0.2911E+01
 -11.940  0.3527E+00  0.2918E+01
 -11.920  0.3548E+00  0.2925E+01
 -11.900  0.3561E+00  0.2932E+01
 -11.880  0.3569E+00  0.2939E+01
 -11.860  0.3575E+00  0.2946E+01
 -11.840  0.3579E+00  0.2953E+01
 -11.820  0.3583E+00  0.2961E+01
 -11.800  0.3587E+00  0.2968E+01
 -11.780  0.3590E+00  0.2975E+01
 -11.760  0.3594E+00  0.2982E+01
 -11.740  0.3598E+00  0.2989E+01
 -11.720  0.3601E+00  0.2996E+01
 -11.700  0.3605E+00  0.3004E+01
 -11.680  0.3608E+00  0.3011E+01
 -11.660  0.3612E+00  0.3018E+01
 -11.640  0.3616E+00  0.3025E+01
 -11.620  0.3620E+00  0.3033E+01
 -11.600  0.3623E+00  0.3040E+01
 -11.580  0.3627E+00  0.3047E+01
 -11.560  0.3631E+00  0.3054E+01
 -11.540  0.3635E+00  0.3062E+01
 -11.520  0.3639E+00  0.3069E+01
 -11.500  0.3643E+00  0.3076E+01
 -11.480  0.3647E+00  0.3084E+01
 -11.460  0.3651E+00  0.3091E+01
 -11.440  0.3655E+00  0.3098E+01
 -11.420  0.3659E+00  0.3105E+01
 -11.400  0.3664E+00  0.3113E+01
 -11.380  0.3668E+00  0.3120E+01
 -11.360  0.3672E+00  0.3127E+01
 -11.340  0.3676E+00  0.3135E+01
 -11.320  0.3680E+00  0.3142E+01
 -11.300  0.3685E+00  0.3150E+01
 -11.280  0.3689E+00  0.3157E+01
 -11.260  0.3693E+00  0.3164E+01
 -11.240  0.3698E+00  0.3172E+01
 -11.220  0.3702E+00  0.3179E+01
 -11.200  0.3707E+00  0.3187E+01
 -11.180  0.3712E+00  0.3194E+01
 -11.160  0.3716E+00  0.3201E+01
 -11.140  0.3721E+00  0.3209E+01
 -11.120  0.3725E+00  0.3216E+01
 -11.100  0.3730E+00  0.3224E+01
 -11.080  0.3735E+00  0.3231E+01
 -11.060  0.3741E+00  0.3239E+01
 -11.040  0.3745E+00  0.3246E+01
 -11.020  0.3749E+00  0.3254E+01
 -11.000  0.3754E+00  0.3261E+01
 -10.980  0.3759E+00  0.3269E+01
 -10.960  0.3765E+00  0.3276E+01
 -10.940  0.3771E+00  0.3284E+01
 -10.920  0.3776E+00  0.3291E+01
 -10.900  0.3780E+00  0.3299E+01
 -10.880  0.3785E+00  0.3306E+01
 -10.860  0.3791E+00  0.3314E+01
 -10.840  0.3797E+00  0.3322E+01
 -10.820  0.3803E+00  0.3329E+01
 -10.800  0.3808E+00  0.3337E+01
 -10.780  0.3812E+00  0.3344E+01
 -10.760  0.3817E+00  0.3352E+01
 -10.740  0.3824E+00  0.3360E+01
 -10.720  0.3831E+00  0.3367E+01
 -10.700  0.3837E+00  0.3375E+01
 -10.680  0.3842E+00  0.3383E+01
 -10.660  0.3847E+00  0.3390E+01
 -10.640  0.3852E+00  0.3398E+01
 -10.620  0.3859E+00  0.3406E+01
 -10.600  0.3867E+00  0.3414E+01
 -10.580  0.3874E+00  0.3421E+01
 -10.560  0.3879E+00  0.3429E+01
 -10.540  0.3884E+00  0.3437E+01
 -10.520  0.3889E+00  0.3445E+01
 -10.500  0.3896E+00  0.3452E+01
 -10.480  0.3905E+00  0.3460E+01
 -10.460  0.3912E+00  0.3468E+01
 -10.440  0.3918E+00  0.3476E+01
 -10.420  0.3923E+00  0.3484E+01
 -10.400  0.3929E+00  0.3492E+01
 -10.380  0.3936E+00  0.3500E+01
 -10.360  0.3945E+00  0.3507E+01
 -10.340  0.3953E+00  0.3515E+01
 -10.320  0.3960E+00  0.3523E+01
 -10.300  0.3966E+00  0.3531E+01
 -10.280  0.3972E+00  0.3539E+01
 -10.260  0.3979E+00  0.3547E+01
 -10.240  0.3989E+00  0.3555E+01
 -10.220  0.3997E+00  0.3563E+01
 -10.200  0.4005E+00  0.3571E+01
 -10.180  0.4011E+00  0.3579E+01
 -10.160  0.4018E+00  0.3587E+01
 -10.140  0.4026E+00  0.3595E+01
 -10.120  0.4035E+00  0.3603E+01
 -10.100  0.4045E+00  0.3611E+01
 -10.080  0.4053E+00  0.3619E+01
 -10.060  0.4060E+00  0.3628E+01
 -10.040  0.4067E+00  0.3636E+01
 -10.020  0.4076E+00  0.3644E+01
 -10.000  0.4086E+00  0.3652E+01
  -9.980  0.4096E+00  0.3660E+01
  -9.960  0.4105E+00  0.3668E+01
  -9.940  0.4113E+00  0.3677E+01
  -9.920  0.4121E+00  0.3685E+01
  -9.900  0.4130E+00  0.3693E+01
  -9.880  0.4140E+00  0.3701E+01
  -9.860  0.4151E+00  0.3710E+01
  -9.840  0.4161E+00  0.3718E+01
  -9.820  0.4170E+00  0.3726E+01
  -9.800  0.4179E+00  0.3735E+01
  -9.780  0.4189E+00  0.3743E+01
  -9.760  0.4200E+00  0.3751E+01
  -9.740  0.4211E+00  0.3760E+01
  -9.720  0.4222E+00  0.3768E+01
  -9.700  0.4232E+00  0.3777E+01
  -9.680  0.4242E+00  0.3785E+01
  -9.660  0.4253E+00  0.3794E+01
  -9.640  0.4265E+00  0.3802E+01
  -9.620  0.4277E+00  0.3811E+01
  -9.600  0.4288E+00  0.3819E+01
  -9.580  0.4300E+00  0.3828E+01
  -9.560  0.4311E+00  0.3837E+01
  -9.540  0.4323E+00  0.3845E+01
  -9.520  0.4336E+00  0.3854E+01
  -9.500  0.4349E+00  0.3863E+01
  -9.480  0.4362E+00  0.3871E+01
  -9.460  0.4374E+00  0.3880E+01
  -9.440  0.4387E+00  0.3889E+01
  -9.420  0.4400E+00  0.3898E+01
  -9.400  0.4415E+00  0.3907E+01
  -9.380  0.4429E+00  0.3915E+01
  -9.360  0.4443E+00  0.3924E+01
  -9.340  0.4457E+00  0.3933E+01
  -9.320  0.4473E+00  0.3942E+01
  -9.300  0.4492E+00  0.3951E+01
  -9.280  0.4516E+00  0.3960E+01
  -9.260  0.4550E+00  0.3969E+01
  -9.240  0.4600E+00  0.3979E+01
  -9.220  0.4677E+00  0.3988E+01
  -9.200  0.4794E+00  0.3997E+01
  -9.180  0.4961E+00  0.4007E+01
  -9.160  0.5182E+00  0.4018E+01
  -9.140  0.5452E+00  0.4029E+01
  -9.120  0.5759E+00  0.4040E+01
  -9.100  0.6081E+00  0.4052E+01
  -9.080  0.6391E+00  0.4065E+01
  -9.060  0.6668E+00  0.4078E+01
  -9.040  0.6894E+00  0.4092E+01
  -9.020  0.7066E+00  0.4106E+01
  -9.000  0.7188E+00  0.4121E+01
  -8.980  0.7274E+00  0.4135E+01
  -8.960  0.7333E+00  0.4150E+01
  -8.940  0.7375E+00  0.4165E+01
  -8.920  0.7407E+00  0.4180E+01
  -8.900  0.7434E+00  0.4194E+01
  -8.880  0.7459E+00  0.4209E+01
  -8.860  0.7485E+00  0.4224E+01
  -8.840  0.7511E+00  0.4239E+01
  -8.820  0.7538E+00  0.4254E+01
  -8.800  0.7565E+00  0.4269E+01
  -8.780  0.7592E+00  0.4285E+01
  -8.760  0.7620E+00  0.4300E+01
  -8.740  0.7649E+00  0.4315E+01
  -8.720  0.7679E+00  0.4331E+01
  -8.700  0.7711E+00  0.4346E+01
  -8.680  0.7743E+00  0.4361E+01
  -8.660  0.7776E+00  0.4377E+01
  -8.640  0.7809E+00  0.4393E+01
  -8.620  0.7843E+00  0.4408E+01
  -8.600  0.7879E+00  0.4424E+01
  -8.580  0.7917E+00  0.4440E+01
  -8.560  0.7956E+00  0.4456E+01
  -8.540  0.7996E+00  0.4472E+01
  -8.520  0.8037E+00  0.4488E+01
  -8.500  0.8079E+00  0.4504E+01
  -8.480  0.8125E+00  0.4520E+01
  -8.460  0.8172E+00  0.4537E+01
  -8.440  0.8221E+00  0.4553E+01
  -8.420  0.8272E+00  0.4570E+01
  -8.400  0.8325E+00  0.4586E+01
  -8.380  0.8380E+00  0.4603E+01
  -8.360  0.8439E+00  0.4620E+01
  -8.340  0.8501E+00  0.4637E+01
  -8.320  0.8567E+00  0.4654E+01
  -8.300  0.8637E+00  0.4671E+01
  -8.280  0.8710E+00  0.4689E+01
  -8.260  0.8788E+00  0.4706E+01
  -8.240  0.8872E+00  0.4724E+01
  -8.220  0.8964E+00  0.4742E+01
  -8.200  0.9063E+00  0.4760E+01
  -8.180  0.9172E+00  0.4778E+01
  -8.160  0.9292E+00  0.4797E+01
  -8.140  0.9427E+00  0.4816E+01
  -8.120  0.9581E+00  0.4835E+01
  -8.100  0.9760E+00  0.4855E+01
  -8.080  0.9969E+00  0.4875E+01
  -8.060  0.1021E+01  0.4895E+01
  -8.040  0.1049E+01  0.4916E+01
  -8.020  0.1078E+01  0.4937E+01
  -8.000  0.1109E+01  0.4960E+01
  -7.980  0.1137E+01  0.4982E+01
  -7.960  0.1159E+01  0.5006E+01
  -7.940  0.1171E+01  0.5029E+01
  -7.920  0.1172E+01  0.5052E+01
  -7.900  0.1161E+01  0.5076E+01
  -7.880  0.1140E+01  0.5098E+01
  -7.860  0.1112E+01  0.5121E+01
  -7.840  0.1081E+01  0.5142E+01
  -7.820  0.1049E+01  0.5163E+01
  -7.800  0.1019E+01  0.5184E+01
  -7.780  0.9930E+00  0.5204E+01
  -7.760  0.9700E+00  0.5223E+01
  -7.740  0.9502E+00  0.5242E+01
  -7.720  0.9330E+00  0.5261E+01
  -7.700  0.9179E+00  0.5279E+01
  -7.680  0.9044E+00  0.5297E+01
  -7.660  0.8921E+00  0.5315E+01
  -7.640  0.8808E+00  0.5333E+01
  -7.620  0.8704E+00  0.5350E+01
  -7.600  0.8608E+00  0.5367E+01
  -7.580  0.8519E+00  0.5384E+01
  -7.560  0.8434E+00  0.5401E+01
  -7.540  0.8353E+00  0.5418E+01
  -7.520  0.8277E+00  0.5434E+01
  -7.500  0.8205E+00  0.5451E+01
  -7.480  0.8137E+00  0.5467E+01
  -7.460  0.8072E+00  0.5483E+01
  -7.440  0.8009E+00  0.5499E+01
  -7.420  0.7948E+00  0.5515E+01
  -7.400  0.7889E+00  0.5531E+01
  -7.380  0.7833E+00  0.5546E+01
  -7.360  0.7778E+00  0.5562E+01
  -7.340  0.7726E+00  0.5578E+01
  -7.320  0.7675E+00  0.5593E+01
  -7.300  0.7625E+00  0.5608E+01
  -7.280  0.7577E+00  0.5623E+01
  -7.260  0.7531E+00  0.5638E+01
  -7.240  0.7488E+00  0.5653E+01
  -7.220  0.7446E+00  0.5668E+01
  -7.200  0.7406E+00  0.5683E+01
  -7.180  0.7366E+00  0.5698E+01
  -7.160  0.7326E+00  0.5712E+01
  -7.140  0.7287E+00  0.5727E+01
  -7.120  0.7250E+00  0.5741E+01
  -7.100  0.7214E+00  0.5756E+01
  -7.080  0.7179E+00  0.5770E+01
  -7.060  0.7144E+00  0.5785E+01
  -7.040  0.7109E+00  0.5799E+01
  -7.020  0.7075E+00  0.5813E+01
  -7.000  0.7042E+00  0.5827E+01
  -6.980  0.7011E+00  0.5841E+01
  -6.960  0.6980E+00  0.5855E+01
  -6.940  0.6950E+00  0.5869E+01
  -6.920  0.6919E+00  0.5883E+01
  -6.900  0.6890E+00  0.5896E+01
  -6.880  0.6861E+00  0.5910E+01
  -6.860  0.6834E+00  0.5924E+01
  -6.840  0.6807E+00  0.5937E+01
  -6.820  0.6779E+00  0.5951E+01
  -6.800  0.6752E+00  0.5965E+01
  -6.780  0.6726E+00  0.5978E+01
  -6.760  0.6700E+00  0.5991E+01
  -6.740  0.6675E+00  0.6005E+01
  -6.720  0.6651E+00  0.6018E+01
  -6.700  0.6627E+00  0.6031E+01
  -6.680  0.6602E+00  0.6045E+01
  -6.660  0.6579E+00  0.6058E+01
  -6.640  0.6556E+00  0.6071E+01
  -6.620  0.6533E+00  0.6084E+01
  -6.600  0.6512E+00  0.6097E+01
  -6.580  0.6490E+00  0.6110E+01
  -6.560  0.6468E+00  0.6123E+01
  -6.540  0.6446E+00  0.6136E+01
  -6.520  0.6425E+00  0.6149E+01
  -6.500  0.6405E+00  0.6161E+01
  -6.480  0.6385E+00  0.6174E+01
  -6.460  0.6365E+00  0.6187E+01
  -6.440  0.6346E+00  0.6200E+01
  -6.420  0.6326E+00  0.6212E+01
  -6.400  0.6307E+00  0.6225E+01
  -6.380  0.6289E+00  0.6237E+01
  -6.360  0.6271E+00  0.6250E+01
  -6.340  0.6253E+00  0.6262E+01
  -6.320  0.6235E+00  0.6275E+01
  -6.300  0.6217E+00  0.6287E+01
  -6.280  0.6200E+00  0.6300E+01
  -6.260  0.6183E+00  0.6312E+01
  -6.240  0.6167E+00  0.6324E+01
  -6.220  0.6150E+00  0.6337E+01
  -6.200  0.6133E+00  0.6349E+01
  -6.180  0.6118E+00  0.6361E+01
  -6.160  0.6102E+00  0.6373E+01
  -6.140  0.6087E+00  0.6386E+01
  -6.120  0.6071E+00  0.6398E+01
  -6.100  0.6056E+00  0.6410E+01
  -6.080  0.6041E+00  0.6422E+01
  -6.060  0.6027E+00  0.6434E+01
  -6.040  0.6013E+00  0.6446E+01
  -6.020  0.5999E+00  0.6458E+01
  -6.000  0.5985E+00  0.6470E+01
  -5.980  0.5971E+00  0.6482E+01
  -5.960  0.5958E+00  0.6494E+01
  -5.940  0.5945E+00  0.6506E+01
  -5.920  0.5932E+00  0.6518E+01
  -5.900  0.5919E+00  0.6529E+01
  -5.880  0.5906E+00  0.6541E+01
  -5.860  0.5894E+00  0.6553E+01
  -5.840  0.5882E+00  0.6565E+01
  -5.820  0.5870E+00  0.6577E+01
  -5.800  0.5858E+00  0.6588E+01
  -5.780  0.5846E+00  0.6600E+01
  -5.760  0.5835E+00  0.6612E+01
  -5.740  0.5824E+00  0.6623E+01
  -5.720  0.5813E+00  0.6635E+01
  -5.700  0.5802E+00  0.6646E+01
  -5.680  0.5792E+00  0.6658E+01
  -5.660  0.5781E+00  0.6670E+01
  -5.640  0.5771E+00  0.6681E+01
  -5.620  0.5761E+00  0.6693E+01
  -5.600  0.5751E+00  0.6704E+01
  -5.580  0.5742E+00  0.6716E+01
  -5.560  0.5733E+00  0.6727E+01
  -5.540  0.5724E+00  0.6739E+01
  -5.520  0.5715E+00  0.6750E+01
  -5.500  0.5706E+00  0.6761E+01
  -5.480  0.5697E+00  0.6773E+01
  -5.460  0.5689E+00  0.6784E+01
  -5.440  0.5681E+00  0.6796E+01
  -5.420  0.5673E+00  0.6807E+01
  -5.400  0.5665E+00  0.6818E+01
  -5.380  0.5658E+00  0.6830E+01
  -5.360  0.5651E+00  0.6841E+01
  -5.340  0.5644E+00  0.6852E+01
  -5.320  0.5637E+00  0.6863E+01
  -5.300  0.5630E+00  0.6875E+01
  -5.280  0.5624E+00  0.6886E+01
  -5.260  0.5618E+00  0.6897E+01
  -5.240  0.5612E+00  0.6908E+01
  -5.220  0.5607E+00  0.6920E+01
  -5.200  0.5601E+00  0.6931E+01
  -5.180  0.5595E+00  0.6942E+01
  -5.160  0.5591E+00  0.6953E+01
  -5.140  0.5586E+00  0.6964E+01
  -5.120  0.5582E+00  0.6976E+01
  -5.100  0.5578E+00  0.6987E+01
  -5.080  0.5573E+00  0.6998E+01
  -5.060  0.5570E+00  0.7009E+01
  -5.040  0.5567E+00  0.7020E+01
  -5.020  0.5564E+00  0.7031E+01
  -5.000  0.5561E+00  0.7042E+01
  -4.980  0.5559E+00  0.7053E+01
  -4.960  0.5556E+00  0.7065E+01
  -4.940  0.5554E+00  0.7076E+01
  -4.920  0.5553E+00  0.7087E+01
  -4.900  0.5553E+00  0.7098E+01
  -4.880  0.5552E+00  0.7109E+01
  -4.860  0.5551E+00  0.7120E+01
  -4.840  0.5550E+00  0.7131E+01
  -4.820  0.5551E+00  0.7142E+01
  -4.800  0.5552E+00  0.7153E+01
  -4.780  0.5553E+00  0.7165E+01
  -4.760  0.5553E+00  0.7176E+01
  -4.740  0.5551E+00  0.7187E+01
  -4.720  0.5546E+00  0.7198E+01
  -4.700  0.5534E+00  0.7209E+01
  -4.680  0.5508E+00  0.7220E+01
  -4.660  0.5459E+00  0.7231E+01
  -4.640  0.5378E+00  0.7242E+01
  -4.620  0.5257E+00  0.7252E+01
  -4.600  0.5095E+00  0.7262E+01
  -4.580  0.4893E+00  0.7272E+01
  -4.560  0.4665E+00  0.7281E+01
  -4.540  0.4428E+00  0.7290E+01
  -4.520  0.4204E+00  0.7299E+01
  -4.500  0.4013E+00  0.7307E+01
  -4.480  0.3866E+00  0.7314E+01
  -4.460  0.3766E+00  0.7322E+01
  -4.440  0.3706E+00  0.7329E+01
  -4.420  0.3678E+00  0.7337E+01
  -4.400  0.3674E+00  0.7344E+01
  -4.380  0.3686E+00  0.7351E+01
  -4.360  0.3707E+00  0.7359E+01
  -4.340  0.3734E+00  0.7366E+01
  -4.320  0.3764E+00  0.7374E+01
  -4.300  0.3795E+00  0.7381E+01
  -4.280  0.3829E+00  0.7389E+01
  -4.260  0.3867E+00  0.7397E+01
  -4.240  0.3907E+00  0.7405E+01
  -4.220  0.3950E+00  0.7413E+01
  -4.200  0.3995E+00  0.7421E+01
  -4.180  0.4043E+00  0.7429E+01
  -4.160  0.4095E+00  0.7437E+01
  -4.140  0.4154E+00  0.7445E+01
  -4.120  0.4219E+00  0.7454E+01
  -4.100  0.4291E+00  0.7462E+01
  -4.080  0.4371E+00  0.7471E+01
  -4.060  0.4462E+00  0.7480E+01
  -4.040  0.4569E+00  0.7489E+01
  -4.020  0.4696E+00  0.7498E+01
  -4.000  0.4846E+00  0.7508E+01
  -3.980  0.5020E+00  0.7518E+01
  -3.960  0.5214E+00  0.7529E+01
  -3.940  0.5421E+00  0.7539E+01
  -3.920  0.5626E+00  0.7551E+01
  -3.900  0.5802E+00  0.7562E+01
  -3.880  0.5922E+00  0.7574E+01
  -3.860  0.5962E+00  0.7586E+01
  -3.840  0.5913E+00  0.7598E+01
  -3.820  0.5778E+00  0.7609E+01
  -3.800  0.5578E+00  0.7621E+01
  -3.780  0.5336E+00  0.7631E+01
  -3.760  0.5079E+00  0.7641E+01
  -3.740  0.4826E+00  0.7651E+01
  -3.720  0.4594E+00  0.7660E+01
  -3.700  0.4388E+00  0.7669E+01
  -3.680  0.4210E+00  0.7677E+01
  -3.660  0.4055E+00  0.7685E+01
  -3.640  0.3917E+00  0.7693E+01
  -3.620  0.3792E+00  0.7701E+01
  -3.600  0.3679E+00  0.7708E+01
  -3.580  0.3577E+00  0.7715E+01
  -3.560  0.3483E+00  0.7722E+01
  -3.540  0.3395E+00  0.7729E+01
  -3.520  0.3311E+00  0.7736E+01
  -3.500  0.3230E+00  0.7742E+01
  -3.480  0.3154E+00  0.7749E+01
  -3.460  0.3084E+00  0.7755E+01
  -3.440  0.3017E+00  0.7761E+01
  -3.420  0.2952E+00  0.7767E+01
  -3.400  0.2888E+00  0.7772E+01
  -3.380  0.2826E+00  0.7778E+01
  -3.360  0.2768E+00  0.7784E+01
  -3.340  0.2713E+00  0.7789E+01
  -3.320  0.2659E+00  0.7794E+01
  -3.300  0.2606E+00  0.7800E+01
  -3.280  0.2554E+00  0.7805E+01
  -3.260  0.2503E+00  0.7810E+01
  -3.240  0.2455E+00  0.7815E+01
  -3.220  0.2409E+00  0.7819E+01
  -3.200  0.2364E+00  0.7824E+01
  -3.180  0.2318E+00  0.7829E+01
  -3.160  0.2273E+00  0.7833E+01
  -3.140  0.2230E+00  0.7838E+01
  -3.120  0.2189E+00  0.7842E+01
  -3.100  0.2149E+00  0.7846E+01
  -3.080  0.2109E+00  0.7851E+01
  -3.060  0.2069E+00  0.7855E+01
  -3.040  0.2029E+00  0.7859E+01
  -3.020  0.1991E+00  0.7863E+01
  -3.000  0.1955E+00  0.7867E+01
  -2.980  0.1919E+00  0.7871E+01
  -2.960  0.1883E+00  0.7874E+01
  -2.940  0.1847E+00  0.7878E+01
  -2.920  0.1812E+00  0.7882E+01
  -2.900  0.1778E+00  0.7885E+01
  -2.880  0.1745E+00  0.7889E+01
  -2.860  0.1712E+00  0.7892E+01
  -2.840  0.1679E+00  0.7896E+01
  -2.820  0.1646E+00  0.7899E+01
  -2.800  0.1614E+00  0.7902E+01
  -2.780  0.1583E+00  0.7905E+01
  -2.760  0.1553E+00  0.7908E+01
  -2.740  0.1522E+00  0.7911E+01
  -2.720  0.1491E+00  0.7914E+01
  -2.700  0.1461E+00  0.7917E+01
  -2.680  0.1432E+00  0.7920E+01
  -2.660  0.1403E+00  0.7923E+01
  -2.640  0.1374E+00  0.7926E+01
  -2.620  0.1346E+00  0.7928E+01
  -2.600  0.1317E+00  0.7931E+01
  -2.580  0.1289E+00  0.7934E+01
  -2.560  0.1262E+00  0.7936E+01
  -2.540  0.1235E+00  0.7939E+01
  -2.520  0.1208E+00  0.7941E+01
  -2.500  0.1180E+00  0.7943E+01
  -2.480  0.1154E+00  0.7946E+01
  -2.460  0.1127E+00  0.7948E+01
  -2.440  0.1101E+00  0.7950E+01
  -2.420  0.1075E+00  0.7952E+01
  -2.400  0.1050E+00  0.7954E+01
  -2.380  0.1024E+00  0.7956E+01
  -2.360  0.9984E-01  0.7958E+01
  -2.340  0.9733E-01  0.7960E+01
  -2.320  0.9485E-01  0.7962E+01
  -2.300  0.9237E-01  0.7964E+01
  -2.280  0.8989E-01  0.7966E+01
  -2.260  0.8742E-01  0.7968E+01
  -2.240  0.8499E-01  0.7969E+01
  -2.220  0.8258E-01  0.7971E+01
  -2.200  0.8018E-01  0.7973E+01
  -2.180  0.7778E-01  0.7974E+01
  -2.160  0.7538E-01  0.7976E+01
  -2.140  0.7301E-01  0.7977E+01
  -2.120  0.7066E-01  0.7979E+01
  -2.100  0.6832E-01  0.7980E+01
  -2.080  0.6598E-01  0.7981E+01
  -2.060  0.6365E-01  0.7983E+01
  -2.040  0.6132E-01  0.7984E+01
  -2.020  0.5902E-01  0.7985E+01
  -2.000  0.5673E-01  0.7986E+01
  -1.980  0.5444E-01  0.7987E+01
  -1.960  0.5215E-01  0.7988E+01
  -1.940  0.4986E-01  0.7989E+01
  -1.920  0.4759E-01  0.7990E+01
  -1.900  0.4533E-01  0.7991E+01
  -1.880  0.4308E-01  0.7992E+01
  -1.860  0.4082E-01  0.7993E+01
  -1.840  0.3856E-01  0.7993E+01
  -1.820  0.3632E-01  0.7994E+01
  -1.800  0.3408E-01  0.7995E+01
  -1.780  0.3184E-01  0.7996E+01
  -1.760  0.2960E-01  0.7996E+01
  -1.740  0.2736E-01  0.7997E+01
  -1.720  0.2513E-01  0.7997E+01
  -1.700  0.2290E-01  0.7998E+01
  -1.680  0.2068E-01  0.7998E+01
  -1.660  0.1846E-01  0.7998E+01
  -1.640  0.1628E-01  0.7999E+01
  -1.620  0.1415E-01  0.7999E+01
  -1.600  0.1212E-01  0.7999E+01
  -1.580  0.1024E-01  0.7999E+01
  -1.560  0.8611E-02  0.8000E+01
  -1.540  0.7314E-02  0.8000E+01
  -1.520  0.6444E-02  0.8000E+01
  -1.500  0.6071E-02  0.8000E+01
  -1.480  0.6227E-02  0.8000E+01
  -1.460  0.6901E-02  0.8000E+01
  -1.440  0.8043E-02  0.8000E+01
  -1.420  0.9571E-02  0.8001E+01
  -1.400  0.1139E-01  0.8001E+01
  -1.380  0.1341E-01  0.8001E+01
  -1.360  0.1557E-01  0.8001E+01
  -1.340  0.1781E-01  0.8002E+01
  -1.320  0.2010E-01  0.8002E+01
  -1.300  0.2242E-01  0.8003E+01
  -1.280  0.2476E-01  0.8003E+01
  -1.260  0.2711E-01  0.8004E+01
  -1.240  0.2948E-01  0.8004E+01
  -1.220  0.3187E-01  0.8005E+01
  -1.200  0.3426E-01  0.8006E+01
  -1.180  0.3668E-01  0.8006E+01
  -1.160  0.3911E-01  0.8007E+01
  -1.140  0.4156E-01  0.8008E+01
  -1.120  0.4403E-01  0.8009E+01
  -1.100  0.4652E-01  0.8010E+01
  -1.080  0.4903E-01  0.8011E+01
  -1.060  0.5156E-01  0.8012E+01
  -1.040  0.5412E-01  0.8013E+01
  -1.020  0.5670E-01  0.8014E+01
  -1.000  0.5931E-01  0.8015E+01
  -0.980  0.6194E-01  0.8016E+01
  -0.960  0.6461E-01  0.8018E+01
  -0.940  0.6731E-01  0.8019E+01
  -0.920  0.7004E-01  0.8020E+01
  -0.900  0.7281E-01  0.8022E+01
  -0.880  0.7560E-01  0.8023E+01
  -0.860  0.7843E-01  0.8025E+01
  -0.840  0.8131E-01  0.8027E+01
  -0.820  0.8425E-01  0.8028E+01
  -0.800  0.8722E-01  0.8030E+01
  -0.780  0.9022E-01  0.8032E+01
  -0.760  0.9328E-01  0.8034E+01
  -0.740  0.9639E-01  0.8036E+01
  -0.720  0.9958E-01  0.8038E+01
  -0.700  0.1028E+00  0.8040E+01
  -0.680  0.1061E+00  0.8042E+01
  -0.660  0.1095E+00  0.8044E+01
  -0.640  0.1129E+00  0.8046E+01
  -0.620  0.1164E+00  0.8049E+01
  -0.600  0.1200E+00  0.8051E+01
  -0.580  0.1237E+00  0.8053E+01
  -0.560  0.1275E+00  0.8056E+01
  -0.540  0.1313E+00  0.8059E+01
  -0.520  0.1353E+00  0.8061E+01
  -0.500  0.1394E+00  0.8064E+01
  -0.480  0.1436E+00  0.8067E+01
  -0.460  0.1479E+00  0.8070E+01
  -0.440  0.1524E+00  0.8073E+01
  -0.420  0.1570E+00  0.8076E+01
  -0.400  0.1619E+00  0.8079E+01
  -0.380  0.1670E+00  0.8083E+01
  -0.360  0.1724E+00  0.8086E+01
  -0.340  0.1782E+00  0.8090E+01
  -0.320  0.1849E+00  0.8093E+01
  -0.300  0.1931E+00  0.8097E+01
  -0.280  0.2036E+00  0.8101E+01
  -0.260  0.2171E+00  0.8106E+01
  -0.240  0.2349E+00  0.8110E+01
  -0.220  0.2575E+00  0.8116E+01
  -0.200  0.2852E+00  0.8121E+01
  -0.180  0.3172E+00  0.8128E+01
  -0.160  0.3518E+00  0.8135E+01
  -0.140  0.3869E+00  0.8142E+01
  -0.120  0.4204E+00  0.8151E+01
  -0.100  0.4511E+00  0.8160E+01
  -0.080  0.4785E+00  0.8169E+01
  -0.060  0.5029E+00  0.8179E+01
  -0.040  0.5253E+00  0.8190E+01
  -0.020  0.5472E+00  0.8201E+01
  -0.000  0.5706E+00  0.8212E+01
   0.020  0.5970E+00  0.8224E+01
   0.040  0.6280E+00  0.8237E+01
   0.060  0.6644E+00  0.8250E+01
   0.080  0.7060E+00  0.8264E+01
   0.100  0.7515E+00  0.8279E+01
   0.120  0.7978E+00  0.8295E+01
   0.140  0.8405E+00  0.8312E+01
   0.160  0.8747E+00  0.8330E+01
   0.180  0.8960E+00  0.8347E+01
   0.200  0.9019E+00  0.8365E+01
   0.220  0.8929E+00  0.8383E+01
   0.240  0.8721E+00  0.8401E+01
   0.260  0.8438E+00  0.8418E+01
   0.280  0.8125E+00  0.8434E+01
   0.300  0.7817E+00  0.8450E+01
   0.320  0.7535E+00  0.8465E+01
   0.340  0.7290E+00  0.8479E+01
   0.360  0.7082E+00  0.8493E+01
   0.380  0.6909E+00  0.8507E+01
   0.400  0.6763E+00  0.8521E+01
   0.420  0.6637E+00  0.8534E+01
   0.440  0.6526E+00  0.8547E+01
   0.460  0.6426E+00  0.8560E+01
   0.480  0.6337E+00  0.8573E+01
   0.500  0.6256E+00  0.8585E+01
   0.520  0.6184E+00  0.8597E+01
   0.540  0.6117E+00  0.8610E+01
   0.560  0.6053E+00  0.8622E+01
   0.580  0.5993E+00  0.8634E+01
   0.600  0.5937E+00  0.8646E+01
   0.620  0.5885E+00  0.8657E+01
   0.640  0.5838E+00  0.8669E+01
   0.660  0.5793E+00  0.8681E+01
   0.680  0.5749E+00  0.8692E+01
   0.700  0.5706E+00  0.8704E+01
   0.720  0.5665E+00  0.8715E+01
   0.740  0.5628E+00  0.8726E+01
   0.760  0.5594E+00  0.8737E+01
   0.780  0.5560E+00  0.8748E+01
   0.800  0.5527E+00  0.8760E+01
   0.820  0.5494E+00  0.8771E+01
   0.840  0.5463E+00  0.8781E+01
   0.860  0.5433E+00  0.8792E+01
   0.880  0.5406E+00  0.8803E+01
   0.900  0.5380E+00  0.8814E+01
   0.920  0.5355E+00  0.8825E+01
   0.940  0.5328E+00  0.8835E+01
   0.960  0.5302E+00  0.8846E+01
   0.980  0.5277E+00  0.8856E+01
   1.000  0.5255E+00  0.8867E+01
   1.020  0.5234E+00  0.8877E+01
   1.040  0.5213E+00  0.8888E+01
   1.060  0.5192E+00  0.8898E+01
   1.080  0.5170E+00  0.8909E+01
   1.100  0.5151E+00  0.8919E+01
   1.120  0.5137E+00  0.8929E+01
   1.140  0.5132E+00  0.8939E+01
   1.160  0.5139E+00  0.8950E+01
   1.180  0.5164E+00  0.8960E+01
   1.200  0.5218E+00  0.8970E+01
   1.220  0.5311E+00  0.8981E+01
   1.240  0.5452E+00  0.8992E+01
   1.260  0.5642E+00  0.9003E+01
   1.280  0.5871E+00  0.9015E+01
   1.300  0.6119E+00  0.9027E+01
   1.320  0.6364E+00  0.9040E+01
   1.340  0.6584E+00  0.9053E+01
   1.360  0.6766E+00  0.9067E+01
   1.380  0.6903E+00  0.9080E+01
   1.400  0.6996E+00  0.9094E+01
   1.420  0.7052E+00  0.9109E+01
   1.440  0.7078E+00  0.9123E+01
   1.460  0.7085E+00  0.9137E+01
   1.480  0.7080E+00  0.9151E+01
   1.500  0.7070E+00  0.9165E+01
   1.520  0.7061E+00  0.9179E+01
   1.540  0.7051E+00  0.9193E+01
   1.560  0.7041E+00  0.9207E+01
   1.580  0.7028E+00  0.9222E+01
   1.600  0.7014E+00  0.9236E+01
   1.620  0.7000E+00  0.9250E+01
   1.640  0.6988E+00  0.9264E+01
   1.660  0.6978E+00  0.9277E+01
   1.680  0.6970E+00  0.9291E+01
   1.700  0.6959E+00  0.9305E+01
   1.720  0.6947E+00  0.9319E+01
   1.740  0.6933E+00  0.9333E+01
   1.760  0.6921E+00  0.9347E+01
   1.780  0.6911E+00  0.9361E+01
   1.800  0.6903E+00  0.9375E+01
   1.820  0.6896E+00  0.9388E+01
   1.840  0.6886E+00  0.9402E+01
   1.860  0.6874E+00  0.9416E+01
   1.880  0.6861E+00  0.9430E+01
   1.900  0.6850E+00  0.9443E+01
   1.920  0.6842E+00  0.9457E+01
   1.940  0.6835E+00  0.9471E+01
   1.960  0.6828E+00  0.9484E+01
   1.980  0.6819E+00  0.9498E+01
   2.000  0.6807E+00  0.9512E+01
   2.020  0.6795E+00  0.9525E+01
   2.040  0.6786E+00  0.9539E+01
   2.060  0.6779E+00  0.9552E+01
   2.080  0.6773E+00  0.9566E+01
   2.100  0.6766E+00  0.9579E+01
   2.120  0.6757E+00  0.9593E+01
   2.140  0.6746E+00  0.9606E+01
   2.160  0.6735E+00  0.9620E+01
   2.180  0.6726E+00  0.9633E+01
   2.200  0.6720E+00  0.9647E+01
   2.220  0.6715E+00  0.9660E+01
   2.240  0.6709E+00  0.9674E+01
   2.260  0.6700E+00  0.9687E+01
   2.280  0.6689E+00  0.9700E+01
   2.300  0.6679E+00  0.9714E+01
   2.320  0.6671E+00  0.9727E+01
   2.340  0.6666E+00  0.9740E+01
   2.360  0.6662E+00  0.9754E+01
   2.380  0.6656E+00  0.9767E+01
   2.400  0.6648E+00  0.9780E+01
   2.420  0.6637E+00  0.9794E+01
   2.440  0.6627E+00  0.9807E+01
   2.460  0.6620E+00  0.9820E+01
   2.480  0.6616E+00  0.9833E+01
   2.500  0.6612E+00  0.9847E+01
   2.520  0.6607E+00  0.9860E+01
   2.540  0.6599E+00  0.9873E+01
   2.560  0.6589E+00  0.9886E+01
   2.580  0.6580E+00  0.9899E+01
   2.600  0.6573E+00  0.9912E+01
   2.620  0.6569E+00  0.9926E+01
   2.640  0.6566E+00  0.9939E+01
   2.660  0.6562E+00  0.9952E+01
   2.680  0.6555E+00  0.9965E+01
   2.700  0.6545E+00  0.9978E+01
   2.720  0.6536E+00  0.9991E+01
   2.740  0.6529E+00  0.1000E+02
   2.760  0.6525E+00  0.1002E+02
   2.780  0.6524E+00  0.1003E+02
   2.800  0.6521E+00  0.1004E+02
   2.820  0.6514E+00  0.1006E+02
   2.840  0.6505E+00  0.1007E+02
   2.860  0.6495E+00  0.1008E+02
   2.880  0.6489E+00  0.1010E+02
   2.900  0.6487E+00  0.1011E+02
   2.920  0.6487E+00  0.1012E+02
   2.940  0.6485E+00  0.1013E+02
   2.960  0.6479E+00  0.1015E+02
   2.980  0.6471E+00  0.1016E+02
   3.000  0.6464E+00  0.1017E+02
   3.020  0.6462E+00  0.1019E+02
   3.040  0.6468E+00  0.1020E+02
   3.060  0.6482E+00  0.1021E+02
   3.080  0.6508E+00  0.1022E+02
   3.100  0.6554E+00  0.1024E+02
   3.120  0.6629E+00  0.1025E+02
   3.140  0.6748E+00  0.1026E+02
   3.160  0.6917E+00  0.1028E+02
   3.180  0.7136E+00  0.1029E+02
   3.200  0.7396E+00  0.1031E+02
   3.220  0.7676E+00  0.1032E+02
   3.240  0.7953E+00  0.1034E+02
   3.260  0.8204E+00  0.1036E+02
   3.280  0.8414E+00  0.1037E+02
   3.300  0.8572E+00  0.1039E+02
   3.320  0.8674E+00  0.1041E+02
   3.340  0.8720E+00  0.1042E+02
   3.360  0.8706E+00  0.1044E+02
   3.380  0.8634E+00  0.1046E+02
   3.400  0.8514E+00  0.1048E+02
   3.420  0.8365E+00  0.1049E+02
   3.440  0.8217E+00  0.1051E+02
   3.460  0.8104E+00  0.1053E+02
   3.480  0.8049E+00  0.1054E+02
   3.500  0.8062E+00  0.1056E+02
   3.520  0.8135E+00  0.1057E+02
   3.540  0.8245E+00  0.1059E+02
   3.560  0.8371E+00  0.1061E+02
   3.580  0.8492E+00  0.1062E+02
   3.600  0.8596E+00  0.1064E+02
   3.620  0.8674E+00  0.1066E+02
   3.640  0.8724E+00  0.1068E+02
   3.660  0.8745E+00  0.1069E+02
   3.680  0.8739E+00  0.1071E+02
   3.700  0.8717E+00  0.1073E+02
   3.720  0.8689E+00  0.1075E+02
   3.740  0.8665E+00  0.1076E+02
   3.760  0.8651E+00  0.1078E+02
   3.780  0.8644E+00  0.1080E+02
   3.800  0.8639E+00  0.1081E+02
   3.820  0.8632E+00  0.1083E+02
   3.840  0.8623E+00  0.1085E+02
   3.860  0.8617E+00  0.1087E+02
   3.880  0.8617E+00  0.1088E+02
   3.900  0.8626E+00  0.1090E+02
   3.920  0.8643E+00  0.1092E+02
   3.940  0.8663E+00  0.1094E+02
   3.960  0.8686E+00  0.1095E+02
   3.980  0.8714E+00  0.1097E+02
   4.000  0.8750E+00  0.1099E+02
   4.020  0.8799E+00  0.1101E+02
   4.040  0.8858E+00  0.1102E+02
   4.060  0.8917E+00  0.1104E+02
   4.080  0.8955E+00  0.1106E+02
   4.100  0.8952E+00  0.1108E+02
   4.120  0.8885E+00  0.1109E+02
   4.140  0.8743E+00  0.1111E+02
   4.160  0.8525E+00  0.1113E+02
   4.180  0.8240E+00  0.1115E+02
   4.200  0.7910E+00  0.1116E+02
   4.220  0.7562E+00  0.1118E+02
   4.240  0.7232E+00  0.1119E+02
   4.260  0.6960E+00  0.1121E+02
   4.280  0.6789E+00  0.1122E+02
   4.300  0.6752E+00  0.1123E+02
   4.320  0.6872E+00  0.1125E+02
   4.340  0.7147E+00  0.1126E+02
   4.360  0.7550E+00  0.1128E+02
   4.380  0.8036E+00  0.1129E+02
   4.400  0.8549E+00  0.1131E+02
   4.420  0.9038E+00  0.1133E+02
   4.440  0.9469E+00  0.1135E+02
   4.460  0.9826E+00  0.1137E+02
   4.480  0.1011E+01  0.1139E+02
   4.500  0.1033E+01  0.1141E+02
   4.520  0.1050E+01  0.1143E+02
   4.540  0.1062E+01  0.1145E+02
   4.560  0.1069E+01  0.1147E+02
   4.580  0.1074E+01  0.1149E+02
   4.600  0.1076E+01  0.1151E+02
   4.620  0.1076E+01  0.1153E+02
   4.640  0.1076E+01  0.1156E+02
   4.660  0.1075E+01  0.1158E+02
   4.680  0.1073E+01  0.1160E+02
   4.700  0.1072E+01  0.1162E+02
   4.720  0.1071E+01  0.1164E+02
   4.740  0.1070E+01  0.1166E+02
   4.760  0.1069E+01  0.1168E+02
   4.780  0.1068E+01  0.1171E+02
   4.800  0.1067E+01  0.1173E+02
   4.820  0.1067E+01  0.1175E+02
   4.840  0.1066E+01  0.1177E+02
   4.860  0.1066E+01  0.1179E+02
   4.880  0.1065E+01  0.1181E+02
   4.900  0.1065E+01  0.1183E+02
   4.920  0.1065E+01  0.1185E+02
   4.940  0.1065E+01  0.1188E+02
   4.960  0.1064E+01  0.1190E+02
   4.980  0.1064E+01  0.1192E+02
   5.000  0.1064E+01  0.1194E+02
   5.020  0.1064E+01  0.1196E+02
   5.040  0.1065E+01  0.1198E+02
   5.060  0.1065E+01  0.1200E+02
   5.080  0.1066E+01  0.1203E+02
   5.100  0.1066E+01  0.1205E+02
   5.120  0.1067E+01  0.1207E+02
   5.140  0.1068E+01  0.1209E+02
   5.160  0.1071E+01  0.1211E+02
   5.180  0.1074E+01  0.1213E+02
   5.200  0.1078E+01  0.1215E+02
   5.220  0.1081E+01  0.1218E+02
   5.240  0.1083E+01  0.1220E+02
   5.260  0.1082E+01  0.1222E+02
   5.280  0.1077E+01  0.1224E+02
   5.300  0.1066E+01  0.1226E+02
   5.320  0.1048E+01  0.1228E+02
   5.340  0.1026E+01  0.1230E+02
   5.360  0.1002E+01  0.1232E+02
   5.380  0.9812E+00  0.1234E+02
   5.400  0.9673E+00  0.1236E+02
   5.420  0.9640E+00  0.1238E+02
   5.440  0.9723E+00  0.1240E+02
   5.460  0.9905E+00  0.1242E+02
   5.480  0.1015E+01  0.1244E+02
   5.500  0.1040E+01  0.1246E+02
   5.520  0.1061E+01  0.1248E+02
   5.540  0.1076E+01  0.1250E+02
   5.560  0.1084E+01  0.1253E+02
   5.580  0.1085E+01  0.1255E+02
   5.600  0.1082E+01  0.1257E+02
   5.620  0.1078E+01  0.1259E+02
   5.640  0.1075E+01  0.1261E+02
   5.660  0.1073E+01  0.1263E+02
   5.680  0.1073E+01  0.1266E+02
   5.700  0.1074E+01  0.1268E+02
   5.720  0.1076E+01  0.1270E+02
   5.740  0.1081E+01  0.1272E+02
   5.760  0.1092E+01  0.1274E+02
   5.780  0.1111E+01  0.1276E+02
   5.800  0.1142E+01  0.1279E+02
   5.820  0.1186E+01  0.1281E+02
   5.840  0.1241E+01  0.1284E+02
   5.860  0.1305E+01  0.1286E+02
   5.880  0.1372E+01  0.1289E+02
   5.900  0.1439E+01  0.1292E+02
   5.920  0.1499E+01  0.1295E+02
   5.940  0.1550E+01  0.1298E+02
   5.960  0.1589E+01  0.1301E+02
   5.980  0.1615E+01  0.1304E+02
   6.000  0.1628E+01  0.1308E+02
   6.020  0.1629E+01  0.1311E+02
   6.040  0.1621E+01  0.1314E+02
   6.060  0.1606E+01  0.1317E+02
   6.080  0.1585E+01  0.1320E+02
   6.100  0.1562E+01  0.1324E+02
   6.120  0.1534E+01  0.1327E+02
   6.140  0.1503E+01  0.1330E+02
   6.160  0.1466E+01  0.1333E+02
   6.180  0.1423E+01  0.1335E+02
   6.200  0.1375E+01  0.1338E+02
   6.220  0.1322E+01  0.1341E+02
   6.240  0.1268E+01  0.1343E+02
   6.260  0.1217E+01  0.1346E+02
   6.280  0.1170E+01  0.1348E+02
   6.300  0.1129E+01  0.1350E+02
   6.320  0.1095E+01  0.1353E+02
   6.340  0.1066E+01  0.1355E+02
   6.360  0.1042E+01  0.1357E+02
   6.380  0.1020E+01  0.1359E+02
   6.400  0.1001E+01  0.1361E+02
   6.420  0.9846E+00  0.1363E+02
   6.440  0.9700E+00  0.1365E+02
   6.460  0.9576E+00  0.1367E+02
   6.480  0.9473E+00  0.1369E+02
   6.500  0.9383E+00  0.1370E+02
   6.520  0.9294E+00  0.1372E+02
   6.540  0.9198E+00  0.1374E+02
   6.560  0.9095E+00  0.1376E+02
   6.580  0.8991E+00  0.1378E+02
   6.600  0.8899E+00  0.1379E+02
   6.620  0.8827E+00  0.1381E+02
   6.640  0.8774E+00  0.1383E+02
   6.660  0.8730E+00  0.1385E+02
   6.680  0.8680E+00  0.1386E+02
   6.700  0.8616E+00  0.1388E+02
   6.720  0.8539E+00  0.1390E+02
   6.740  0.8461E+00  0.1392E+02
   6.760  0.8391E+00  0.1393E+02
   6.780  0.8338E+00  0.1395E+02
   6.800  0.8300E+00  0.1397E+02
   6.820  0.8271E+00  0.1398E+02
   6.840  0.8241E+00  0.1400E+02
   6.860  0.8202E+00  0.1402E+02
   6.880  0.8151E+00  0.1403E+02
   6.900  0.8089E+00  0.1405E+02
   6.920  0.8025E+00  0.1406E+02
   6.940  0.7971E+00  0.1408E+02
   6.960  0.7936E+00  0.1410E+02
   6.980  0.7919E+00  0.1411E+02
   7.000  0.7909E+00  0.1413E+02
   7.020  0.7890E+00  0.1414E+02
   7.040  0.7851E+00  0.1416E+02
   7.060  0.7794E+00  0.1417E+02
   7.080  0.7733E+00  0.1419E+02
   7.100  0.7685E+00  0.1421E+02
   7.120  0.7660E+00  0.1422E+02
   7.140  0.7651E+00  0.1424E+02
   7.160  0.7643E+00  0.1425E+02
   7.180  0.7624E+00  0.1427E+02
   7.200  0.7588E+00  0.1428E+02
   7.220  0.7543E+00  0.1430E+02
   7.240  0.7502E+00  0.1431E+02
   7.260  0.7474E+00  0.1433E+02
   7.280  0.7455E+00  0.1434E+02
   7.300  0.7437E+00  0.1436E+02
   7.320  0.7411E+00  0.1437E+02
   7.340  0.7379E+00  0.1439E+02
   7.360  0.7350E+00  0.1440E+02
   7.380  0.7332E+00  0.1442E+02
   7.400  0.7323E+00  0.1443E+02
   7.420  0.7314E+00  0.1444E+02
   7.440  0.7293E+00  0.1446E+02
   7.460  0.7255E+00  0.1447E+02
   7.480  0.7208E+00  0.1449E+02
   7.500  0.7168E+00  0.1450E+02
   7.520  0.7148E+00  0.1452E+02
   7.540  0.7151E+00  0.1453E+02
   7.560  0.7165E+00  0.1455E+02
   7.580  0.7170E+00  0.1456E+02
   7.600  0.7153E+00  0.1457E+02
   7.620  0.7109E+00  0.1459E+02
   7.640  0.7051E+00  0.1460E+02
   7.660  0.7000E+00  0.1462E+02
   7.680  0.6976E+00  0.1463E+02
   7.700  0.6983E+00  0.1464E+02
   7.720  0.7010E+00  0.1466E+02
   7.740  0.7033E+00  0.1467E+02
   7.760  0.7030E+00  0.1469E+02
   7.780  0.6993E+00  0.1470E+02
   7.800  0.6932E+00  0.1471E+02
   7.820  0.6871E+00  0.1473E+02
   7.840  0.6835E+00  0.1474E+02
   7.860  0.6836E+00  0.1476E+02
   7.880  0.6865E+00  0.1477E+02
   7.900  0.6899E+00  0.1478E+02
   7.920  0.6911E+00  0.1480E+02
   7.940  0.6888E+00  0.1481E+02
   7.960  0.6837E+00  0.1482E+02
   7.980  0.6778E+00  0.1484E+02
   8.000  0.6735E+00  0.1485E+02
   8.020  0.6724E+00  0.1486E+02
   8.040  0.6740E+00  0.1488E+02
   8.060  0.6768E+00  0.1489E+02
   8.080  0.6785E+00  0.1491E+02
   8.100  0.6780E+00  0.1492E+02
   8.120  0.6751E+00  0.1493E+02
   8.140  0.6711E+00  0.1495E+02
   8.160  0.6674E+00  0.1496E+02
   8.180  0.6652E+00  0.1497E+02
   8.200  0.6648E+00  0.1499E+02
   8.220  0.6656E+00  0.1500E+02
   8.240  0.6669E+00  0.1501E+02
   8.260  0.6677E+00  0.1503E+02
   8.280  0.6674E+00  0.1504E+02
   8.300  0.6661E+00  0.1505E+02
   8.320  0.6639E+00  0.1507E+02
   8.340  0.6614E+00  0.1508E+02
   8.360  0.6591E+00  0.1509E+02
   8.380  0.6578E+00  0.1511E+02
   8.400  0.6578E+00  0.1512E+02
   8.420  0.6590E+00  0.1513E+02
   8.440  0.6609E+00  0.1514E+02
   8.460  0.6625E+00  0.1516E+02
   8.480  0.6624E+00  0.1517E+02
   8.500  0.6604E+00  0.1518E+02
   8.520  0.6571E+00  0.1520E+02
   8.540  0.6538E+00  0.1521E+02
   8.560  0.6523E+00  0.1522E+02
   8.580  0.6533E+00  0.1524E+02
   8.600  0.6556E+00  0.1525E+02
   8.620  0.6569E+00  0.1526E+02
   8.640  0.6548E+00  0.1528E+02
   8.660  0.6479E+00  0.1529E+02
   8.680  0.6370E+00  0.1530E+02
   8.700  0.6244E+00  0.1531E+02
   8.720  0.6130E+00  0.1533E+02
   8.740  0.6042E+00  0.1534E+02
   8.760  0.5980E+00  0.1535E+02
   8.780  0.5924E+00  0.1536E+02
   8.800  0.5855E+00  0.1537E+02
   8.820  0.5766E+00  0.1539E+02
   8.840  0.5670E+00  0.1540E+02
   8.860  0.5595E+00  0.1541E+02
   8.880  0.5569E+00  0.1542E+02
   8.900  0.5616E+00  0.1543E+02
   8.920  0.5740E+00  0.1544E+02
   8.940  0.5932E+00  0.1545E+02
   8.960  0.6171E+00  0.1547E+02
   8.980  0.6429E+00  0.1548E+02
   9.000  0.6670E+00  0.1549E+02
   9.020  0.6857E+00  0.1551E+02
   9.040  0.6963E+00  0.1552E+02
   9.060  0.6968E+00  0.1553E+02
   9.080  0.6873E+00  0.1555E+02
   9.100  0.6691E+00  0.1556E+02
   9.120  0.6441E+00  0.1557E+02
   9.140  0.6145E+00  0.1559E+02
   9.160  0.5825E+00  0.1560E+02
   9.180  0.5506E+00  0.1561E+02
   9.200  0.5218E+00  0.1562E+02
   9.220  0.4991E+00  0.1563E+02
   9.240  0.4843E+00  0.1564E+02
   9.260  0.4776E+00  0.1565E+02
   9.280  0.4767E+00  0.1566E+02
   9.300  0.4783E+00  0.1567E+02
   9.320  0.4785E+00  0.1568E+02
   9.340  0.4748E+00  0.1569E+02
   9.360  0.4661E+00  0.1570E+02
   9.380  0.4530E+00  0.1571E+02
   9.400  0.4365E+00  0.1571E+02
   9.420  0.4180E+00  0.1572E+02
   9.440  0.3980E+00  0.1573E+02
   9.460  0.3766E+00  0.1574E+02
   9.480  0.3544E+00  0.1575E+02
   9.500  0.3322E+00  0.1575E+02
   9.520  0.3122E+00  0.1576E+02
   9.540  0.2973E+00  0.1576E+02
   9.560  0.2903E+00  0.1577E+02
   9.580  0.2926E+00  0.1578E+02
   9.600  0.3034E+00  0.1578E+02
   9.620  0.3200E+00  0.1579E+02
   9.640  0.3387E+00  0.1579E+02
   9.660  0.3562E+00  0.1580E+02
   9.680  0.3704E+00  0.1581E+02
   9.700  0.3808E+00  0.1582E+02
   9.720  0.3880E+00  0.1582E+02
   9.740  0.3924E+00  0.1583E+02
   9.760  0.3936E+00  0.1584E+02
   9.780  0.3901E+00  0.1585E+02
   9.800  0.3809E+00  0.1586E+02
   9.820  0.3657E+00  0.1586E+02
   9.840  0.3461E+00  0.1587E+02
   9.860  0.3243E+00  0.1588E+02
   9.880  0.3031E+00  0.1588E+02
   9.900  0.2841E+00  0.1589E+02
   9.920  0.2676E+00  0.1589E+02
   9.940  0.2529E+00  0.1590E+02
   9.960  0.2389E+00  0.1590E+02
   9.980  0.2249E+00  0.1591E+02
  10.000  0.2109E+00  0.1591E+02
  10.020  0.1973E+00  0.1592E+02
  10.040  0.1850E+00  0.1592E+02
  10.060  0.1744E+00  0.1592E+02
  10.080  0.1657E+00  0.1593E+02
  10.100  0.1587E+00  0.1593E+02
  10.120  0.1529E+00  0.1593E+02
  10.140  0.1480E+00  0.1594E+02
  10.160  0.1438E+00  0.1594E+02
  10.180  0.1400E+00  0.1594E+02
  10.200  0.1360E+00  0.1594E+02
  10.220  0.1315E+00  0.1595E+02
  10.240  0.1259E+00  0.1595E+02
  10.260  0.1195E+00  0.1595E+02
  10.280  0.1132E+00  0.1595E+02
  10.300  0.1083E+00  0.1596E+02
  10.320  0.1056E+00  0.1596E+02
  10.340  0.1050E+00  0.1596E+02
  10.360  0.1054E+00  0.1596E+02
  10.380  0.1049E+00  0.1596E+02
  10.400  0.1024E+00  0.1597E+02
  10.420  0.9757E-01  0.1597E+02
  10.440  0.9136E-01  0.1597E+02
  10.460  0.8536E-01  0.1597E+02
  10.480  0.8093E-01  0.1597E+02
  10.500  0.7865E-01  0.1598E+02
  10.520  0.7814E-01  0.1598E+02
  10.540  0.7841E-01  0.1598E+02
  10.560  0.7830E-01  0.1598E+02
  10.580  0.7699E-01  0.1598E+02
  10.600  0.7416E-01  0.1598E+02
  10.620  0.7008E-01  0.1598E+02
  10.640  0.6541E-01  0.1599E+02
  10.660  0.6101E-01  0.1599E+02
  10.680  0.5762E-01  0.1599E+02
  10.700  0.5559E-01  0.1599E+02
  10.720  0.5476E-01  0.1599E+02
  10.740  0.5441E-01  0.1599E+02
  10.760  0.5361E-01  0.1599E+02
  10.780  0.5157E-01  0.1599E+02
  10.800  0.4801E-01  0.1599E+02
  10.820  0.4327E-01  0.1600E+02
  10.840  0.3811E-01  0.1600E+02
  10.860  0.3331E-01  0.1600E+02
  10.880  0.2928E-01  0.1600E+02
  10.900  0.2599E-01  0.1600E+02
  10.920  0.2306E-01  0.1600E+02
  10.940  0.2009E-01  0.1600E+02
  10.960  0.1683E-01  0.1600E+02
  10.980  0.1335E-01  0.1600E+02
  11.000  0.9917E-02  0.1600E+02
  11.020  0.6851E-02  0.1600E+02
  11.040  0.4384E-02  0.1600E+02
  11.060  0.2591E-02  0.1600E+02
  11.080  0.1412E-02  0.1600E+02
  11.100  0.7090E-03  0.1600E+02
  11.120  0.3276E-03  0.1600E+02
  11.140  0.1393E-03  0.1600E+02
  11.160  0.5444E-04  0.1600E+02
  11.180  0.1956E-04  0.1600E+02
  11.200  0.6453E-05  0.1600E+02
  11.220  0.1956E-05  0.1600E+02
  11.240  0.5441E-06  0.1600E+02
  11.260  0.1389E-06  0.1600E+02
  11.280  0.3255E-07  0.1600E+02
  11.300  0.6995E-08  0.1600E+02
  11.320  0.1379E-08  0.1600E+02
  11.340  0.2493E-09  0.1600E+02
  11.360  0.4131E-10  0.1600E+02
  11.380  0.6276E-11  0.1600E+02
  11.400  0.8740E-12  0.1600E+02
  11.420  0.1115E-12  0.1600E+02
  11.440  0.1305E-13  0.1600E+02
  11.460  0.1398E-14  0.1600E+02
  11.480  0.1373E-15  0.1600E+02
  11.500  0.1235E-16  0.1600E+02
  11.520  0.1018E-17  0.1600E+02
  11.540  0.7686E-19  0.1600E+02
  11.560  0.5316E-20  0.1600E+02
  11.580  0.3367E-21  0.1600E+02
  11.600  0.1954E-22  0.1600E+02
  11.620  0.1038E-23  0.1600E+02
  11.640  0.5054E-25  0.1600E+02
  11.660  0.2253E-26  0.1600E+02
  11.680  0.9196E-28  0.1600E+02
  11.700  0.3438E-29  0.1600E+02
  11.720  0.1177E-30  0.1600E+02
  11.740  0.3690E-32  0.1600E+02
  11.760  0.1059E-33  0.1600E+02
  11.780  0.2785E-35  0.1600E+02
  11.800  0.6706E-37  0.1600E+02
  11.820  0.1478E-38  0.1600E+02
  11.840  0.2984E-40  0.1600E+02
  11.860  0.5516E-42  0.1600E+02
  11.880  0.9336E-44  0.1600E+02
  11.900  0.1447E-45  0.1600E+02
  11.920  0.2053E-47  0.1600E+02
  11.940  0.2668E-49  0.1600E+02
  11.960  0.3174E-51  0.1600E+02
  11.980  0.3458E-53  0.1600E+02
  12.000  0.3449E-55  0.1600E+02
  12.020  0.3150E-57  0.1600E+02
  12.040  0.2634E-59  0.1600E+02
  12.060  0.2017E-61  0.1600E+02
  12.080  0.1414E-63  0.1600E+02
  12.100  0.9076E-66  0.1600E+02
  12.120  0.5334E-68  0.1600E+02
  12.140  0.2871E-70  0.1600E+02
  12.160  0.1414E-72  0.1600E+02
  12.180  0.6381E-75  0.1600E+02
  12.200  0.2636E-77  0.1600E+02
  12.220  0.9968E-80  0.1600E+02
  12.240  0.3465E-82  0.1600E+02
  12.260  0.2406E-84  0.1600E+02
  12.280  0.1315E-84  0.1600E+02
  12.300  0.1312E-84  0.1600E+02
  12.320  0.1312E-84  0.1600E+02
  12.340  0.1312E-84  0.1600E+02
  12.360  0.1312E-84  0.1600E+02
  12.380  0.1312E-84  0.1600E+02
  12.400  0.1312E-84  0.1600E+02
  12.420  0.1312E-84  0.1600E+02
  12.440  0.1312E-84  0.1600E+02
  12.460  0.1312E-84  0.1600E+02
  12.480  0.1312E-84  0.1600E+02
  12.500  0.1312E-84  0.1600E+02
  12.520  0.1312E-84  0.1600E+02
  12.540  0.1312E-84  0.1600E+02
  12.560  0.1312E-84  0.1600E+02
  12.580  0.1312E-84  0.1600E+02
  12.600  0.1312E-84  0.1600E+02
  12.620  0.1312E-84  0.1600E+02
  12.640  0.1312E-84  0.1600E+02
  12.660  0.1312E-84  0.1600E+02
  12.680  0.1312E-84  0.1600E+02
  12.700  0.1312E-84  0.1600E+02
  12.720  0.1312E-84  0.1600E+02
  12.740  0.1312E-84  0.1600E+02
  12.760  0.1312E-84  0.1600E+02
  12.780  0.1312E-84  0.1600E+02
  12.800  0.1312E-84  0.1600E+02
  12.820  0.1312E-84  0.1600E+02
  12.840  0.1312E-84  0.1600E+02
  12.860  0.1312E-84  0.1600E+02
  12.880  0.1312E-84  0.1600E+02
  12.900  0.1312E-84  0.1600E+02
  12.920  0.1312E-84  0.1600E+02
  12.940  0.1312E-84  0.1600E+02
  12.960  0.1312E-84  0.1600E+02
  12.980  0.1312E-84  0.1600E+02
  13.000  0.1312E-84  0.1600E+02
  13.020  0.1312E-84  0.1600E+02
  13.040  0.1312E-84  0.1600E+02
  13.060  0.1312E-84  0.1600E+02
  13.080  0.1312E-84  0.1600E+02
  13.100  0.1312E-84  0.1600E+02
  13.120  0.1312E-84  0.1600E+02
  13.140  0.1312E-84  0.1600E+02
  13.160  0.1312E-84  0.1600E+02
  13.180  0.1312E-84  0.1600E+02
  13.200  0.1312E-84  0.1600E+02
  13.220  0.1312E-84  0.1600E+02
  13.240  0.1312E-84  0.1600E+02
  13.260  0.1312E-84  0.1600E+02
  13.280  0.1312E-84  0.1600E+02
  13.300  0.1312E-84  0.1600E+02
  13.320  0.1312E-84  0.1600E+02
  13.340  0.1312E-84  0.1600E+02
  13.360  0.1312E-84  0.1600E+02
  13.380  0.1312E-84  0.1600E+02
  13.400  0.1312E-84  0.1600E+02
  13.420  0.1312E-84  0.1600E+02
  13.440  0.1312E-84  0.1600E+02
  13.460  0.1312E-84  0.1600E+02
  13.480  0.1312E-84  0.1600E+02
  13.500  0.1312E-84  0.1600E+02
  13.520  0.1312E-84  0.1600E+02
  13.540  0.1312E-84  0.1600E+02
  13.560  0.1312E-84  0.1600E+02
  13.580  0.1312E-84  0.1600E+02
  13.600  0.1312E-84  0.1600E+02
  13.620  0.1312E-84  0.1600E+02
  13.640  0.1312E-84  0.1600E+02
  13.660  0.1312E-84  0.1600E+02
  13.680  0.1312E-84  0.1600E+02
  13.700  0.1312E-84  0.1600E+02
  13.720  0.1312E-84  0.1600E+02
  13.740  0.1312E-84  0.1600E+02
  13.760  0.1312E-84  0.1600E+02
  13.780  0.1312E-84  0.1600E+02
  13.800  0.1312E-84  0.1600E+02
  13.820  0.1312E-84  0.1600E+02
  13.840  0.1312E-84  0.1600E+02
  13.860  0.1312E-84  0.1600E+02
  13.880  0.1312E-84  0.1600E+02
  13.900  0.1312E-84  0.1600E+02
  13.920  0.1312E-84  0.1600E+02
  13.940  0.1312E-84  0.1600E+02
  13.960  0.1312E-84  0.1600E+02
  13.980  0.1312E-84  0.1600E+02
  14.000  0.1312E-84  0.1600E+02
  14.020  0.1312E-84  0.1600E+02
  14.040  0.1312E-84  0.1600E+02
  14.060  0.1312E-84  0.1600E+02
  14.080  0.1312E-84  0.1600E+02
  14.100  0.1312E-84  0.1600E+02
  14.120  0.1312E-84  0.1600E+02
  14.140  0.1312E-84  0.1600E+02
  14.160  0.1312E-84  0.1600E+02
  14.180  0.1312E-84  0.1600E+02
  14.200  0.1312E-84  0.1600E+02
  14.220  0.1312E-84  0.1600E+02
  14.240  0.1312E-84  0.1600E+02
  14.260  0.1312E-84  0.1600E+02
  14.280  0.1312E-84  0.1600E+02
  14.300  0.1312E-84  0.1600E+02
  14.320  0.1312E-84  0.1600E+02
  14.340  0.1312E-84  0.1600E+02
  14.360  0.1312E-84  0.1600E+02
  14.380  0.1312E-84  0.1600E+02
  14.400  0.1312E-84  0.1600E+02
  14.420  0.1312E-84  0.1600E+02
  14.440  0.1312E-84  0.1600E+02
  14.460  0.1312E-84  0.1600E+02
  14.480  0.1312E-84  0.1600E+02
  14.500  0.1312E-84  0.1600E+02
  14.520  0.1312E-84  0.1600E+02
  14.540  0.1312E-84  0.1600E+02
  14.560  0.1312E-84  0.1600E+02
  14.580  0.1312E-84  0.1600E+02
  14.600  0.1312E-84  0.1600E+02
  14.620  0.1312E-84  0.1600E+02
  14.640  0.1312E-84  0.1600E+02
  14.660  0.1312E-84  0.1600E+02
  14.680  0.1312E-84  0.1600E+02
  14.700  0.1312E-84  0.1600E+02
  14.720  0.1312E-84  0.1600E+02
  14.740  0.1312E-84  0.1600E+02
  14.760  0.1312E-84  0.1600E+02
  14.780  0.1312E-84  0.1600E+02
  14.800  0.1312E-84  0.1600E+02
  14.820  0.1312E-84  0.1600E+02
  14.840  0.1312E-84  0.1600E+02
  14.860  0.1312E-84  0.1600E+02
  14.880  0.1312E-84  0.1600E+02
  14.900  0.1312E-84  0.1600E+02
  14.920  0.1312E-84  0.1600E+02
  14.940  0.1312E-84  0.1600E+02
  14.960  0.1312E-84  0.1600E+02
  14.980  0.1312E-84  0.1600E+02
  15.000  0.1312E-84  0.1600E+02
