#  E (eV)   dos(E)     Int dos(E) EFermi =   -1.524 eV
 -24.000  0.1312E-84  0.2623E-86
 -23.980  0.1312E-84  0.5247E-86
 -23.960  0.1312E-84  0.7870E-86
 -23.940  0.1312E-84  0.1049E-85
 -23.920  0.1312E-84  0.1312E-85
 -23.900  0.1312E-84  0.1574E-85
 -23.880  0.1312E-84  0.1836E-85
 -23.860  0.1312E-84  0.2099E-85
 -23.840  0.1312E-84  0.2361E-85
 -23.820  0.1312E-84  0.2623E-85
 -23.800  0.1312E-84  0.2886E-85
 -23.780  0.1312E-84  0.3148E-85
 -23.760  0.1312E-84  0.3410E-85
 -23.740  0.1312E-84  0.3673E-85
 -23.720  0.1312E-84  0.3935E-85
 -23.700  0.1312E-84  0.4197E-85
 -23.680  0.1312E-84  0.4460E-85
 -23.660  0.1312E-84  0.4722E-85
 -23.640  0.1312E-84  0.4984E-85
 -23.620  0.1312E-84  0.5247E-85
 -23.600  0.1312E-84  0.5509E-85
 -23.580  0.1312E-84  0.5771E-85
 -23.560  0.1312E-84  0.6034E-85
 -23.540  0.1312E-84  0.6296E-85
 -23.520  0.1312E-84  0.6558E-85
 -23.500  0.1312E-84  0.6821E-85
 -23.480  0.1312E-84  0.7083E-85
 -23.460  0.1312E-84  0.7345E-85
 -23.440  0.1312E-84  0.7608E-85
 -23.420  0.1312E-84  0.7870E-85
 -23.400  0.1312E-84  0.8132E-85
 -23.380  0.1312E-84  0.8395E-85
 -23.360  0.1312E-84  0.8657E-85
 -23.340  0.1312E-84  0.8919E-85
 -23.320  0.1312E-84  0.9182E-85
 -23.300  0.1312E-84  0.9444E-85
 -23.280  0.1312E-84  0.9706E-85
 -23.260  0.1312E-84  0.9969E-85
 -23.240  0.1312E-84  0.1023E-84
 -23.220  0.1312E-84  0.1049E-84
 -23.200  0.1312E-84  0.1076E-84
 -23.180  0.1312E-84  0.1102E-84
 -23.160  0.1312E-84  0.1128E-84
 -23.140  0.1312E-84  0.1154E-84
 -23.120  0.1312E-84  0.1181E-84
 -23.100  0.1312E-84  0.1207E-84
 -23.080  0.1312E-84  0.1233E-84
 -23.060  0.1312E-84  0.1259E-84
 -23.040  0.1312E-84  0.1285E-84
 -23.020  0.1312E-84  0.1312E-84
 -23.000  0.1312E-84  0.1338E-84
 -22.980  0.1312E-84  0.1364E-84
 -22.960  0.1312E-84  0.1390E-84
 -22.940  0.1312E-84  0.1417E-84
 -22.920  0.1312E-84  0.1443E-84
 -22.900  0.1312E-84  0.1469E-84
 -22.880  0.1312E-84  0.1495E-84
 -22.860  0.1312E-84  0.1522E-84
 -22.840  0.1312E-84  0.1548E-84
 -22.820  0.1312E-84  0.1574E-84
 -22.800  0.1312E-84  0.1600E-84
 -22.780  0.1312E-84  0.1626E-84
 -22.760  0.1312E-84  0.1653E-84
 -22.740  0.1312E-84  0.1679E-84
 -22.720  0.1312E-84  0.1705E-84
 -22.700  0.1312E-84  0.1731E-84
 -22.680  0.1312E-84  0.1758E-84
 -22.660  0.1312E-84  0.1784E-84
 -22.640  0.1312E-84  0.1810E-84
 -22.620  0.1312E-84  0.1836E-84
 -22.600  0.1312E-84  0.1863E-84
 -22.580  0.1312E-84  0.1889E-84
 -22.560  0.1312E-84  0.1915E-84
 -22.540  0.1312E-84  0.1941E-84
 -22.520  0.1312E-84  0.1968E-84
 -22.500  0.1312E-84  0.1994E-84
 -22.480  0.1312E-84  0.2020E-84
 -22.460  0.1312E-84  0.2046E-84
 -22.440  0.1312E-84  0.2072E-84
 -22.420  0.1312E-84  0.2099E-84
 -22.400  0.1312E-84  0.2125E-84
 -22.380  0.1312E-84  0.2151E-84
 -22.360  0.1620E-84  0.2184E-84
 -22.340  0.1022E-82  0.4228E-84
 -22.320  0.3016E-80  0.6075E-82
 -22.300  0.8255E-78  0.1657E-79
 -22.280  0.2069E-75  0.4155E-77
 -22.260  0.4750E-73  0.9541E-75
 -22.240  0.9985E-71  0.2006E-72
 -22.220  0.1922E-68  0.3865E-70
 -22.200  0.3390E-66  0.6818E-68
 -22.180  0.5474E-64  0.1102E-65
 -22.160  0.8096E-62  0.1630E-63
 -22.140  0.1097E-59  0.2210E-61
 -22.120  0.1360E-57  0.2743E-59
 -22.100  0.1546E-55  0.3119E-57
 -22.080  0.1609E-53  0.3249E-55
 -22.060  0.1534E-51  0.3100E-53
 -22.040  0.1339E-49  0.2709E-51
 -22.020  0.1071E-47  0.2168E-49
 -22.000  0.7842E-46  0.1590E-47
 -21.980  0.5261E-44  0.1068E-45
 -21.960  0.3233E-42  0.6573E-44
 -21.940  0.1820E-40  0.3706E-42
 -21.920  0.9385E-39  0.1914E-40
 -21.900  0.4433E-37  0.9057E-39
 -21.880  0.1918E-35  0.3927E-37
 -21.860  0.7603E-34  0.1560E-35
 -21.840  0.2761E-32  0.5678E-34
 -21.820  0.9185E-31  0.1894E-32
 -21.800  0.2800E-29  0.5789E-31
 -21.780  0.7818E-28  0.1621E-29
 -21.760  0.2000E-26  0.4162E-28
 -21.740  0.4689E-25  0.9794E-27
 -21.720  0.1007E-23  0.2112E-25
 -21.700  0.1982E-22  0.4176E-24
 -21.680  0.3575E-21  0.7568E-23
 -21.660  0.5910E-20  0.1258E-21
 -21.640  0.8953E-19  0.1916E-20
 -21.620  0.1243E-17  0.2678E-19
 -21.600  0.1582E-16  0.3432E-18
 -21.580  0.1845E-15  0.4034E-17
 -21.560  0.1974E-14  0.4351E-16
 -21.540  0.1935E-13  0.4305E-15
 -21.520  0.1740E-12  0.3910E-14
 -21.500  0.1434E-11  0.3259E-13
 -21.480  0.1084E-10  0.2495E-12
 -21.460  0.7520E-10  0.1754E-11
 -21.440  0.4785E-09  0.1132E-10
 -21.420  0.2793E-08  0.6719E-10
 -21.400  0.1497E-07  0.3665E-09
 -21.380  0.7361E-07  0.1839E-08
 -21.360  0.3324E-06  0.8487E-08
 -21.340  0.1379E-05  0.3606E-07
 -21.320  0.5254E-05  0.1412E-06
 -21.300  0.1841E-04  0.5093E-06
 -21.280  0.5929E-04  0.1695E-05
 -21.260  0.1757E-03  0.5209E-05
 -21.240  0.4795E-03  0.1480E-04
 -21.220  0.1206E-02  0.3891E-04
 -21.200  0.2796E-02  0.9484E-04
 -21.180  0.5987E-02  0.2146E-03
 -21.160  0.1185E-01  0.4516E-03
 -21.140  0.2173E-01  0.8862E-03
 -21.120  0.3697E-01  0.1626E-02
 -21.100  0.5851E-01  0.2796E-02
 -21.080  0.8641E-01  0.4524E-02
 -21.060  0.1195E+00  0.6915E-02
 -21.040  0.1555E+00  0.1002E-01
 -21.020  0.1914E+00  0.1385E-01
 -21.000  0.2241E+00  0.1833E-01
 -20.980  0.2514E+00  0.2336E-01
 -20.960  0.2724E+00  0.2881E-01
 -20.940  0.2872E+00  0.3455E-01
 -20.920  0.2967E+00  0.4049E-01
 -20.900  0.3023E+00  0.4653E-01
 -20.880  0.3053E+00  0.5264E-01
 -20.860  0.3069E+00  0.5878E-01
 -20.840  0.3076E+00  0.6493E-01
 -20.820  0.3080E+00  0.7109E-01
 -20.800  0.3081E+00  0.7725E-01
 -20.780  0.3082E+00  0.8342E-01
 -20.760  0.3083E+00  0.8958E-01
 -20.740  0.3084E+00  0.9575E-01
 -20.720  0.3085E+00  0.1019E+00
 -20.700  0.3085E+00  0.1081E+00
 -20.680  0.3086E+00  0.1143E+00
 -20.660  0.3087E+00  0.1204E+00
 -20.640  0.3088E+00  0.1266E+00
 -20.620  0.3088E+00  0.1328E+00
 -20.600  0.3089E+00  0.1390E+00
 -20.580  0.3090E+00  0.1451E+00
 -20.560  0.3090E+00  0.1513E+00
 -20.540  0.3091E+00  0.1575E+00
 -20.520  0.3092E+00  0.1637E+00
 -20.500  0.3092E+00  0.1699E+00
 -20.480  0.3093E+00  0.1761E+00
 -20.460  0.3094E+00  0.1823E+00
 -20.440  0.3095E+00  0.1884E+00
 -20.420  0.3095E+00  0.1946E+00
 -20.400  0.3096E+00  0.2008E+00
 -20.380  0.3097E+00  0.2070E+00
 -20.360  0.3098E+00  0.2132E+00
 -20.340  0.3098E+00  0.2194E+00
 -20.320  0.3099E+00  0.2256E+00
 -20.300  0.3100E+00  0.2318E+00
 -20.280  0.3101E+00  0.2380E+00
 -20.260  0.3101E+00  0.2442E+00
 -20.240  0.3102E+00  0.2504E+00
 -20.220  0.3103E+00  0.2566E+00
 -20.200  0.3104E+00  0.2628E+00
 -20.180  0.3105E+00  0.2690E+00
 -20.160  0.3105E+00  0.2752E+00
 -20.140  0.3106E+00  0.2815E+00
 -20.120  0.3107E+00  0.2877E+00
 -20.100  0.3108E+00  0.2939E+00
 -20.080  0.3108E+00  0.3001E+00
 -20.060  0.3109E+00  0.3063E+00
 -20.040  0.3110E+00  0.3125E+00
 -20.020  0.3111E+00  0.3188E+00
 -20.000  0.3112E+00  0.3250E+00
 -19.980  0.3112E+00  0.3312E+00
 -19.960  0.3113E+00  0.3374E+00
 -19.940  0.3114E+00  0.3437E+00
 -19.920  0.3115E+00  0.3499E+00
 -19.900  0.3116E+00  0.3561E+00
 -19.880  0.3117E+00  0.3624E+00
 -19.860  0.3117E+00  0.3686E+00
 -19.840  0.3118E+00  0.3748E+00
 -19.820  0.3119E+00  0.3811E+00
 -19.800  0.3120E+00  0.3873E+00
 -19.780  0.3121E+00  0.3936E+00
 -19.760  0.3122E+00  0.3998E+00
 -19.740  0.3123E+00  0.4060E+00
 -19.720  0.3123E+00  0.4123E+00
 -19.700  0.3124E+00  0.4185E+00
 -19.680  0.3125E+00  0.4248E+00
 -19.660  0.3126E+00  0.4310E+00
 -19.640  0.3127E+00  0.4373E+00
 -19.620  0.3128E+00  0.4436E+00
 -19.600  0.3129E+00  0.4498E+00
 -19.580  0.3130E+00  0.4561E+00
 -19.560  0.3131E+00  0.4623E+00
 -19.540  0.3132E+00  0.4686E+00
 -19.520  0.3132E+00  0.4749E+00
 -19.500  0.3133E+00  0.4811E+00
 -19.480  0.3134E+00  0.4874E+00
 -19.460  0.3135E+00  0.4937E+00
 -19.440  0.3136E+00  0.4999E+00
 -19.420  0.3137E+00  0.5062E+00
 -19.400  0.3138E+00  0.5125E+00
 -19.380  0.3139E+00  0.5188E+00
 -19.360  0.3140E+00  0.5250E+00
 -19.340  0.3141E+00  0.5313E+00
 -19.320  0.3142E+00  0.5376E+00
 -19.300  0.3143E+00  0.5439E+00
 -19.280  0.3144E+00  0.5502E+00
 -19.260  0.3145E+00  0.5565E+00
 -19.240  0.3146E+00  0.5628E+00
 -19.220  0.3147E+00  0.5691E+00
 -19.200  0.3148E+00  0.5754E+00
 -19.180  0.3149E+00  0.5817E+00
 -19.160  0.3150E+00  0.5880E+00
 -19.140  0.3151E+00  0.5943E+00
 -19.120  0.3152E+00  0.6006E+00
 -19.100  0.3153E+00  0.6069E+00
 -19.080  0.3154E+00  0.6132E+00
 -19.060  0.3155E+00  0.6195E+00
 -19.040  0.3156E+00  0.6258E+00
 -19.020  0.3157E+00  0.6321E+00
 -19.000  0.3158E+00  0.6384E+00
 -18.980  0.3159E+00  0.6447E+00
 -18.960  0.3161E+00  0.6511E+00
 -18.940  0.3162E+00  0.6574E+00
 -18.920  0.3163E+00  0.6637E+00
 -18.900  0.3164E+00  0.6700E+00
 -18.880  0.3165E+00  0.6764E+00
 -18.860  0.3166E+00  0.6827E+00
 -18.840  0.3167E+00  0.6890E+00
 -18.820  0.3168E+00  0.6954E+00
 -18.800  0.3170E+00  0.7017E+00
 -18.780  0.3171E+00  0.7081E+00
 -18.760  0.3172E+00  0.7144E+00
 -18.740  0.3173E+00  0.7208E+00
 -18.720  0.3174E+00  0.7271E+00
 -18.700  0.3176E+00  0.7334E+00
 -18.680  0.3177E+00  0.7398E+00
 -18.660  0.3178E+00  0.7462E+00
 -18.640  0.3179E+00  0.7525E+00
 -18.620  0.3180E+00  0.7589E+00
 -18.600  0.3182E+00  0.7652E+00
 -18.580  0.3183E+00  0.7716E+00
 -18.560  0.3184E+00  0.7780E+00
 -18.540  0.3185E+00  0.7843E+00
 -18.520  0.3187E+00  0.7907E+00
 -18.500  0.3188E+00  0.7971E+00
 -18.480  0.3189E+00  0.8035E+00
 -18.460  0.3191E+00  0.8099E+00
 -18.440  0.3192E+00  0.8162E+00
 -18.420  0.3193E+00  0.8226E+00
 -18.400  0.3195E+00  0.8290E+00
 -18.380  0.3196E+00  0.8354E+00
 -18.360  0.3198E+00  0.8418E+00
 -18.340  0.3199E+00  0.8482E+00
 -18.320  0.3200E+00  0.8546E+00
 -18.300  0.3202E+00  0.8610E+00
 -18.280  0.3203E+00  0.8674E+00
 -18.260  0.3205E+00  0.8738E+00
 -18.240  0.3206E+00  0.8802E+00
 -18.220  0.3208E+00  0.8866E+00
 -18.200  0.3209E+00  0.8931E+00
 -18.180  0.3211E+00  0.8995E+00
 -18.160  0.3212E+00  0.9059E+00
 -18.140  0.3214E+00  0.9123E+00
 -18.120  0.3215E+00  0.9188E+00
 -18.100  0.3217E+00  0.9252E+00
 -18.080  0.3218E+00  0.9316E+00
 -18.060  0.3220E+00  0.9381E+00
 -18.040  0.3222E+00  0.9445E+00
 -18.020  0.3223E+00  0.9510E+00
 -18.000  0.3225E+00  0.9574E+00
 -17.980  0.3227E+00  0.9639E+00
 -17.960  0.3228E+00  0.9703E+00
 -17.940  0.3230E+00  0.9768E+00
 -17.920  0.3232E+00  0.9833E+00
 -17.900  0.3233E+00  0.9897E+00
 -17.880  0.3235E+00  0.9962E+00
 -17.860  0.3237E+00  0.1003E+01
 -17.840  0.3239E+00  0.1009E+01
 -17.820  0.3241E+00  0.1016E+01
 -17.800  0.3242E+00  0.1022E+01
 -17.780  0.3244E+00  0.1029E+01
 -17.760  0.3246E+00  0.1035E+01
 -17.740  0.3248E+00  0.1042E+01
 -17.720  0.3250E+00  0.1048E+01
 -17.700  0.3252E+00  0.1055E+01
 -17.680  0.3254E+00  0.1061E+01
 -17.660  0.3256E+00  0.1068E+01
 -17.640  0.3258E+00  0.1074E+01
 -17.620  0.3260E+00  0.1081E+01
 -17.600  0.3262E+00  0.1087E+01
 -17.580  0.3265E+00  0.1094E+01
 -17.560  0.3267E+00  0.1100E+01
 -17.540  0.3269E+00  0.1107E+01
 -17.520  0.3271E+00  0.1113E+01
 -17.500  0.3274E+00  0.1120E+01
 -17.480  0.3276E+00  0.1126E+01
 -17.460  0.3278E+00  0.1133E+01
 -17.440  0.3280E+00  0.1140E+01
 -17.420  0.3283E+00  0.1146E+01
 -17.400  0.3286E+00  0.1153E+01
 -17.380  0.3288E+00  0.1159E+01
 -17.360  0.3291E+00  0.1166E+01
 -17.340  0.3293E+00  0.1172E+01
 -17.320  0.3296E+00  0.1179E+01
 -17.300  0.3299E+00  0.1186E+01
 -17.280  0.3301E+00  0.1192E+01
 -17.260  0.3304E+00  0.1199E+01
 -17.240  0.3307E+00  0.1205E+01
 -17.220  0.3310E+00  0.1212E+01
 -17.200  0.3313E+00  0.1219E+01
 -17.180  0.3316E+00  0.1225E+01
 -17.160  0.3319E+00  0.1232E+01
 -17.140  0.3322E+00  0.1239E+01
 -17.120  0.3325E+00  0.1245E+01
 -17.100  0.3329E+00  0.1252E+01
 -17.080  0.3332E+00  0.1259E+01
 -17.060  0.3336E+00  0.1265E+01
 -17.040  0.3339E+00  0.1272E+01
 -17.020  0.3342E+00  0.1279E+01
 -17.000  0.3346E+00  0.1285E+01
 -16.980  0.3350E+00  0.1292E+01
 -16.960  0.3354E+00  0.1299E+01
 -16.940  0.3358E+00  0.1305E+01
 -16.920  0.3362E+00  0.1312E+01
 -16.900  0.3366E+00  0.1319E+01
 -16.880  0.3370E+00  0.1326E+01
 -16.860  0.3375E+00  0.1332E+01
 -16.840  0.3379E+00  0.1339E+01
 -16.820  0.3384E+00  0.1346E+01
 -16.800  0.3388E+00  0.1353E+01
 -16.780  0.3394E+00  0.1359E+01
 -16.760  0.3399E+00  0.1366E+01
 -16.740  0.3404E+00  0.1373E+01
 -16.720  0.3409E+00  0.1380E+01
 -16.700  0.3415E+00  0.1387E+01
 -16.680  0.3421E+00  0.1394E+01
 -16.660  0.3427E+00  0.1400E+01
 -16.640  0.3433E+00  0.1407E+01
 -16.620  0.3439E+00  0.1414E+01
 -16.600  0.3446E+00  0.1421E+01
 -16.580  0.3453E+00  0.1428E+01
 -16.560  0.3460E+00  0.1435E+01
 -16.540  0.3468E+00  0.1442E+01
 -16.520  0.3476E+00  0.1449E+01
 -16.500  0.3483E+00  0.1456E+01
 -16.480  0.3492E+00  0.1463E+01
 -16.460  0.3501E+00  0.1470E+01
 -16.440  0.3511E+00  0.1477E+01
 -16.420  0.3521E+00  0.1484E+01
 -16.400  0.3530E+00  0.1491E+01
 -16.380  0.3541E+00  0.1498E+01
 -16.360  0.3552E+00  0.1505E+01
 -16.340  0.3565E+00  0.1512E+01
 -16.320  0.3578E+00  0.1519E+01
 -16.300  0.3591E+00  0.1526E+01
 -16.280  0.3605E+00  0.1534E+01
 -16.260  0.3620E+00  0.1541E+01
 -16.240  0.3637E+00  0.1548E+01
 -16.220  0.3655E+00  0.1556E+01
 -16.200  0.3675E+00  0.1563E+01
 -16.180  0.3695E+00  0.1570E+01
 -16.160  0.3716E+00  0.1578E+01
 -16.140  0.3741E+00  0.1585E+01
 -16.120  0.3768E+00  0.1593E+01
 -16.100  0.3798E+00  0.1600E+01
 -16.080  0.3831E+00  0.1608E+01
 -16.060  0.3868E+00  0.1616E+01
 -16.040  0.3911E+00  0.1624E+01
 -16.020  0.3960E+00  0.1631E+01
 -16.000  0.4020E+00  0.1639E+01
 -15.980  0.4091E+00  0.1648E+01
 -15.960  0.4175E+00  0.1656E+01
 -15.940  0.4275E+00  0.1665E+01
 -15.920  0.4390E+00  0.1673E+01
 -15.900  0.4516E+00  0.1682E+01
 -15.880  0.4642E+00  0.1692E+01
 -15.860  0.4750E+00  0.1701E+01
 -15.840  0.4823E+00  0.1711E+01
 -15.820  0.4842E+00  0.1720E+01
 -15.800  0.4800E+00  0.1730E+01
 -15.780  0.4697E+00  0.1739E+01
 -15.760  0.4542E+00  0.1749E+01
 -15.740  0.4353E+00  0.1757E+01
 -15.720  0.4147E+00  0.1766E+01
 -15.700  0.3944E+00  0.1773E+01
 -15.680  0.3756E+00  0.1781E+01
 -15.660  0.3587E+00  0.1788E+01
 -15.640  0.3437E+00  0.1795E+01
 -15.620  0.3304E+00  0.1802E+01
 -15.600  0.3185E+00  0.1808E+01
 -15.580  0.3078E+00  0.1814E+01
 -15.560  0.2982E+00  0.1820E+01
 -15.540  0.2893E+00  0.1826E+01
 -15.520  0.2810E+00  0.1832E+01
 -15.500  0.2731E+00  0.1837E+01
 -15.480  0.2656E+00  0.1842E+01
 -15.460  0.2585E+00  0.1847E+01
 -15.440  0.2518E+00  0.1852E+01
 -15.420  0.2455E+00  0.1857E+01
 -15.400  0.2393E+00  0.1862E+01
 -15.380  0.2332E+00  0.1867E+01
 -15.360  0.2274E+00  0.1871E+01
 -15.340  0.2219E+00  0.1876E+01
 -15.320  0.2166E+00  0.1880E+01
 -15.300  0.2114E+00  0.1884E+01
 -15.280  0.2063E+00  0.1889E+01
 -15.260  0.2013E+00  0.1893E+01
 -15.240  0.1965E+00  0.1896E+01
 -15.220  0.1918E+00  0.1900E+01
 -15.200  0.1874E+00  0.1904E+01
 -15.180  0.1829E+00  0.1908E+01
 -15.160  0.1785E+00  0.1911E+01
 -15.140  0.1741E+00  0.1915E+01
 -15.120  0.1699E+00  0.1918E+01
 -15.100  0.1659E+00  0.1921E+01
 -15.080  0.1619E+00  0.1925E+01
 -15.060  0.1579E+00  0.1928E+01
 -15.040  0.1539E+00  0.1931E+01
 -15.020  0.1501E+00  0.1934E+01
 -15.000  0.1464E+00  0.1937E+01
 -14.980  0.1428E+00  0.1940E+01
 -14.960  0.1395E+00  0.1943E+01
 -14.940  0.1364E+00  0.1945E+01
 -14.920  0.1342E+00  0.1948E+01
 -14.900  0.1335E+00  0.1951E+01
 -14.880  0.1350E+00  0.1953E+01
 -14.860  0.1398E+00  0.1956E+01
 -14.840  0.1488E+00  0.1959E+01
 -14.820  0.1626E+00  0.1962E+01
 -14.800  0.1812E+00  0.1966E+01
 -14.780  0.2037E+00  0.1970E+01
 -14.760  0.2281E+00  0.1975E+01
 -14.740  0.2522E+00  0.1980E+01
 -14.720  0.2739E+00  0.1985E+01
 -14.700  0.2918E+00  0.1991E+01
 -14.680  0.3054E+00  0.1997E+01
 -14.660  0.3148E+00  0.2003E+01
 -14.640  0.3208E+00  0.2010E+01
 -14.620  0.3243E+00  0.2016E+01
 -14.600  0.3262E+00  0.2023E+01
 -14.580  0.3272E+00  0.2029E+01
 -14.560  0.3278E+00  0.2036E+01
 -14.540  0.3281E+00  0.2042E+01
 -14.520  0.3283E+00  0.2049E+01
 -14.500  0.3284E+00  0.2056E+01
 -14.480  0.3286E+00  0.2062E+01
 -14.460  0.3287E+00  0.2069E+01
 -14.440  0.3289E+00  0.2075E+01
 -14.420  0.3290E+00  0.2082E+01
 -14.400  0.3292E+00  0.2088E+01
 -14.380  0.3293E+00  0.2095E+01
 -14.360  0.3295E+00  0.2102E+01
 -14.340  0.3296E+00  0.2108E+01
 -14.320  0.3298E+00  0.2115E+01
 -14.300  0.3300E+00  0.2121E+01
 -14.280  0.3302E+00  0.2128E+01
 -14.260  0.3305E+00  0.2135E+01
 -14.240  0.3311E+00  0.2141E+01
 -14.220  0.3319E+00  0.2148E+01
 -14.200  0.3332E+00  0.2155E+01
 -14.180  0.3352E+00  0.2161E+01
 -14.160  0.3382E+00  0.2168E+01
 -14.140  0.3424E+00  0.2175E+01
 -14.120  0.3481E+00  0.2182E+01
 -14.100  0.3554E+00  0.2189E+01
 -14.080  0.3645E+00  0.2196E+01
 -14.060  0.3756E+00  0.2204E+01
 -14.040  0.3887E+00  0.2212E+01
 -14.020  0.4038E+00  0.2220E+01
 -14.000  0.4204E+00  0.2228E+01
 -13.980  0.4378E+00  0.2237E+01
 -13.960  0.4546E+00  0.2246E+01
 -13.940  0.4694E+00  0.2255E+01
 -13.920  0.4804E+00  0.2265E+01
 -13.900  0.4864E+00  0.2275E+01
 -13.880  0.4869E+00  0.2284E+01
 -13.860  0.4823E+00  0.2294E+01
 -13.840  0.4739E+00  0.2303E+01
 -13.820  0.4632E+00  0.2313E+01
 -13.800  0.4516E+00  0.2322E+01
 -13.780  0.4404E+00  0.2331E+01
 -13.760  0.4303E+00  0.2339E+01
 -13.740  0.4214E+00  0.2348E+01
 -13.720  0.4138E+00  0.2356E+01
 -13.700  0.4073E+00  0.2364E+01
 -13.680  0.4016E+00  0.2372E+01
 -13.660  0.3965E+00  0.2380E+01
 -13.640  0.3920E+00  0.2388E+01
 -13.620  0.3879E+00  0.2396E+01
 -13.600  0.3840E+00  0.2403E+01
 -13.580  0.3805E+00  0.2411E+01
 -13.560  0.3772E+00  0.2418E+01
 -13.540  0.3740E+00  0.2426E+01
 -13.520  0.3710E+00  0.2433E+01
 -13.500  0.3682E+00  0.2441E+01
 -13.480  0.3654E+00  0.2448E+01
 -13.460  0.3628E+00  0.2455E+01
 -13.440  0.3603E+00  0.2462E+01
 -13.420  0.3579E+00  0.2470E+01
 -13.400  0.3555E+00  0.2477E+01
 -13.380  0.3533E+00  0.2484E+01
 -13.360  0.3511E+00  0.2491E+01
 -13.340  0.3489E+00  0.2498E+01
 -13.320  0.3468E+00  0.2505E+01
 -13.300  0.3448E+00  0.2512E+01
 -13.280  0.3428E+00  0.2518E+01
 -13.260  0.3409E+00  0.2525E+01
 -13.240  0.3390E+00  0.2532E+01
 -13.220  0.3372E+00  0.2539E+01
 -13.200  0.3354E+00  0.2546E+01
 -13.180  0.3336E+00  0.2552E+01
 -13.160  0.3318E+00  0.2559E+01
 -13.140  0.3301E+00  0.2565E+01
 -13.120  0.3284E+00  0.2572E+01
 -13.100  0.3268E+00  0.2579E+01
 -13.080  0.3252E+00  0.2585E+01
 -13.060  0.3236E+00  0.2591E+01
 -13.040  0.3220E+00  0.2598E+01
 -13.020  0.3205E+00  0.2604E+01
 -13.000  0.3189E+00  0.2611E+01
 -12.980  0.3174E+00  0.2617E+01
 -12.960  0.3159E+00  0.2623E+01
 -12.940  0.3145E+00  0.2630E+01
 -12.920  0.3130E+00  0.2636E+01
 -12.900  0.3116E+00  0.2642E+01
 -12.880  0.3102E+00  0.2648E+01
 -12.860  0.3088E+00  0.2655E+01
 -12.840  0.3074E+00  0.2661E+01
 -12.820  0.3061E+00  0.2667E+01
 -12.800  0.3047E+00  0.2673E+01
 -12.780  0.3034E+00  0.2679E+01
 -12.760  0.3021E+00  0.2685E+01
 -12.740  0.3008E+00  0.2691E+01
 -12.720  0.2995E+00  0.2697E+01
 -12.700  0.2982E+00  0.2703E+01
 -12.680  0.2970E+00  0.2709E+01
 -12.660  0.2957E+00  0.2715E+01
 -12.640  0.2945E+00  0.2721E+01
 -12.620  0.2932E+00  0.2727E+01
 -12.600  0.2920E+00  0.2732E+01
 -12.580  0.2908E+00  0.2738E+01
 -12.560  0.2896E+00  0.2744E+01
 -12.540  0.2885E+00  0.2750E+01
 -12.520  0.2873E+00  0.2756E+01
 -12.500  0.2861E+00  0.2761E+01
 -12.480  0.2850E+00  0.2767E+01
 -12.460  0.2838E+00  0.2773E+01
 -12.440  0.2827E+00  0.2778E+01
 -12.420  0.2816E+00  0.2784E+01
 -12.400  0.2805E+00  0.2790E+01
 -12.380  0.2794E+00  0.2795E+01
 -12.360  0.2783E+00  0.2801E+01
 -12.340  0.2772E+00  0.2806E+01
 -12.320  0.2761E+00  0.2812E+01
 -12.300  0.2751E+00  0.2817E+01
 -12.280  0.2742E+00  0.2823E+01
 -12.260  0.2734E+00  0.2828E+01
 -12.240  0.2729E+00  0.2834E+01
 -12.220  0.2730E+00  0.2839E+01
 -12.200  0.2740E+00  0.2845E+01
 -12.180  0.2763E+00  0.2850E+01
 -12.160  0.2803E+00  0.2856E+01
 -12.140  0.2863E+00  0.2861E+01
 -12.120  0.2942E+00  0.2867E+01
 -12.100  0.3037E+00  0.2873E+01
 -12.080  0.3140E+00  0.2880E+01
 -12.060  0.3241E+00  0.2886E+01
 -12.040  0.3333E+00  0.2893E+01
 -12.020  0.3410E+00  0.2900E+01
 -12.000  0.3468E+00  0.2907E+01
 -11.980  0.3509E+00  0.2914E+01
 -11.960  0.3537E+00  0.2921E+01
 -11.940  0.3554E+00  0.2928E+01
 -11.920  0.3565E+00  0.2935E+01
 -11.900  0.3572E+00  0.2942E+01
 -11.880  0.3577E+00  0.2949E+01
 -11.860  0.3581E+00  0.2956E+01
 -11.840  0.3585E+00  0.2964E+01
 -11.820  0.3588E+00  0.2971E+01
 -11.800  0.3592E+00  0.2978E+01
 -11.780  0.3595E+00  0.2985E+01
 -11.760  0.3599E+00  0.2992E+01
 -11.740  0.3603E+00  0.3000E+01
 -11.720  0.3606E+00  0.3007E+01
 -11.700  0.3610E+00  0.3014E+01
 -11.680  0.3614E+00  0.3021E+01
 -11.660  0.3617E+00  0.3028E+01
 -11.640  0.3621E+00  0.3036E+01
 -11.620  0.3625E+00  0.3043E+01
 -11.600  0.3629E+00  0.3050E+01
 -11.580  0.3633E+00  0.3057E+01
 -11.560  0.3637E+00  0.3065E+01
 -11.540  0.3641E+00  0.3072E+01
 -11.520  0.3645E+00  0.3079E+01
 -11.500  0.3649E+00  0.3087E+01
 -11.480  0.3653E+00  0.3094E+01
 -11.460  0.3657E+00  0.3101E+01
 -11.440  0.3661E+00  0.3109E+01
 -11.420  0.3665E+00  0.3116E+01
 -11.400  0.3669E+00  0.3123E+01
 -11.380  0.3673E+00  0.3131E+01
 -11.360  0.3678E+00  0.3138E+01
 -11.340  0.3682E+00  0.3145E+01
 -11.320  0.3687E+00  0.3153E+01
 -11.300  0.3691E+00  0.3160E+01
 -11.280  0.3695E+00  0.3167E+01
 -11.260  0.3699E+00  0.3175E+01
 -11.240  0.3704E+00  0.3182E+01
 -11.220  0.3709E+00  0.3190E+01
 -11.200  0.3714E+00  0.3197E+01
 -11.180  0.3718E+00  0.3205E+01
 -11.160  0.3722E+00  0.3212E+01
 -11.140  0.3727E+00  0.3219E+01
 -11.120  0.3732E+00  0.3227E+01
 -11.100  0.3738E+00  0.3234E+01
 -11.080  0.3743E+00  0.3242E+01
 -11.060  0.3747E+00  0.3249E+01
 -11.040  0.3751E+00  0.3257E+01
 -11.020  0.3756E+00  0.3264E+01
 -11.000  0.3762E+00  0.3272E+01
 -10.980  0.3768E+00  0.3279E+01
 -10.960  0.3773E+00  0.3287E+01
 -10.940  0.3777E+00  0.3295E+01
 -10.920  0.3782E+00  0.3302E+01
 -10.900  0.3787E+00  0.3310E+01
 -10.880  0.3793E+00  0.3317E+01
 -10.860  0.3800E+00  0.3325E+01
 -10.840  0.3805E+00  0.3332E+01
 -10.820  0.3810E+00  0.3340E+01
 -10.800  0.3814E+00  0.3348E+01
 -10.780  0.3820E+00  0.3355E+01
 -10.760  0.3827E+00  0.3363E+01
 -10.740  0.3834E+00  0.3371E+01
 -10.720  0.3840E+00  0.3378E+01
 -10.700  0.3844E+00  0.3386E+01
 -10.680  0.3849E+00  0.3394E+01
 -10.660  0.3855E+00  0.3401E+01
 -10.640  0.3862E+00  0.3409E+01
 -10.620  0.3870E+00  0.3417E+01
 -10.600  0.3876E+00  0.3425E+01
 -10.580  0.3881E+00  0.3432E+01
 -10.560  0.3886E+00  0.3440E+01
 -10.540  0.3892E+00  0.3448E+01
 -10.520  0.3900E+00  0.3456E+01
 -10.500  0.3908E+00  0.3464E+01
 -10.480  0.3915E+00  0.3471E+01
 -10.460  0.3920E+00  0.3479E+01
 -10.440  0.3926E+00  0.3487E+01
 -10.420  0.3932E+00  0.3495E+01
 -10.400  0.3940E+00  0.3503E+01
 -10.380  0.3949E+00  0.3511E+01
 -10.360  0.3956E+00  0.3519E+01
 -10.340  0.3962E+00  0.3527E+01
 -10.320  0.3968E+00  0.3535E+01
 -10.300  0.3975E+00  0.3542E+01
 -10.280  0.3983E+00  0.3550E+01
 -10.260  0.3992E+00  0.3558E+01
 -10.240  0.4001E+00  0.3566E+01
 -10.220  0.4007E+00  0.3574E+01
 -10.200  0.4014E+00  0.3582E+01
 -10.180  0.4021E+00  0.3590E+01
 -10.160  0.4030E+00  0.3599E+01
 -10.140  0.4039E+00  0.3607E+01
 -10.120  0.4048E+00  0.3615E+01
 -10.100  0.4056E+00  0.3623E+01
 -10.080  0.4063E+00  0.3631E+01
 -10.060  0.4071E+00  0.3639E+01
 -10.040  0.4080E+00  0.3647E+01
 -10.020  0.4090E+00  0.3655E+01
 -10.000  0.4100E+00  0.3664E+01
  -9.980  0.4108E+00  0.3672E+01
  -9.960  0.4116E+00  0.3680E+01
  -9.940  0.4125E+00  0.3688E+01
  -9.920  0.4134E+00  0.3697E+01
  -9.900  0.4145E+00  0.3705E+01
  -9.880  0.4155E+00  0.3713E+01
  -9.860  0.4165E+00  0.3722E+01
  -9.840  0.4174E+00  0.3730E+01
  -9.820  0.4183E+00  0.3738E+01
  -9.800  0.4193E+00  0.3747E+01
  -9.780  0.4205E+00  0.3755E+01
  -9.760  0.4216E+00  0.3763E+01
  -9.740  0.4226E+00  0.3772E+01
  -9.720  0.4236E+00  0.3780E+01
  -9.700  0.4246E+00  0.3789E+01
  -9.680  0.4258E+00  0.3797E+01
  -9.660  0.4270E+00  0.3806E+01
  -9.640  0.4282E+00  0.3815E+01
  -9.620  0.4293E+00  0.3823E+01
  -9.600  0.4304E+00  0.3832E+01
  -9.580  0.4316E+00  0.3840E+01
  -9.560  0.4329E+00  0.3849E+01
  -9.540  0.4342E+00  0.3858E+01
  -9.520  0.4354E+00  0.3866E+01
  -9.500  0.4367E+00  0.3875E+01
  -9.480  0.4379E+00  0.3884E+01
  -9.460  0.4392E+00  0.3893E+01
  -9.440  0.4406E+00  0.3901E+01
  -9.420  0.4421E+00  0.3910E+01
  -9.400  0.4435E+00  0.3919E+01
  -9.380  0.4448E+00  0.3928E+01
  -9.360  0.4463E+00  0.3937E+01
  -9.340  0.4481E+00  0.3946E+01
  -9.320  0.4502E+00  0.3955E+01
  -9.300  0.4529E+00  0.3964E+01
  -9.280  0.4568E+00  0.3973E+01
  -9.260  0.4628E+00  0.3982E+01
  -9.240  0.4721E+00  0.3992E+01
  -9.220  0.4858E+00  0.4002E+01
  -9.200  0.5047E+00  0.4012E+01
  -9.180  0.5289E+00  0.4022E+01
  -9.160  0.5577E+00  0.4033E+01
  -9.140  0.5893E+00  0.4045E+01
  -9.120  0.6213E+00  0.4058E+01
  -9.100  0.6512E+00  0.4071E+01
  -9.080  0.6769E+00  0.4084E+01
  -9.060  0.6972E+00  0.4098E+01
  -9.040  0.7122E+00  0.4112E+01
  -9.020  0.7228E+00  0.4127E+01
  -9.000  0.7301E+00  0.4141E+01
  -8.980  0.7352E+00  0.4156E+01
  -8.960  0.7389E+00  0.4171E+01
  -8.940  0.7419E+00  0.4186E+01
  -8.920  0.7444E+00  0.4201E+01
  -8.900  0.7470E+00  0.4216E+01
  -8.880  0.7496E+00  0.4231E+01
  -8.860  0.7522E+00  0.4246E+01
  -8.840  0.7549E+00  0.4261E+01
  -8.820  0.7576E+00  0.4276E+01
  -8.800  0.7604E+00  0.4291E+01
  -8.780  0.7632E+00  0.4306E+01
  -8.760  0.7662E+00  0.4322E+01
  -8.740  0.7692E+00  0.4337E+01
  -8.720  0.7724E+00  0.4352E+01
  -8.700  0.7757E+00  0.4368E+01
  -8.680  0.7789E+00  0.4384E+01
  -8.660  0.7823E+00  0.4399E+01
  -8.640  0.7858E+00  0.4415E+01
  -8.620  0.7895E+00  0.4431E+01
  -8.600  0.7934E+00  0.4447E+01
  -8.580  0.7973E+00  0.4463E+01
  -8.560  0.8013E+00  0.4479E+01
  -8.540  0.8055E+00  0.4495E+01
  -8.520  0.8098E+00  0.4511E+01
  -8.500  0.8144E+00  0.4527E+01
  -8.480  0.8193E+00  0.4544E+01
  -8.460  0.8243E+00  0.4560E+01
  -8.440  0.8294E+00  0.4577E+01
  -8.420  0.8347E+00  0.4593E+01
  -8.400  0.8404E+00  0.4610E+01
  -8.380  0.8465E+00  0.4627E+01
  -8.360  0.8529E+00  0.4644E+01
  -8.340  0.8596E+00  0.4661E+01
  -8.320  0.8667E+00  0.4679E+01
  -8.300  0.8742E+00  0.4696E+01
  -8.280  0.8822E+00  0.4714E+01
  -8.260  0.8910E+00  0.4732E+01
  -8.240  0.9005E+00  0.4750E+01
  -8.220  0.9108E+00  0.4768E+01
  -8.200  0.9221E+00  0.4786E+01
  -8.180  0.9346E+00  0.4805E+01
  -8.160  0.9489E+00  0.4824E+01
  -8.140  0.9653E+00  0.4843E+01
  -8.120  0.9844E+00  0.4863E+01
  -8.100  0.1007E+01  0.4883E+01
  -8.080  0.1032E+01  0.4904E+01
  -8.060  0.1061E+01  0.4925E+01
  -8.040  0.1091E+01  0.4947E+01
  -8.020  0.1121E+01  0.4969E+01
  -8.000  0.1147E+01  0.4992E+01
  -7.980  0.1165E+01  0.5015E+01
  -7.960  0.1173E+01  0.5039E+01
  -7.940  0.1169E+01  0.5062E+01
  -7.920  0.1153E+01  0.5085E+01
  -7.900  0.1129E+01  0.5108E+01
  -7.880  0.1099E+01  0.5130E+01
  -7.860  0.1067E+01  0.5151E+01
  -7.840  0.1036E+01  0.5172E+01
  -7.820  0.1008E+01  0.5192E+01
  -7.800  0.9829E+00  0.5212E+01
  -7.780  0.9613E+00  0.5231E+01
  -7.760  0.9426E+00  0.5250E+01
  -7.740  0.9264E+00  0.5268E+01
  -7.720  0.9120E+00  0.5287E+01
  -7.700  0.8990E+00  0.5305E+01
  -7.680  0.8872E+00  0.5322E+01
  -7.660  0.8763E+00  0.5340E+01
  -7.640  0.8663E+00  0.5357E+01
  -7.620  0.8570E+00  0.5374E+01
  -7.600  0.8482E+00  0.5391E+01
  -7.580  0.8399E+00  0.5408E+01
  -7.560  0.8320E+00  0.5425E+01
  -7.540  0.8246E+00  0.5441E+01
  -7.520  0.8175E+00  0.5458E+01
  -7.500  0.8109E+00  0.5474E+01
  -7.480  0.8045E+00  0.5490E+01
  -7.460  0.7983E+00  0.5506E+01
  -7.440  0.7923E+00  0.5522E+01
  -7.420  0.7865E+00  0.5537E+01
  -7.400  0.7809E+00  0.5553E+01
  -7.380  0.7756E+00  0.5569E+01
  -7.360  0.7705E+00  0.5584E+01
  -7.340  0.7655E+00  0.5599E+01
  -7.320  0.7606E+00  0.5614E+01
  -7.300  0.7559E+00  0.5630E+01
  -7.280  0.7514E+00  0.5645E+01
  -7.260  0.7471E+00  0.5660E+01
  -7.240  0.7430E+00  0.5674E+01
  -7.220  0.7389E+00  0.5689E+01
  -7.200  0.7349E+00  0.5704E+01
  -7.180  0.7309E+00  0.5719E+01
  -7.160  0.7271E+00  0.5733E+01
  -7.140  0.7234E+00  0.5748E+01
  -7.120  0.7199E+00  0.5762E+01
  -7.100  0.7164E+00  0.5776E+01
  -7.080  0.7129E+00  0.5791E+01
  -7.060  0.7094E+00  0.5805E+01
  -7.040  0.7061E+00  0.5819E+01
  -7.020  0.7029E+00  0.5833E+01
  -7.000  0.6998E+00  0.5847E+01
  -6.980  0.6968E+00  0.5861E+01
  -6.960  0.6937E+00  0.5875E+01
  -6.940  0.6907E+00  0.5889E+01
  -6.920  0.6878E+00  0.5902E+01
  -6.900  0.6849E+00  0.5916E+01
  -6.880  0.6822E+00  0.5930E+01
  -6.860  0.6795E+00  0.5943E+01
  -6.840  0.6768E+00  0.5957E+01
  -6.820  0.6741E+00  0.5970E+01
  -6.800  0.6715E+00  0.5984E+01
  -6.780  0.6690E+00  0.5997E+01
  -6.760  0.6665E+00  0.6010E+01
  -6.740  0.6641E+00  0.6024E+01
  -6.720  0.6617E+00  0.6037E+01
  -6.700  0.6592E+00  0.6050E+01
  -6.680  0.6569E+00  0.6063E+01
  -6.660  0.6546E+00  0.6076E+01
  -6.640  0.6524E+00  0.6089E+01
  -6.620  0.6502E+00  0.6102E+01
  -6.600  0.6480E+00  0.6115E+01
  -6.580  0.6459E+00  0.6128E+01
  -6.560  0.6437E+00  0.6141E+01
  -6.540  0.6417E+00  0.6154E+01
  -6.520  0.6397E+00  0.6167E+01
  -6.500  0.6377E+00  0.6179E+01
  -6.480  0.6357E+00  0.6192E+01
  -6.460  0.6337E+00  0.6205E+01
  -6.440  0.6318E+00  0.6217E+01
  -6.420  0.6300E+00  0.6230E+01
  -6.400  0.6282E+00  0.6243E+01
  -6.380  0.6263E+00  0.6255E+01
  -6.360  0.6245E+00  0.6268E+01
  -6.340  0.6227E+00  0.6280E+01
  -6.320  0.6210E+00  0.6293E+01
  -6.300  0.6193E+00  0.6305E+01
  -6.280  0.6176E+00  0.6317E+01
  -6.260  0.6160E+00  0.6330E+01
  -6.240  0.6143E+00  0.6342E+01
  -6.220  0.6127E+00  0.6354E+01
  -6.200  0.6111E+00  0.6366E+01
  -6.180  0.6096E+00  0.6379E+01
  -6.160  0.6080E+00  0.6391E+01
  -6.140  0.6065E+00  0.6403E+01
  -6.120  0.6050E+00  0.6415E+01
  -6.100  0.6035E+00  0.6427E+01
  -6.080  0.6021E+00  0.6439E+01
  -6.060  0.6007E+00  0.6451E+01
  -6.040  0.5993E+00  0.6463E+01
  -6.020  0.5979E+00  0.6475E+01
  -6.000  0.5965E+00  0.6487E+01
  -5.980  0.5952E+00  0.6499E+01
  -5.960  0.5939E+00  0.6511E+01
  -5.940  0.5926E+00  0.6523E+01
  -5.920  0.5913E+00  0.6534E+01
  -5.900  0.5901E+00  0.6546E+01
  -5.880  0.5889E+00  0.6558E+01
  -5.860  0.5877E+00  0.6570E+01
  -5.840  0.5865E+00  0.6581E+01
  -5.820  0.5853E+00  0.6593E+01
  -5.800  0.5842E+00  0.6605E+01
  -5.780  0.5830E+00  0.6617E+01
  -5.760  0.5819E+00  0.6628E+01
  -5.740  0.5808E+00  0.6640E+01
  -5.720  0.5798E+00  0.6651E+01
  -5.700  0.5787E+00  0.6663E+01
  -5.680  0.5777E+00  0.6675E+01
  -5.660  0.5767E+00  0.6686E+01
  -5.640  0.5757E+00  0.6698E+01
  -5.620  0.5747E+00  0.6709E+01
  -5.600  0.5738E+00  0.6721E+01
  -5.580  0.5729E+00  0.6732E+01
  -5.560  0.5720E+00  0.6743E+01
  -5.540  0.5711E+00  0.6755E+01
  -5.520  0.5702E+00  0.6766E+01
  -5.500  0.5694E+00  0.6778E+01
  -5.480  0.5686E+00  0.6789E+01
  -5.460  0.5678E+00  0.6800E+01
  -5.440  0.5670E+00  0.6812E+01
  -5.420  0.5662E+00  0.6823E+01
  -5.400  0.5655E+00  0.6834E+01
  -5.380  0.5648E+00  0.6846E+01
  -5.360  0.5641E+00  0.6857E+01
  -5.340  0.5634E+00  0.6868E+01
  -5.320  0.5627E+00  0.6879E+01
  -5.300  0.5621E+00  0.6891E+01
  -5.280  0.5616E+00  0.6902E+01
  -5.260  0.5610E+00  0.6913E+01
  -5.240  0.5604E+00  0.6924E+01
  -5.220  0.5599E+00  0.6936E+01
  -5.200  0.5593E+00  0.6947E+01
  -5.180  0.5589E+00  0.6958E+01
  -5.160  0.5585E+00  0.6969E+01
  -5.140  0.5580E+00  0.6980E+01
  -5.120  0.5576E+00  0.6991E+01
  -5.100  0.5572E+00  0.7003E+01
  -5.080  0.5568E+00  0.7014E+01
  -5.060  0.5566E+00  0.7025E+01
  -5.040  0.5563E+00  0.7036E+01
  -5.020  0.5560E+00  0.7047E+01
  -5.000  0.5558E+00  0.7058E+01
  -4.980  0.5555E+00  0.7069E+01
  -4.960  0.5554E+00  0.7080E+01
  -4.940  0.5553E+00  0.7091E+01
  -4.920  0.5553E+00  0.7103E+01
  -4.900  0.5552E+00  0.7114E+01
  -4.880  0.5551E+00  0.7125E+01
  -4.860  0.5551E+00  0.7136E+01
  -4.840  0.5552E+00  0.7147E+01
  -4.820  0.5553E+00  0.7158E+01
  -4.800  0.5554E+00  0.7169E+01
  -4.780  0.5553E+00  0.7180E+01
  -4.760  0.5550E+00  0.7191E+01
  -4.740  0.5543E+00  0.7203E+01
  -4.720  0.5526E+00  0.7214E+01
  -4.700  0.5491E+00  0.7225E+01
  -4.680  0.5430E+00  0.7235E+01
  -4.660  0.5333E+00  0.7246E+01
  -4.640  0.5195E+00  0.7256E+01
  -4.620  0.5015E+00  0.7266E+01
  -4.600  0.4800E+00  0.7276E+01
  -4.580  0.4565E+00  0.7285E+01
  -4.560  0.4331E+00  0.7294E+01
  -4.540  0.4119E+00  0.7302E+01
  -4.520  0.3946E+00  0.7310E+01
  -4.500  0.3819E+00  0.7318E+01
  -4.480  0.3737E+00  0.7325E+01
  -4.460  0.3691E+00  0.7333E+01
  -4.440  0.3674E+00  0.7340E+01
  -4.420  0.3678E+00  0.7347E+01
  -4.400  0.3694E+00  0.7355E+01
  -4.380  0.3719E+00  0.7362E+01
  -4.360  0.3747E+00  0.7370E+01
  -4.340  0.3777E+00  0.7377E+01
  -4.320  0.3810E+00  0.7385E+01
  -4.300  0.3845E+00  0.7392E+01
  -4.280  0.3884E+00  0.7400E+01
  -4.260  0.3925E+00  0.7408E+01
  -4.240  0.3969E+00  0.7416E+01
  -4.220  0.4015E+00  0.7424E+01
  -4.200  0.4065E+00  0.7432E+01
  -4.180  0.4120E+00  0.7440E+01
  -4.160  0.4182E+00  0.7449E+01
  -4.140  0.4250E+00  0.7457E+01
  -4.120  0.4324E+00  0.7466E+01
  -4.100  0.4408E+00  0.7475E+01
  -4.080  0.4506E+00  0.7484E+01
  -4.060  0.4621E+00  0.7493E+01
  -4.040  0.4758E+00  0.7502E+01
  -4.020  0.4918E+00  0.7512E+01
  -4.000  0.5101E+00  0.7522E+01
  -3.980  0.5303E+00  0.7533E+01
  -3.960  0.5511E+00  0.7544E+01
  -3.940  0.5707E+00  0.7556E+01
  -3.920  0.5862E+00  0.7567E+01
  -3.900  0.5950E+00  0.7579E+01
  -3.880  0.5952E+00  0.7591E+01
  -3.860  0.5865E+00  0.7603E+01
  -3.840  0.5699E+00  0.7614E+01
  -3.820  0.5478E+00  0.7625E+01
  -3.800  0.5226E+00  0.7636E+01
  -3.780  0.4969E+00  0.7646E+01
  -3.760  0.4723E+00  0.7655E+01
  -3.740  0.4502E+00  0.7664E+01
  -3.720  0.4309E+00  0.7673E+01
  -3.700  0.4141E+00  0.7681E+01
  -3.680  0.3994E+00  0.7689E+01
  -3.660  0.3862E+00  0.7697E+01
  -3.640  0.3742E+00  0.7704E+01
  -3.620  0.3634E+00  0.7711E+01
  -3.600  0.3536E+00  0.7718E+01
  -3.580  0.3445E+00  0.7725E+01
  -3.560  0.3359E+00  0.7732E+01
  -3.540  0.3276E+00  0.7739E+01
  -3.520  0.3197E+00  0.7745E+01
  -3.500  0.3124E+00  0.7751E+01
  -3.480  0.3055E+00  0.7757E+01
  -3.460  0.2989E+00  0.7763E+01
  -3.440  0.2924E+00  0.7769E+01
  -3.420  0.2861E+00  0.7775E+01
  -3.400  0.2801E+00  0.7780E+01
  -3.380  0.2744E+00  0.7786E+01
  -3.360  0.2690E+00  0.7791E+01
  -3.340  0.2637E+00  0.7797E+01
  -3.320  0.2584E+00  0.7802E+01
  -3.300  0.2532E+00  0.7807E+01
  -3.280  0.2482E+00  0.7812E+01
  -3.260  0.2435E+00  0.7817E+01
  -3.240  0.2390E+00  0.7821E+01
  -3.220  0.2344E+00  0.7826E+01
  -3.200  0.2299E+00  0.7831E+01
  -3.180  0.2254E+00  0.7835E+01
  -3.160  0.2212E+00  0.7840E+01
  -3.140  0.2172E+00  0.7844E+01
  -3.120  0.2132E+00  0.7848E+01
  -3.100  0.2092E+00  0.7852E+01
  -3.080  0.2052E+00  0.7857E+01
  -3.060  0.2013E+00  0.7861E+01
  -3.040  0.1976E+00  0.7865E+01
  -3.020  0.1940E+00  0.7868E+01
  -3.000  0.1904E+00  0.7872E+01
  -2.980  0.1867E+00  0.7876E+01
  -2.960  0.1832E+00  0.7880E+01
  -2.940  0.1797E+00  0.7883E+01
  -2.920  0.1764E+00  0.7887E+01
  -2.900  0.1731E+00  0.7890E+01
  -2.880  0.1698E+00  0.7894E+01
  -2.860  0.1665E+00  0.7897E+01
  -2.840  0.1632E+00  0.7900E+01
  -2.820  0.1601E+00  0.7903E+01
  -2.800  0.1570E+00  0.7907E+01
  -2.780  0.1540E+00  0.7910E+01
  -2.760  0.1509E+00  0.7913E+01
  -2.740  0.1478E+00  0.7916E+01
  -2.720  0.1449E+00  0.7919E+01
  -2.700  0.1419E+00  0.7921E+01
  -2.680  0.1391E+00  0.7924E+01
  -2.660  0.1362E+00  0.7927E+01
  -2.640  0.1334E+00  0.7930E+01
  -2.620  0.1305E+00  0.7932E+01
  -2.600  0.1277E+00  0.7935E+01
  -2.580  0.1250E+00  0.7937E+01
  -2.560  0.1223E+00  0.7940E+01
  -2.540  0.1196E+00  0.7942E+01
  -2.520  0.1169E+00  0.7944E+01
  -2.500  0.1142E+00  0.7947E+01
  -2.480  0.1116E+00  0.7949E+01
  -2.460  0.1090E+00  0.7951E+01
  -2.440  0.1064E+00  0.7953E+01
  -2.420  0.1039E+00  0.7955E+01
  -2.400  0.1013E+00  0.7957E+01
  -2.380  0.9876E-01  0.7959E+01
  -2.360  0.9627E-01  0.7961E+01
  -2.340  0.9379E-01  0.7963E+01
  -2.320  0.9130E-01  0.7965E+01
  -2.300  0.8883E-01  0.7967E+01
  -2.280  0.8637E-01  0.7968E+01
  -2.260  0.8395E-01  0.7970E+01
  -2.240  0.8155E-01  0.7972E+01
  -2.220  0.7915E-01  0.7973E+01
  -2.200  0.7675E-01  0.7975E+01
  -2.180  0.7436E-01  0.7976E+01
  -2.160  0.7200E-01  0.7978E+01
  -2.140  0.6966E-01  0.7979E+01
  -2.120  0.6732E-01  0.7980E+01
  -2.100  0.6498E-01  0.7982E+01
  -2.080  0.6265E-01  0.7983E+01
  -2.060  0.6033E-01  0.7984E+01
  -2.040  0.5804E-01  0.7985E+01
  -2.020  0.5575E-01  0.7987E+01
  -2.000  0.5345E-01  0.7988E+01
  -1.980  0.5117E-01  0.7989E+01
  -1.960  0.4889E-01  0.7990E+01
  -1.940  0.4662E-01  0.7991E+01
  -1.920  0.4437E-01  0.7991E+01
  -1.900  0.4211E-01  0.7992E+01
  -1.880  0.3985E-01  0.7993E+01
  -1.860  0.3760E-01  0.7994E+01
  -1.840  0.3536E-01  0.7995E+01
  -1.820  0.3312E-01  0.7995E+01
  -1.800  0.3088E-01  0.7996E+01
  -1.780  0.2864E-01  0.7996E+01
  -1.760  0.2640E-01  0.7997E+01
  -1.740  0.2417E-01  0.7997E+01
  -1.720  0.2195E-01  0.7998E+01
  -1.700  0.1973E-01  0.7998E+01
  -1.680  0.1752E-01  0.7999E+01
  -1.660  0.1536E-01  0.7999E+01
  -1.640  0.1326E-01  0.7999E+01
  -1.620  0.1129E-01  0.7999E+01
  -1.600  0.9509E-02  0.8000E+01
  -1.580  0.8008E-02  0.8000E+01
  -1.560  0.6884E-02  0.8000E+01
  -1.540  0.6220E-02  0.8000E+01
  -1.520  0.6073E-02  0.8000E+01
  -1.500  0.6454E-02  0.8000E+01
  -1.480  0.7337E-02  0.8000E+01
  -1.460  0.8656E-02  0.8001E+01
  -1.440  0.1032E-01  0.8001E+01
  -1.420  0.1224E-01  0.8001E+01
  -1.400  0.1433E-01  0.8001E+01
  -1.380  0.1652E-01  0.8002E+01
  -1.360  0.1879E-01  0.8002E+01
  -1.340  0.2109E-01  0.8002E+01
  -1.320  0.2342E-01  0.8003E+01
  -1.300  0.2576E-01  0.8003E+01
  -1.280  0.2812E-01  0.8004E+01
  -1.260  0.3050E-01  0.8005E+01
  -1.240  0.3289E-01  0.8005E+01
  -1.220  0.3529E-01  0.8006E+01
  -1.200  0.3771E-01  0.8007E+01
  -1.180  0.4015E-01  0.8007E+01
  -1.160  0.4261E-01  0.8008E+01
  -1.140  0.4509E-01  0.8009E+01
  -1.120  0.4759E-01  0.8010E+01
  -1.100  0.5011E-01  0.8011E+01
  -1.080  0.5265E-01  0.8012E+01
  -1.060  0.5522E-01  0.8013E+01
  -1.040  0.5782E-01  0.8014E+01
  -1.020  0.6043E-01  0.8016E+01
  -1.000  0.6308E-01  0.8017E+01
  -0.980  0.6575E-01  0.8018E+01
  -0.960  0.6847E-01  0.8020E+01
  -0.940  0.7122E-01  0.8021E+01
  -0.920  0.7400E-01  0.8023E+01
  -0.900  0.7680E-01  0.8024E+01
  -0.880  0.7965E-01  0.8026E+01
  -0.860  0.8256E-01  0.8027E+01
  -0.840  0.8551E-01  0.8029E+01
  -0.820  0.8849E-01  0.8031E+01
  -0.800  0.9152E-01  0.8033E+01
  -0.780  0.9459E-01  0.8035E+01
  -0.760  0.9774E-01  0.8036E+01
  -0.740  0.1010E+00  0.8039E+01
  -0.720  0.1042E+00  0.8041E+01
  -0.700  0.1075E+00  0.8043E+01
  -0.680  0.1109E+00  0.8045E+01
  -0.660  0.1144E+00  0.8047E+01
  -0.640  0.1179E+00  0.8050E+01
  -0.620  0.1216E+00  0.8052E+01
  -0.600  0.1253E+00  0.8055E+01
  -0.580  0.1291E+00  0.8057E+01
  -0.560  0.1330E+00  0.8060E+01
  -0.540  0.1370E+00  0.8063E+01
  -0.520  0.1412E+00  0.8065E+01
  -0.500  0.1454E+00  0.8068E+01
  -0.480  0.1498E+00  0.8071E+01
  -0.460  0.1543E+00  0.8074E+01
  -0.440  0.1590E+00  0.8078E+01
  -0.420  0.1639E+00  0.8081E+01
  -0.400  0.1690E+00  0.8084E+01
  -0.380  0.1742E+00  0.8088E+01
  -0.360  0.1796E+00  0.8091E+01
  -0.340  0.1854E+00  0.8095E+01
  -0.320  0.1914E+00  0.8099E+01
  -0.300  0.1977E+00  0.8103E+01
  -0.280  0.2043E+00  0.8107E+01
  -0.260  0.2112E+00  0.8111E+01
  -0.240  0.2185E+00  0.8115E+01
  -0.220  0.2264E+00  0.8120E+01
  -0.200  0.2349E+00  0.8125E+01
  -0.180  0.2439E+00  0.8130E+01
  -0.160  0.2536E+00  0.8135E+01
  -0.140  0.2641E+00  0.8140E+01
  -0.120  0.2757E+00  0.8145E+01
  -0.100  0.2886E+00  0.8151E+01
  -0.080  0.3032E+00  0.8157E+01
  -0.060  0.3197E+00  0.8164E+01
  -0.040  0.3389E+00  0.8170E+01
  -0.020  0.3617E+00  0.8178E+01
  -0.000  0.3892E+00  0.8185E+01
   0.020  0.4224E+00  0.8194E+01
   0.040  0.4618E+00  0.8203E+01
   0.060  0.5070E+00  0.8213E+01
   0.080  0.5568E+00  0.8224E+01
   0.100  0.6083E+00  0.8237E+01
   0.120  0.6579E+00  0.8250E+01
   0.140  0.7014E+00  0.8264E+01
   0.160  0.7352E+00  0.8278E+01
   0.180  0.7577E+00  0.8294E+01
   0.200  0.7689E+00  0.8309E+01
   0.220  0.7705E+00  0.8324E+01
   0.240  0.7649E+00  0.8340E+01
   0.260  0.7543E+00  0.8355E+01
   0.280  0.7407E+00  0.8370E+01
   0.300  0.7258E+00  0.8384E+01
   0.320  0.7106E+00  0.8398E+01
   0.340  0.6961E+00  0.8412E+01
   0.360  0.6826E+00  0.8426E+01
   0.380  0.6702E+00  0.8439E+01
   0.400  0.6588E+00  0.8452E+01
   0.420  0.6484E+00  0.8465E+01
   0.440  0.6390E+00  0.8478E+01
   0.460  0.6305E+00  0.8491E+01
   0.480  0.6228E+00  0.8503E+01
   0.500  0.6158E+00  0.8516E+01
   0.520  0.6092E+00  0.8528E+01
   0.540  0.6030E+00  0.8540E+01
   0.560  0.5971E+00  0.8552E+01
   0.580  0.5917E+00  0.8564E+01
   0.600  0.5868E+00  0.8575E+01
   0.620  0.5822E+00  0.8587E+01
   0.640  0.5777E+00  0.8599E+01
   0.660  0.5733E+00  0.8610E+01
   0.680  0.5691E+00  0.8621E+01
   0.700  0.5652E+00  0.8633E+01
   0.720  0.5616E+00  0.8644E+01
   0.740  0.5582E+00  0.8655E+01
   0.760  0.5549E+00  0.8666E+01
   0.780  0.5516E+00  0.8677E+01
   0.800  0.5483E+00  0.8688E+01
   0.820  0.5452E+00  0.8699E+01
   0.840  0.5424E+00  0.8710E+01
   0.860  0.5398E+00  0.8721E+01
   0.880  0.5372E+00  0.8731E+01
   0.900  0.5346E+00  0.8742E+01
   0.920  0.5319E+00  0.8753E+01
   0.940  0.5293E+00  0.8763E+01
   0.960  0.5270E+00  0.8774E+01
   0.980  0.5248E+00  0.8784E+01
   1.000  0.5228E+00  0.8795E+01
   1.020  0.5207E+00  0.8805E+01
   1.040  0.5184E+00  0.8816E+01
   1.060  0.5162E+00  0.8826E+01
   1.080  0.5142E+00  0.8836E+01
   1.100  0.5123E+00  0.8847E+01
   1.120  0.5106E+00  0.8857E+01
   1.140  0.5089E+00  0.8867E+01
   1.160  0.5070E+00  0.8877E+01
   1.180  0.5051E+00  0.8887E+01
   1.200  0.5032E+00  0.8897E+01
   1.220  0.5016E+00  0.8907E+01
   1.240  0.5001E+00  0.8917E+01
   1.260  0.4987E+00  0.8927E+01
   1.280  0.4973E+00  0.8937E+01
   1.300  0.4958E+00  0.8947E+01
   1.320  0.4947E+00  0.8957E+01
   1.340  0.4943E+00  0.8967E+01
   1.360  0.4955E+00  0.8977E+01
   1.380  0.4987E+00  0.8987E+01
   1.400  0.5050E+00  0.8997E+01
   1.420  0.5150E+00  0.9007E+01
   1.440  0.5296E+00  0.9018E+01
   1.460  0.5488E+00  0.9029E+01
   1.480  0.5719E+00  0.9040E+01
   1.500  0.5972E+00  0.9052E+01
   1.520  0.6223E+00  0.9065E+01
   1.540  0.6448E+00  0.9077E+01
   1.560  0.6630E+00  0.9091E+01
   1.580  0.6765E+00  0.9104E+01
   1.600  0.6856E+00  0.9118E+01
   1.620  0.6911E+00  0.9132E+01
   1.640  0.6941E+00  0.9146E+01
   1.660  0.6953E+00  0.9160E+01
   1.680  0.6952E+00  0.9173E+01
   1.700  0.6943E+00  0.9187E+01
   1.720  0.6932E+00  0.9201E+01
   1.740  0.6921E+00  0.9215E+01
   1.760  0.6912E+00  0.9229E+01
   1.780  0.6905E+00  0.9243E+01
   1.800  0.6896E+00  0.9256E+01
   1.820  0.6885E+00  0.9270E+01
   1.840  0.6873E+00  0.9284E+01
   1.860  0.6861E+00  0.9298E+01
   1.880  0.6851E+00  0.9311E+01
   1.900  0.6844E+00  0.9325E+01
   1.920  0.6837E+00  0.9339E+01
   1.940  0.6829E+00  0.9352E+01
   1.960  0.6818E+00  0.9366E+01
   1.980  0.6806E+00  0.9380E+01
   2.000  0.6795E+00  0.9393E+01
   2.020  0.6786E+00  0.9407E+01
   2.040  0.6780E+00  0.9420E+01
   2.060  0.6774E+00  0.9434E+01
   2.080  0.6767E+00  0.9448E+01
   2.100  0.6756E+00  0.9461E+01
   2.120  0.6745E+00  0.9475E+01
   2.140  0.6735E+00  0.9488E+01
   2.160  0.6727E+00  0.9501E+01
   2.180  0.6722E+00  0.9515E+01
   2.200  0.6717E+00  0.9528E+01
   2.220  0.6709E+00  0.9542E+01
   2.240  0.6699E+00  0.9555E+01
   2.260  0.6688E+00  0.9569E+01
   2.280  0.6679E+00  0.9582E+01
   2.300  0.6672E+00  0.9595E+01
   2.320  0.6668E+00  0.9609E+01
   2.340  0.6663E+00  0.9622E+01
   2.360  0.6656E+00  0.9635E+01
   2.380  0.6646E+00  0.9648E+01
   2.400  0.6636E+00  0.9662E+01
   2.420  0.6627E+00  0.9675E+01
   2.440  0.6621E+00  0.9688E+01
   2.460  0.6617E+00  0.9701E+01
   2.480  0.6613E+00  0.9715E+01
   2.500  0.6607E+00  0.9728E+01
   2.520  0.6598E+00  0.9741E+01
   2.540  0.6587E+00  0.9754E+01
   2.560  0.6579E+00  0.9767E+01
   2.580  0.6573E+00  0.9781E+01
   2.600  0.6570E+00  0.9794E+01
   2.620  0.6567E+00  0.9807E+01
   2.640  0.6561E+00  0.9820E+01
   2.660  0.6552E+00  0.9833E+01
   2.680  0.6542E+00  0.9846E+01
   2.700  0.6534E+00  0.9859E+01
   2.720  0.6529E+00  0.9872E+01
   2.740  0.6526E+00  0.9885E+01
   2.760  0.6523E+00  0.9898E+01
   2.780  0.6518E+00  0.9911E+01
   2.800  0.6510E+00  0.9924E+01
   2.820  0.6500E+00  0.9937E+01
   2.840  0.6492E+00  0.9950E+01
   2.860  0.6487E+00  0.9963E+01
   2.880  0.6485E+00  0.9976E+01
   2.900  0.6483E+00  0.9989E+01
   2.920  0.6479E+00  0.1000E+02
   2.940  0.6473E+00  0.1002E+02
   2.960  0.6465E+00  0.1003E+02
   2.980  0.6459E+00  0.1004E+02
   3.000  0.6462E+00  0.1005E+02
   3.020  0.6476E+00  0.1007E+02
   3.040  0.6505E+00  0.1008E+02
   3.060  0.6557E+00  0.1009E+02
   3.080  0.6637E+00  0.1011E+02
   3.100  0.6758E+00  0.1012E+02
   3.120  0.6928E+00  0.1013E+02
   3.140  0.7147E+00  0.1015E+02
   3.160  0.7402E+00  0.1016E+02
   3.180  0.7671E+00  0.1018E+02
   3.200  0.7928E+00  0.1019E+02
   3.220  0.8152E+00  0.1021E+02
   3.240  0.8330E+00  0.1023E+02
   3.260  0.8461E+00  0.1024E+02
   3.280  0.8552E+00  0.1026E+02
   3.300  0.8612E+00  0.1028E+02
   3.320  0.8649E+00  0.1030E+02
   3.340  0.8671E+00  0.1031E+02
   3.360  0.8684E+00  0.1033E+02
   3.380  0.8693E+00  0.1035E+02
   3.400  0.8702E+00  0.1037E+02
   3.420  0.8717E+00  0.1038E+02
   3.440  0.8740E+00  0.1040E+02
   3.460  0.8768E+00  0.1042E+02
   3.480  0.8795E+00  0.1044E+02
   3.500  0.8809E+00  0.1045E+02
   3.520  0.8796E+00  0.1047E+02
   3.540  0.8743E+00  0.1049E+02
   3.560  0.8645E+00  0.1051E+02
   3.580  0.8504E+00  0.1052E+02
   3.600  0.8334E+00  0.1054E+02
   3.620  0.8156E+00  0.1056E+02
   3.640  0.7998E+00  0.1057E+02
   3.660  0.7889E+00  0.1059E+02
   3.680  0.7851E+00  0.1060E+02
   3.700  0.7894E+00  0.1062E+02
   3.720  0.8009E+00  0.1063E+02
   3.740  0.8173E+00  0.1065E+02
   3.760  0.8351E+00  0.1067E+02
   3.780  0.8511E+00  0.1068E+02
   3.800  0.8630E+00  0.1070E+02
   3.820  0.8702E+00  0.1072E+02
   3.840  0.8733E+00  0.1074E+02
   3.860  0.8736E+00  0.1075E+02
   3.880  0.8724E+00  0.1077E+02
   3.900  0.8703E+00  0.1079E+02
   3.920  0.8680E+00  0.1081E+02
   3.940  0.8656E+00  0.1082E+02
   3.960  0.8634E+00  0.1084E+02
   3.980  0.8618E+00  0.1086E+02
   4.000  0.8611E+00  0.1088E+02
   4.020  0.8612E+00  0.1089E+02
   4.040  0.8620E+00  0.1091E+02
   4.060  0.8634E+00  0.1093E+02
   4.080  0.8653E+00  0.1094E+02
   4.100  0.8679E+00  0.1096E+02
   4.120  0.8713E+00  0.1098E+02
   4.140  0.8756E+00  0.1100E+02
   4.160  0.8805E+00  0.1101E+02
   4.180  0.8847E+00  0.1103E+02
   4.200  0.8867E+00  0.1105E+02
   4.220  0.8843E+00  0.1107E+02
   4.240  0.8757E+00  0.1108E+02
   4.260  0.8596E+00  0.1110E+02
   4.280  0.8360E+00  0.1112E+02
   4.300  0.8064E+00  0.1113E+02
   4.320  0.7739E+00  0.1115E+02
   4.340  0.7426E+00  0.1117E+02
   4.360  0.7171E+00  0.1118E+02
   4.380  0.7016E+00  0.1119E+02
   4.400  0.6990E+00  0.1121E+02
   4.420  0.7107E+00  0.1122E+02
   4.440  0.7361E+00  0.1124E+02
   4.460  0.7724E+00  0.1125E+02
   4.480  0.8153E+00  0.1127E+02
   4.500  0.8599E+00  0.1129E+02
   4.520  0.9017E+00  0.1130E+02
   4.540  0.9383E+00  0.1132E+02
   4.560  0.9690E+00  0.1134E+02
   4.580  0.9944E+00  0.1136E+02
   4.600  0.1016E+01  0.1138E+02
   4.620  0.1034E+01  0.1140E+02
   4.640  0.1048E+01  0.1142E+02
   4.660  0.1059E+01  0.1144E+02
   4.680  0.1067E+01  0.1147E+02
   4.700  0.1071E+01  0.1149E+02
   4.720  0.1072E+01  0.1151E+02
   4.740  0.1071E+01  0.1153E+02
   4.760  0.1071E+01  0.1155E+02
   4.780  0.1070E+01  0.1157E+02
   4.800  0.1070E+01  0.1159E+02
   4.820  0.1070E+01  0.1162E+02
   4.840  0.1070E+01  0.1164E+02
   4.860  0.1069E+01  0.1166E+02
   4.880  0.1067E+01  0.1168E+02
   4.900  0.1067E+01  0.1170E+02
   4.920  0.1066E+01  0.1172E+02
   4.940  0.1067E+01  0.1174E+02
   4.960  0.1069E+01  0.1177E+02
   4.980  0.1069E+01  0.1179E+02
   5.000  0.1070E+01  0.1181E+02
   5.020  0.1069E+01  0.1183E+02
   5.040  0.1070E+01  0.1185E+02
   5.060  0.1071E+01  0.1187E+02
   5.080  0.1074E+01  0.1189E+02
   5.100  0.1079E+01  0.1192E+02
   5.120  0.1084E+01  0.1194E+02
   5.140  0.1089E+01  0.1196E+02
   5.160  0.1093E+01  0.1198E+02
   5.180  0.1096E+01  0.1200E+02
   5.200  0.1097E+01  0.1202E+02
   5.220  0.1094E+01  0.1205E+02
   5.240  0.1085E+01  0.1207E+02
   5.260  0.1067E+01  0.1209E+02
   5.280  0.1040E+01  0.1211E+02
   5.300  0.1007E+01  0.1213E+02
   5.320  0.9715E+00  0.1215E+02
   5.340  0.9394E+00  0.1217E+02
   5.360  0.9167E+00  0.1219E+02
   5.380  0.9076E+00  0.1221E+02
   5.400  0.9141E+00  0.1222E+02
   5.420  0.9350E+00  0.1224E+02
   5.440  0.9666E+00  0.1226E+02
   5.460  0.1003E+01  0.1228E+02
   5.480  0.1039E+01  0.1230E+02
   5.500  0.1068E+01  0.1232E+02
   5.520  0.1088E+01  0.1235E+02
   5.540  0.1099E+01  0.1237E+02
   5.560  0.1102E+01  0.1239E+02
   5.580  0.1099E+01  0.1241E+02
   5.600  0.1093E+01  0.1243E+02
   5.620  0.1085E+01  0.1246E+02
   5.640  0.1079E+01  0.1248E+02
   5.660  0.1076E+01  0.1250E+02
   5.680  0.1076E+01  0.1252E+02
   5.700  0.1079E+01  0.1254E+02
   5.720  0.1087E+01  0.1256E+02
   5.740  0.1101E+01  0.1259E+02
   5.760  0.1123E+01  0.1261E+02
   5.780  0.1155E+01  0.1263E+02
   5.800  0.1200E+01  0.1265E+02
   5.820  0.1257E+01  0.1268E+02
   5.840  0.1322E+01  0.1271E+02
   5.860  0.1389E+01  0.1273E+02
   5.880  0.1453E+01  0.1276E+02
   5.900  0.1506E+01  0.1279E+02
   5.920  0.1547E+01  0.1282E+02
   5.940  0.1575E+01  0.1286E+02
   5.960  0.1591E+01  0.1289E+02
   5.980  0.1599E+01  0.1292E+02
   6.000  0.1603E+01  0.1295E+02
   6.020  0.1606E+01  0.1298E+02
   6.040  0.1611E+01  0.1302E+02
   6.060  0.1618E+01  0.1305E+02
   6.080  0.1627E+01  0.1308E+02
   6.100  0.1635E+01  0.1311E+02
   6.120  0.1636E+01  0.1315E+02
   6.140  0.1624E+01  0.1318E+02
   6.160  0.1595E+01  0.1321E+02
   6.180  0.1548E+01  0.1324E+02
   6.200  0.1485E+01  0.1327E+02
   6.220  0.1412E+01  0.1330E+02
   6.240  0.1335E+01  0.1333E+02
   6.260  0.1262E+01  0.1335E+02
   6.280  0.1196E+01  0.1338E+02
   6.300  0.1141E+01  0.1340E+02
   6.320  0.1096E+01  0.1342E+02
   6.340  0.1059E+01  0.1344E+02
   6.360  0.1030E+01  0.1346E+02
   6.380  0.1006E+01  0.1348E+02
   6.400  0.9866E+00  0.1350E+02
   6.420  0.9699E+00  0.1352E+02
   6.440  0.9558E+00  0.1354E+02
   6.460  0.9440E+00  0.1356E+02
   6.480  0.9339E+00  0.1358E+02
   6.500  0.9248E+00  0.1360E+02
   6.520  0.9161E+00  0.1361E+02
   6.540  0.9075E+00  0.1363E+02
   6.560  0.8989E+00  0.1365E+02
   6.580  0.8905E+00  0.1367E+02
   6.600  0.8825E+00  0.1369E+02
   6.620  0.8751E+00  0.1370E+02
   6.640  0.8684E+00  0.1372E+02
   6.660  0.8627E+00  0.1374E+02
   6.680  0.8577E+00  0.1376E+02
   6.700  0.8529E+00  0.1377E+02
   6.720  0.8476E+00  0.1379E+02
   6.740  0.8414E+00  0.1381E+02
   6.760  0.8345E+00  0.1382E+02
   6.780  0.8280E+00  0.1384E+02
   6.800  0.8228E+00  0.1386E+02
   6.820  0.8193E+00  0.1387E+02
   6.840  0.8170E+00  0.1389E+02
   6.860  0.8144E+00  0.1390E+02
   6.880  0.8105E+00  0.1392E+02
   6.900  0.8048E+00  0.1394E+02
   6.920  0.7983E+00  0.1395E+02
   6.940  0.7926E+00  0.1397E+02
   6.960  0.7888E+00  0.1398E+02
   6.980  0.7869E+00  0.1400E+02
   7.000  0.7859E+00  0.1402E+02
   7.020  0.7842E+00  0.1403E+02
   7.040  0.7807E+00  0.1405E+02
   7.060  0.7756E+00  0.1406E+02
   7.080  0.7701E+00  0.1408E+02
   7.100  0.7655E+00  0.1409E+02
   7.120  0.7626E+00  0.1411E+02
   7.140  0.7612E+00  0.1412E+02
   7.160  0.7601E+00  0.1414E+02
   7.180  0.7583E+00  0.1415E+02
   7.200  0.7554E+00  0.1417E+02
   7.220  0.7519E+00  0.1418E+02
   7.240  0.7481E+00  0.1420E+02
   7.260  0.7448E+00  0.1421E+02
   7.280  0.7418E+00  0.1423E+02
   7.300  0.7393E+00  0.1424E+02
   7.320  0.7372E+00  0.1426E+02
   7.340  0.7355E+00  0.1427E+02
   7.360  0.7342E+00  0.1429E+02
   7.380  0.7327E+00  0.1430E+02
   7.400  0.7308E+00  0.1432E+02
   7.420  0.7279E+00  0.1433E+02
   7.440  0.7242E+00  0.1435E+02
   7.460  0.7205E+00  0.1436E+02
   7.480  0.7176E+00  0.1438E+02
   7.500  0.7161E+00  0.1439E+02
   7.520  0.7160E+00  0.1440E+02
   7.540  0.7163E+00  0.1442E+02
   7.560  0.7158E+00  0.1443E+02
   7.580  0.7135E+00  0.1445E+02
   7.600  0.7095E+00  0.1446E+02
   7.620  0.7049E+00  0.1448E+02
   7.640  0.7011E+00  0.1449E+02
   7.660  0.6995E+00  0.1450E+02
   7.680  0.7000E+00  0.1452E+02
   7.700  0.7015E+00  0.1453E+02
   7.720  0.7023E+00  0.1455E+02
   7.740  0.7008E+00  0.1456E+02
   7.760  0.6971E+00  0.1457E+02
   7.780  0.6922E+00  0.1459E+02
   7.800  0.6879E+00  0.1460E+02
   7.820  0.6859E+00  0.1461E+02
   7.840  0.6863E+00  0.1463E+02
   7.860  0.6880E+00  0.1464E+02
   7.880  0.6894E+00  0.1466E+02
   7.900  0.6890E+00  0.1467E+02
   7.920  0.6864E+00  0.1468E+02
   7.940  0.6822E+00  0.1470E+02
   7.960  0.6781E+00  0.1471E+02
   7.980  0.6754E+00  0.1472E+02
   8.000  0.6747E+00  0.1474E+02
   8.020  0.6756E+00  0.1475E+02
   8.040  0.6771E+00  0.1476E+02
   8.060  0.6779E+00  0.1478E+02
   8.080  0.6772E+00  0.1479E+02
   8.100  0.6747E+00  0.1481E+02
   8.120  0.6711E+00  0.1482E+02
   8.140  0.6676E+00  0.1483E+02
   8.160  0.6653E+00  0.1485E+02
   8.180  0.6649E+00  0.1486E+02
   8.200  0.6662E+00  0.1487E+02
   8.220  0.6682E+00  0.1489E+02
   8.240  0.6694E+00  0.1490E+02
   8.260  0.6688E+00  0.1491E+02
   8.280  0.6662E+00  0.1493E+02
   8.300  0.6624E+00  0.1494E+02
   8.320  0.6588E+00  0.1495E+02
   8.340  0.6570E+00  0.1497E+02
   8.360  0.6576E+00  0.1498E+02
   8.380  0.6599E+00  0.1499E+02
   8.400  0.6625E+00  0.1500E+02
   8.420  0.6637E+00  0.1502E+02
   8.440  0.6626E+00  0.1503E+02
   8.460  0.6594E+00  0.1504E+02
   8.480  0.6556E+00  0.1506E+02
   8.500  0.6530E+00  0.1507E+02
   8.520  0.6528E+00  0.1508E+02
   8.540  0.6551E+00  0.1510E+02
   8.560  0.6586E+00  0.1511E+02
   8.580  0.6616E+00  0.1512E+02
   8.600  0.6626E+00  0.1514E+02
   8.620  0.6610E+00  0.1515E+02
   8.640  0.6579E+00  0.1516E+02
   8.660  0.6551E+00  0.1518E+02
   8.680  0.6543E+00  0.1519E+02
   8.700  0.6561E+00  0.1520E+02
   8.720  0.6602E+00  0.1522E+02
   8.740  0.6649E+00  0.1523E+02
   8.760  0.6687E+00  0.1524E+02
   8.780  0.6705E+00  0.1526E+02
   8.800  0.6706E+00  0.1527E+02
   8.820  0.6700E+00  0.1528E+02
   8.840  0.6707E+00  0.1530E+02
   8.860  0.6742E+00  0.1531E+02
   8.880  0.6818E+00  0.1532E+02
   8.900  0.6937E+00  0.1534E+02
   8.920  0.7097E+00  0.1535E+02
   8.940  0.7290E+00  0.1537E+02
   8.960  0.7507E+00  0.1538E+02
   8.980  0.7736E+00  0.1540E+02
   9.000  0.7959E+00  0.1541E+02
   9.020  0.8150E+00  0.1543E+02
   9.040  0.8277E+00  0.1544E+02
   9.060  0.8307E+00  0.1546E+02
   9.080  0.8218E+00  0.1548E+02
   9.100  0.8010E+00  0.1549E+02
   9.120  0.7700E+00  0.1551E+02
   9.140  0.7327E+00  0.1552E+02
   9.160  0.6935E+00  0.1554E+02
   9.180  0.6565E+00  0.1555E+02
   9.200  0.6247E+00  0.1556E+02
   9.220  0.5990E+00  0.1558E+02
   9.240  0.5789E+00  0.1559E+02
   9.260  0.5623E+00  0.1560E+02
   9.280  0.5469E+00  0.1561E+02
   9.300  0.5313E+00  0.1562E+02
   9.320  0.5151E+00  0.1563E+02
   9.340  0.4996E+00  0.1564E+02
   9.360  0.4871E+00  0.1565E+02
   9.380  0.4794E+00  0.1566E+02
   9.400  0.4776E+00  0.1567E+02
   9.420  0.4809E+00  0.1568E+02
   9.440  0.4870E+00  0.1569E+02
   9.460  0.4932E+00  0.1570E+02
   9.480  0.4973E+00  0.1571E+02
   9.500  0.4982E+00  0.1572E+02
   9.520  0.4960E+00  0.1573E+02
   9.540  0.4914E+00  0.1574E+02
   9.560  0.4846E+00  0.1575E+02
   9.580  0.4751E+00  0.1576E+02
   9.600  0.4619E+00  0.1577E+02
   9.620  0.4445E+00  0.1577E+02
   9.640  0.4230E+00  0.1578E+02
   9.660  0.3992E+00  0.1579E+02
   9.680  0.3755E+00  0.1580E+02
   9.700  0.3542E+00  0.1581E+02
   9.720  0.3368E+00  0.1581E+02
   9.740  0.3231E+00  0.1582E+02
   9.760  0.3115E+00  0.1583E+02
   9.780  0.2998E+00  0.1583E+02
   9.800  0.2866E+00  0.1584E+02
   9.820  0.2715E+00  0.1584E+02
   9.840  0.2556E+00  0.1585E+02
   9.860  0.2409E+00  0.1585E+02
   9.880  0.2291E+00  0.1586E+02
   9.900  0.2209E+00  0.1586E+02
   9.920  0.2153E+00  0.1587E+02
   9.940  0.2106E+00  0.1587E+02
   9.960  0.2049E+00  0.1587E+02
   9.980  0.1975E+00  0.1588E+02
  10.000  0.1892E+00  0.1588E+02
  10.020  0.1815E+00  0.1589E+02
  10.040  0.1759E+00  0.1589E+02
  10.060  0.1730E+00  0.1589E+02
  10.080  0.1720E+00  0.1590E+02
  10.100  0.1713E+00  0.1590E+02
  10.120  0.1695E+00  0.1590E+02
  10.140  0.1660E+00  0.1591E+02
  10.160  0.1611E+00  0.1591E+02
  10.180  0.1558E+00  0.1591E+02
  10.200  0.1513E+00  0.1592E+02
  10.220  0.1479E+00  0.1592E+02
  10.240  0.1458E+00  0.1592E+02
  10.260  0.1446E+00  0.1592E+02
  10.280  0.1439E+00  0.1593E+02
  10.300  0.1428E+00  0.1593E+02
  10.320  0.1406E+00  0.1593E+02
  10.340  0.1371E+00  0.1594E+02
  10.360  0.1322E+00  0.1594E+02
  10.380  0.1269E+00  0.1594E+02
  10.400  0.1221E+00  0.1594E+02
  10.420  0.1189E+00  0.1595E+02
  10.440  0.1174E+00  0.1595E+02
  10.460  0.1169E+00  0.1595E+02
  10.480  0.1164E+00  0.1595E+02
  10.500  0.1147E+00  0.1595E+02
  10.520  0.1112E+00  0.1596E+02
  10.540  0.1066E+00  0.1596E+02
  10.560  0.1019E+00  0.1596E+02
  10.580  0.9800E-01  0.1596E+02
  10.600  0.9541E-01  0.1597E+02
  10.620  0.9389E-01  0.1597E+02
  10.640  0.9277E-01  0.1597E+02
  10.660  0.9138E-01  0.1597E+02
  10.680  0.8938E-01  0.1597E+02
  10.700  0.8679E-01  0.1597E+02
  10.720  0.8383E-01  0.1598E+02
  10.740  0.8075E-01  0.1598E+02
  10.760  0.7769E-01  0.1598E+02
  10.780  0.7478E-01  0.1598E+02
  10.800  0.7213E-01  0.1598E+02
  10.820  0.6990E-01  0.1598E+02
  10.840  0.6814E-01  0.1598E+02
  10.860  0.6670E-01  0.1599E+02
  10.880  0.6525E-01  0.1599E+02
  10.900  0.6344E-01  0.1599E+02
  10.920  0.6110E-01  0.1599E+02
  10.940  0.5837E-01  0.1599E+02
  10.960  0.5557E-01  0.1599E+02
  10.980  0.5297E-01  0.1599E+02
  11.000  0.5054E-01  0.1599E+02
  11.020  0.4797E-01  0.1600E+02
  11.040  0.4483E-01  0.1600E+02
  11.060  0.4082E-01  0.1600E+02
  11.080  0.3598E-01  0.1600E+02
  11.100  0.3060E-01  0.1600E+02
  11.120  0.2511E-01  0.1600E+02
  11.140  0.1990E-01  0.1600E+02
  11.160  0.1523E-01  0.1600E+02
  11.180  0.1120E-01  0.1600E+02
  11.200  0.7876E-02  0.1600E+02
  11.220  0.5253E-02  0.1600E+02
  11.240  0.3297E-02  0.1600E+02
  11.260  0.1934E-02  0.1600E+02
  11.280  0.1054E-02  0.1600E+02
  11.300  0.5317E-03  0.1600E+02
  11.320  0.2475E-03  0.1600E+02
  11.340  0.1061E-03  0.1600E+02
  11.360  0.4179E-04  0.1600E+02
  11.380  0.1512E-04  0.1600E+02
  11.400  0.5021E-05  0.1600E+02
  11.420  0.1529E-05  0.1600E+02
  11.440  0.4271E-06  0.1600E+02
  11.460  0.1093E-06  0.1600E+02
  11.480  0.2566E-07  0.1600E+02
  11.500  0.5517E-08  0.1600E+02
  11.520  0.1087E-08  0.1600E+02
  11.540  0.1962E-09  0.1600E+02
  11.560  0.3246E-10  0.1600E+02
  11.580  0.4918E-11  0.1600E+02
  11.600  0.6825E-12  0.1600E+02
  11.620  0.8677E-13  0.1600E+02
  11.640  0.1010E-13  0.1600E+02
  11.660  0.1078E-14  0.1600E+02
  11.680  0.1053E-15  0.1600E+02
  11.700  0.9418E-17  0.1600E+02
  11.720  0.7717E-18  0.1600E+02
  11.740  0.5791E-19  0.1600E+02
  11.760  0.3979E-20  0.1600E+02
  11.780  0.2504E-21  0.1600E+02
  11.800  0.1443E-22  0.1600E+02
  11.820  0.7616E-24  0.1600E+02
  11.840  0.3681E-25  0.1600E+02
  11.860  0.1629E-26  0.1600E+02
  11.880  0.6600E-28  0.1600E+02
  11.900  0.2449E-29  0.1600E+02
  11.920  0.8321E-31  0.1600E+02
  11.940  0.2589E-32  0.1600E+02
  11.960  0.7375E-34  0.1600E+02
  11.980  0.1924E-35  0.1600E+02
  12.000  0.4595E-37  0.1600E+02
  12.020  0.1005E-38  0.1600E+02
  12.040  0.2012E-40  0.1600E+02
  12.060  0.3689E-42  0.1600E+02
  12.080  0.6193E-44  0.1600E+02
  12.100  0.9520E-46  0.1600E+02
  12.120  0.1340E-47  0.1600E+02
  12.140  0.1727E-49  0.1600E+02
  12.160  0.2037E-51  0.1600E+02
  12.180  0.2201E-53  0.1600E+02
  12.200  0.2177E-55  0.1600E+02
  12.220  0.1972E-57  0.1600E+02
  12.240  0.1635E-59  0.1600E+02
  12.260  0.1242E-61  0.1600E+02
  12.280  0.8631E-64  0.1600E+02
  12.300  0.5494E-66  0.1600E+02
  12.320  0.3201E-68  0.1600E+02
  12.340  0.1708E-70  0.1600E+02
  12.360  0.8346E-73  0.1600E+02
  12.380  0.3733E-75  0.1600E+02
  12.400  0.1529E-77  0.1600E+02
  12.420  0.5733E-80  0.1600E+02
  12.440  0.1981E-82  0.1600E+02
  12.460  0.1930E-84  0.1600E+02
  12.480  0.1313E-84  0.1600E+02
  12.500  0.1312E-84  0.1600E+02
  12.520  0.1312E-84  0.1600E+02
  12.540  0.1312E-84  0.1600E+02
  12.560  0.1312E-84  0.1600E+02
  12.580  0.1312E-84  0.1600E+02
  12.600  0.1312E-84  0.1600E+02
  12.620  0.1312E-84  0.1600E+02
  12.640  0.1312E-84  0.1600E+02
  12.660  0.1312E-84  0.1600E+02
  12.680  0.1312E-84  0.1600E+02
  12.700  0.1312E-84  0.1600E+02
  12.720  0.1312E-84  0.1600E+02
  12.740  0.1312E-84  0.1600E+02
  12.760  0.1312E-84  0.1600E+02
  12.780  0.1312E-84  0.1600E+02
  12.800  0.1312E-84  0.1600E+02
  12.820  0.1312E-84  0.1600E+02
  12.840  0.1312E-84  0.1600E+02
  12.860  0.1312E-84  0.1600E+02
  12.880  0.1312E-84  0.1600E+02
  12.900  0.1312E-84  0.1600E+02
  12.920  0.1312E-84  0.1600E+02
  12.940  0.1312E-84  0.1600E+02
  12.960  0.1312E-84  0.1600E+02
  12.980  0.1312E-84  0.1600E+02
  13.000  0.1312E-84  0.1600E+02
  13.020  0.1312E-84  0.1600E+02
  13.040  0.1312E-84  0.1600E+02
  13.060  0.1312E-84  0.1600E+02
  13.080  0.1312E-84  0.1600E+02
  13.100  0.1312E-84  0.1600E+02
  13.120  0.1312E-84  0.1600E+02
  13.140  0.1312E-84  0.1600E+02
  13.160  0.1312E-84  0.1600E+02
  13.180  0.1312E-84  0.1600E+02
  13.200  0.1312E-84  0.1600E+02
  13.220  0.1312E-84  0.1600E+02
  13.240  0.1312E-84  0.1600E+02
  13.260  0.1312E-84  0.1600E+02
  13.280  0.1312E-84  0.1600E+02
  13.300  0.1312E-84  0.1600E+02
  13.320  0.1312E-84  0.1600E+02
  13.340  0.1312E-84  0.1600E+02
  13.360  0.1312E-84  0.1600E+02
  13.380  0.1312E-84  0.1600E+02
  13.400  0.1312E-84  0.1600E+02
  13.420  0.1312E-84  0.1600E+02
  13.440  0.1312E-84  0.1600E+02
  13.460  0.1312E-84  0.1600E+02
  13.480  0.1312E-84  0.1600E+02
  13.500  0.1312E-84  0.1600E+02
  13.520  0.1312E-84  0.1600E+02
  13.540  0.1312E-84  0.1600E+02
  13.560  0.1312E-84  0.1600E+02
  13.580  0.1312E-84  0.1600E+02
  13.600  0.1312E-84  0.1600E+02
  13.620  0.1312E-84  0.1600E+02
  13.640  0.1312E-84  0.1600E+02
  13.660  0.1312E-84  0.1600E+02
  13.680  0.1312E-84  0.1600E+02
  13.700  0.1312E-84  0.1600E+02
  13.720  0.1312E-84  0.1600E+02
  13.740  0.1312E-84  0.1600E+02
  13.760  0.1312E-84  0.1600E+02
  13.780  0.1312E-84  0.1600E+02
  13.800  0.1312E-84  0.1600E+02
  13.820  0.1312E-84  0.1600E+02
  13.840  0.1312E-84  0.1600E+02
  13.860  0.1312E-84  0.1600E+02
  13.880  0.1312E-84  0.1600E+02
  13.900  0.1312E-84  0.1600E+02
  13.920  0.1312E-84  0.1600E+02
  13.940  0.1312E-84  0.1600E+02
  13.960  0.1312E-84  0.1600E+02
  13.980  0.1312E-84  0.1600E+02
  14.000  0.1312E-84  0.1600E+02
  14.020  0.1312E-84  0.1600E+02
  14.040  0.1312E-84  0.1600E+02
  14.060  0.1312E-84  0.1600E+02
  14.080  0.1312E-84  0.1600E+02
  14.100  0.1312E-84  0.1600E+02
  14.120  0.1312E-84  0.1600E+02
  14.140  0.1312E-84  0.1600E+02
  14.160  0.1312E-84  0.1600E+02
  14.180  0.1312E-84  0.1600E+02
  14.200  0.1312E-84  0.1600E+02
  14.220  0.1312E-84  0.1600E+02
  14.240  0.1312E-84  0.1600E+02
  14.260  0.1312E-84  0.1600E+02
  14.280  0.1312E-84  0.1600E+02
  14.300  0.1312E-84  0.1600E+02
  14.320  0.1312E-84  0.1600E+02
  14.340  0.1312E-84  0.1600E+02
  14.360  0.1312E-84  0.1600E+02
  14.380  0.1312E-84  0.1600E+02
  14.400  0.1312E-84  0.1600E+02
  14.420  0.1312E-84  0.1600E+02
  14.440  0.1312E-84  0.1600E+02
  14.460  0.1312E-84  0.1600E+02
  14.480  0.1312E-84  0.1600E+02
  14.500  0.1312E-84  0.1600E+02
  14.520  0.1312E-84  0.1600E+02
  14.540  0.1312E-84  0.1600E+02
  14.560  0.1312E-84  0.1600E+02
  14.580  0.1312E-84  0.1600E+02
  14.600  0.1312E-84  0.1600E+02
  14.620  0.1312E-84  0.1600E+02
  14.640  0.1312E-84  0.1600E+02
  14.660  0.1312E-84  0.1600E+02
  14.680  0.1312E-84  0.1600E+02
  14.700  0.1312E-84  0.1600E+02
  14.720  0.1312E-84  0.1600E+02
  14.740  0.1312E-84  0.1600E+02
  14.760  0.1312E-84  0.1600E+02
  14.780  0.1312E-84  0.1600E+02
  14.800  0.1312E-84  0.1600E+02
  14.820  0.1312E-84  0.1600E+02
  14.840  0.1312E-84  0.1600E+02
  14.860  0.1312E-84  0.1600E+02
  14.880  0.1312E-84  0.1600E+02
  14.900  0.1312E-84  0.1600E+02
  14.920  0.1312E-84  0.1600E+02
  14.940  0.1312E-84  0.1600E+02
  14.960  0.1312E-84  0.1600E+02
  14.980  0.1312E-84  0.1600E+02
  15.000  0.1312E-84  0.1600E+02
