#  E (eV)   dos(E)     Int dos(E) EFermi =   -3.764 eV
 -24.000  0.3279E-84  0.6558E-86
 -23.980  0.3279E-84  0.1312E-85
 -23.960  0.3279E-84  0.1968E-85
 -23.940  0.3296E-84  0.2627E-85
 -23.920  0.1205E-83  0.5036E-85
 -23.900  0.2869E-81  0.5789E-83
 -23.880  0.8565E-79  0.1719E-80
 -23.860  0.2344E-76  0.4705E-78
 -23.840  0.5873E-74  0.1179E-75
 -23.820  0.1347E-71  0.2707E-73
 -23.800  0.2831E-69  0.5689E-71
 -23.780  0.5447E-67  0.1095E-68
 -23.760  0.9596E-65  0.1930E-66
 -23.740  0.1548E-62  0.3116E-64
 -23.720  0.2287E-60  0.4605E-62
 -23.700  0.3094E-58  0.6234E-60
 -23.680  0.3833E-56  0.7728E-58
 -23.660  0.4348E-54  0.8773E-56
 -23.640  0.4517E-52  0.9121E-54
 -23.620  0.4297E-50  0.8685E-52
 -23.600  0.3743E-48  0.7573E-50
 -23.580  0.2986E-46  0.6048E-48
 -23.560  0.2182E-44  0.4424E-46
 -23.540  0.1460E-42  0.2964E-44
 -23.520  0.8943E-41  0.1818E-42
 -23.500  0.5018E-39  0.1022E-40
 -23.480  0.2579E-37  0.5259E-39
 -23.460  0.1214E-35  0.2480E-37
 -23.440  0.5230E-34  0.1071E-35
 -23.420  0.2064E-32  0.4236E-34
 -23.400  0.7462E-31  0.1535E-32
 -23.380  0.2471E-29  0.5095E-31
 -23.360  0.7492E-28  0.1549E-29
 -23.340  0.2081E-26  0.4316E-28
 -23.320  0.5292E-25  0.1102E-26
 -23.300  0.1233E-23  0.2576E-25
 -23.280  0.2631E-22  0.5520E-24
 -23.260  0.5142E-21  0.1084E-22
 -23.240  0.9207E-20  0.1950E-21
 -23.220  0.1510E-18  0.3215E-20
 -23.200  0.2268E-17  0.4858E-19
 -23.180  0.3122E-16  0.6729E-18
 -23.160  0.3935E-15  0.8544E-17
 -23.140  0.4545E-14  0.9945E-16
 -23.120  0.4810E-13  0.1061E-14
 -23.100  0.4663E-12  0.1039E-13
 -23.080  0.4142E-11  0.9323E-13
 -23.060  0.3371E-10  0.7675E-12
 -23.040  0.2515E-09  0.5797E-11
 -23.020  0.1719E-08  0.4018E-10
 -23.000  0.1077E-07  0.2556E-09
 -22.980  0.6184E-07  0.1492E-08
 -22.960  0.3255E-06  0.8003E-08
 -22.940  0.1571E-05  0.3943E-07
 -22.920  0.6953E-05  0.1785E-06
 -22.900  0.2822E-04  0.7428E-06
 -22.880  0.1050E-03  0.2844E-05
 -22.860  0.3587E-03  0.1002E-04
 -22.840  0.1124E-02  0.3251E-04
 -22.820  0.3235E-02  0.9721E-04
 -22.800  0.8548E-02  0.2682E-03
 -22.780  0.2075E-01  0.6832E-03
 -22.760  0.4631E-01  0.1609E-02
 -22.740  0.9507E-01  0.3511E-02
 -22.720  0.1797E+00  0.7105E-02
 -22.700  0.3130E+00  0.1337E-01
 -22.680  0.5033E+00  0.2343E-01
 -22.660  0.7481E+00  0.3839E-01
 -22.640  0.1030E+01  0.5900E-01
 -22.620  0.1319E+01  0.8538E-01
 -22.600  0.1576E+01  0.1169E+00
 -22.580  0.1765E+01  0.1522E+00
 -22.560  0.1865E+01  0.1895E+00
 -22.540  0.1876E+01  0.2270E+00
 -22.520  0.1812E+01  0.2633E+00
 -22.500  0.1701E+01  0.2973E+00
 -22.480  0.1570E+01  0.3287E+00
 -22.460  0.1439E+01  0.3575E+00
 -22.440  0.1321E+01  0.3839E+00
 -22.420  0.1221E+01  0.4083E+00
 -22.400  0.1139E+01  0.4311E+00
 -22.380  0.1072E+01  0.4525E+00
 -22.360  0.1017E+01  0.4729E+00
 -22.340  0.9701E+00  0.4923E+00
 -22.320  0.9301E+00  0.5109E+00
 -22.300  0.8952E+00  0.5288E+00
 -22.280  0.8643E+00  0.5461E+00
 -22.260  0.8366E+00  0.5628E+00
 -22.240  0.8116E+00  0.5790E+00
 -22.220  0.7888E+00  0.5948E+00
 -22.200  0.7679E+00  0.6102E+00
 -22.180  0.7486E+00  0.6251E+00
 -22.160  0.7308E+00  0.6398E+00
 -22.140  0.7143E+00  0.6541E+00
 -22.120  0.6989E+00  0.6680E+00
 -22.100  0.6844E+00  0.6817E+00
 -22.080  0.6709E+00  0.6951E+00
 -22.060  0.6581E+00  0.7083E+00
 -22.040  0.6461E+00  0.7212E+00
 -22.020  0.6347E+00  0.7339E+00
 -22.000  0.6239E+00  0.7464E+00
 -21.980  0.6137E+00  0.7587E+00
 -21.960  0.6040E+00  0.7707E+00
 -21.940  0.5947E+00  0.7826E+00
 -21.920  0.5859E+00  0.7944E+00
 -21.900  0.5774E+00  0.8059E+00
 -21.880  0.5694E+00  0.8173E+00
 -21.860  0.5616E+00  0.8285E+00
 -21.840  0.5542E+00  0.8396E+00
 -21.820  0.5471E+00  0.8506E+00
 -21.800  0.5402E+00  0.8614E+00
 -21.780  0.5336E+00  0.8720E+00
 -21.760  0.5273E+00  0.8826E+00
 -21.740  0.5212E+00  0.8930E+00
 -21.720  0.5153E+00  0.9033E+00
 -21.700  0.5096E+00  0.9135E+00
 -21.680  0.5041E+00  0.9236E+00
 -21.660  0.4987E+00  0.9336E+00
 -21.640  0.4936E+00  0.9434E+00
 -21.620  0.4886E+00  0.9532E+00
 -21.600  0.4838E+00  0.9629E+00
 -21.580  0.4791E+00  0.9725E+00
 -21.560  0.4745E+00  0.9819E+00
 -21.540  0.4701E+00  0.9913E+00
 -21.520  0.4658E+00  0.1001E+01
 -21.500  0.4616E+00  0.1010E+01
 -21.480  0.4576E+00  0.1019E+01
 -21.460  0.4536E+00  0.1028E+01
 -21.440  0.4498E+00  0.1037E+01
 -21.420  0.4462E+00  0.1046E+01
 -21.400  0.4428E+00  0.1055E+01
 -21.380  0.4402E+00  0.1064E+01
 -21.360  0.4392E+00  0.1072E+01
 -21.340  0.4420E+00  0.1081E+01
 -21.320  0.4527E+00  0.1090E+01
 -21.300  0.4782E+00  0.1100E+01
 -21.280  0.5292E+00  0.1111E+01
 -21.260  0.6186E+00  0.1123E+01
 -21.240  0.7591E+00  0.1138E+01
 -21.220  0.9576E+00  0.1157E+01
 -21.200  0.1210E+01  0.1181E+01
 -21.180  0.1495E+01  0.1211E+01
 -21.160  0.1782E+01  0.1247E+01
 -21.140  0.2029E+01  0.1288E+01
 -21.120  0.2204E+01  0.1332E+01
 -21.100  0.2288E+01  0.1377E+01
 -21.080  0.2283E+01  0.1423E+01
 -21.060  0.2207E+01  0.1467E+01
 -21.040  0.2088E+01  0.1509E+01
 -21.020  0.1951E+01  0.1548E+01
 -21.000  0.1818E+01  0.1584E+01
 -20.980  0.1700E+01  0.1618E+01
 -20.960  0.1600E+01  0.1650E+01
 -20.940  0.1517E+01  0.1681E+01
 -20.920  0.1450E+01  0.1710E+01
 -20.900  0.1393E+01  0.1738E+01
 -20.880  0.1345E+01  0.1764E+01
 -20.860  0.1304E+01  0.1791E+01
 -20.840  0.1267E+01  0.1816E+01
 -20.820  0.1235E+01  0.1841E+01
 -20.800  0.1205E+01  0.1865E+01
 -20.780  0.1178E+01  0.1888E+01
 -20.760  0.1154E+01  0.1911E+01
 -20.740  0.1131E+01  0.1934E+01
 -20.720  0.1110E+01  0.1956E+01
 -20.700  0.1091E+01  0.1978E+01
 -20.680  0.1072E+01  0.1999E+01
 -20.660  0.1055E+01  0.2020E+01
 -20.640  0.1039E+01  0.2041E+01
 -20.620  0.1024E+01  0.2062E+01
 -20.600  0.1010E+01  0.2082E+01
 -20.580  0.9961E+00  0.2102E+01
 -20.560  0.9832E+00  0.2122E+01
 -20.540  0.9709E+00  0.2141E+01
 -20.520  0.9592E+00  0.2160E+01
 -20.500  0.9479E+00  0.2179E+01
 -20.480  0.9372E+00  0.2198E+01
 -20.460  0.9269E+00  0.2216E+01
 -20.440  0.9170E+00  0.2235E+01
 -20.420  0.9075E+00  0.2253E+01
 -20.400  0.8984E+00  0.2271E+01
 -20.380  0.8896E+00  0.2289E+01
 -20.360  0.8812E+00  0.2306E+01
 -20.340  0.8730E+00  0.2324E+01
 -20.320  0.8651E+00  0.2341E+01
 -20.300  0.8575E+00  0.2358E+01
 -20.280  0.8501E+00  0.2375E+01
 -20.260  0.8430E+00  0.2392E+01
 -20.240  0.8361E+00  0.2409E+01
 -20.220  0.8293E+00  0.2425E+01
 -20.200  0.8228E+00  0.2442E+01
 -20.180  0.8165E+00  0.2458E+01
 -20.160  0.8104E+00  0.2474E+01
 -20.140  0.8044E+00  0.2490E+01
 -20.120  0.7986E+00  0.2506E+01
 -20.100  0.7930E+00  0.2522E+01
 -20.080  0.7875E+00  0.2538E+01
 -20.060  0.7821E+00  0.2554E+01
 -20.040  0.7769E+00  0.2569E+01
 -20.020  0.7718E+00  0.2585E+01
 -20.000  0.7669E+00  0.2600E+01
 -19.980  0.7620E+00  0.2615E+01
 -19.960  0.7573E+00  0.2630E+01
 -19.940  0.7527E+00  0.2645E+01
 -19.920  0.7482E+00  0.2660E+01
 -19.900  0.7438E+00  0.2675E+01
 -19.880  0.7395E+00  0.2690E+01
 -19.860  0.7353E+00  0.2705E+01
 -19.840  0.7312E+00  0.2719E+01
 -19.820  0.7272E+00  0.2734E+01
 -19.800  0.7233E+00  0.2748E+01
 -19.780  0.7195E+00  0.2763E+01
 -19.760  0.7157E+00  0.2777E+01
 -19.740  0.7121E+00  0.2791E+01
 -19.720  0.7085E+00  0.2805E+01
 -19.700  0.7050E+00  0.2820E+01
 -19.680  0.7015E+00  0.2834E+01
 -19.660  0.6982E+00  0.2848E+01
 -19.640  0.6949E+00  0.2861E+01
 -19.620  0.6917E+00  0.2875E+01
 -19.600  0.6885E+00  0.2889E+01
 -19.580  0.6854E+00  0.2903E+01
 -19.560  0.6824E+00  0.2916E+01
 -19.540  0.6794E+00  0.2930E+01
 -19.520  0.6765E+00  0.2944E+01
 -19.500  0.6737E+00  0.2957E+01
 -19.480  0.6709E+00  0.2970E+01
 -19.460  0.6681E+00  0.2984E+01
 -19.440  0.6655E+00  0.2997E+01
 -19.420  0.6629E+00  0.3010E+01
 -19.400  0.6603E+00  0.3024E+01
 -19.380  0.6578E+00  0.3037E+01
 -19.360  0.6554E+00  0.3050E+01
 -19.340  0.6532E+00  0.3063E+01
 -19.320  0.6514E+00  0.3076E+01
 -19.300  0.6507E+00  0.3089E+01
 -19.280  0.6525E+00  0.3102E+01
 -19.260  0.6600E+00  0.3115E+01
 -19.240  0.6788E+00  0.3129E+01
 -19.220  0.7178E+00  0.3143E+01
 -19.200  0.7895E+00  0.3159E+01
 -19.180  0.9074E+00  0.3177E+01
 -19.160  0.1082E+01  0.3199E+01
 -19.140  0.1317E+01  0.3225E+01
 -19.120  0.1597E+01  0.3257E+01
 -19.100  0.1897E+01  0.3295E+01
 -19.080  0.2177E+01  0.3338E+01
 -19.060  0.2398E+01  0.3386E+01
 -19.040  0.2532E+01  0.3437E+01
 -19.020  0.2572E+01  0.3489E+01
 -19.000  0.2528E+01  0.3539E+01
 -18.980  0.2425E+01  0.3588E+01
 -18.960  0.2291E+01  0.3633E+01
 -18.940  0.2152E+01  0.3676E+01
 -18.920  0.2023E+01  0.3717E+01
 -18.900  0.1912E+01  0.3755E+01
 -18.880  0.1820E+01  0.3792E+01
 -18.860  0.1745E+01  0.3826E+01
 -18.840  0.1683E+01  0.3860E+01
 -18.820  0.1631E+01  0.3893E+01
 -18.800  0.1587E+01  0.3924E+01
 -18.780  0.1548E+01  0.3955E+01
 -18.760  0.1514E+01  0.3986E+01
 -18.740  0.1484E+01  0.4015E+01
 -18.720  0.1457E+01  0.4045E+01
 -18.700  0.1433E+01  0.4073E+01
 -18.680  0.1410E+01  0.4101E+01
 -18.660  0.1390E+01  0.4129E+01
 -18.640  0.1372E+01  0.4157E+01
 -18.620  0.1355E+01  0.4184E+01
 -18.600  0.1340E+01  0.4211E+01
 -18.580  0.1325E+01  0.4237E+01
 -18.560  0.1311E+01  0.4263E+01
 -18.540  0.1298E+01  0.4289E+01
 -18.520  0.1284E+01  0.4315E+01
 -18.500  0.1270E+01  0.4340E+01
 -18.480  0.1256E+01  0.4365E+01
 -18.460  0.1244E+01  0.4390E+01
 -18.440  0.1234E+01  0.4415E+01
 -18.420  0.1227E+01  0.4440E+01
 -18.400  0.1223E+01  0.4464E+01
 -18.380  0.1222E+01  0.4488E+01
 -18.360  0.1222E+01  0.4513E+01
 -18.340  0.1222E+01  0.4537E+01
 -18.320  0.1223E+01  0.4562E+01
 -18.300  0.1224E+01  0.4586E+01
 -18.280  0.1226E+01  0.4611E+01
 -18.260  0.1229E+01  0.4635E+01
 -18.240  0.1235E+01  0.4660E+01
 -18.220  0.1245E+01  0.4685E+01
 -18.200  0.1259E+01  0.4710E+01
 -18.180  0.1279E+01  0.4736E+01
 -18.160  0.1307E+01  0.4762E+01
 -18.140  0.1343E+01  0.4789E+01
 -18.120  0.1385E+01  0.4816E+01
 -18.100  0.1428E+01  0.4845E+01
 -18.080  0.1464E+01  0.4874E+01
 -18.060  0.1480E+01  0.4904E+01
 -18.040  0.1465E+01  0.4933E+01
 -18.020  0.1409E+01  0.4961E+01
 -18.000  0.1311E+01  0.4987E+01
 -17.980  0.1180E+01  0.5011E+01
 -17.960  0.1030E+01  0.5032E+01
 -17.940  0.8809E+00  0.5049E+01
 -17.920  0.7483E+00  0.5064E+01
 -17.900  0.6420E+00  0.5077E+01
 -17.880  0.5647E+00  0.5088E+01
 -17.860  0.5131E+00  0.5099E+01
 -17.840  0.4813E+00  0.5108E+01
 -17.820  0.4625E+00  0.5118E+01
 -17.800  0.4517E+00  0.5127E+01
 -17.780  0.4450E+00  0.5135E+01
 -17.760  0.4404E+00  0.5144E+01
 -17.740  0.4367E+00  0.5153E+01
 -17.720  0.4334E+00  0.5162E+01
 -17.700  0.4304E+00  0.5170E+01
 -17.680  0.4274E+00  0.5179E+01
 -17.660  0.4245E+00  0.5187E+01
 -17.640  0.4217E+00  0.5196E+01
 -17.620  0.4189E+00  0.5204E+01
 -17.600  0.4162E+00  0.5212E+01
 -17.580  0.4136E+00  0.5221E+01
 -17.560  0.4110E+00  0.5229E+01
 -17.540  0.4085E+00  0.5237E+01
 -17.520  0.4060E+00  0.5245E+01
 -17.500  0.4036E+00  0.5253E+01
 -17.480  0.4014E+00  0.5261E+01
 -17.460  0.3994E+00  0.5269E+01
 -17.440  0.3982E+00  0.5277E+01
 -17.420  0.3984E+00  0.5285E+01
 -17.400  0.4020E+00  0.5293E+01
 -17.380  0.4118E+00  0.5302E+01
 -17.360  0.4326E+00  0.5310E+01
 -17.340  0.4703E+00  0.5320E+01
 -17.320  0.5312E+00  0.5330E+01
 -17.300  0.6194E+00  0.5343E+01
 -17.280  0.7343E+00  0.5357E+01
 -17.260  0.8683E+00  0.5375E+01
 -17.240  0.1007E+01  0.5395E+01
 -17.220  0.1134E+01  0.5417E+01
 -17.200  0.1231E+01  0.5442E+01
 -17.180  0.1289E+01  0.5468E+01
 -17.160  0.1307E+01  0.5494E+01
 -17.140  0.1290E+01  0.5520E+01
 -17.120  0.1251E+01  0.5545E+01
 -17.100  0.1202E+01  0.5569E+01
 -17.080  0.1151E+01  0.5592E+01
 -17.060  0.1106E+01  0.5614E+01
 -17.040  0.1068E+01  0.5635E+01
 -17.020  0.1038E+01  0.5656E+01
 -17.000  0.1013E+01  0.5676E+01
 -16.980  0.9931E+00  0.5696E+01
 -16.960  0.9756E+00  0.5716E+01
 -16.940  0.9594E+00  0.5735E+01
 -16.920  0.9440E+00  0.5754E+01
 -16.900  0.9294E+00  0.5772E+01
 -16.880  0.9163E+00  0.5791E+01
 -16.860  0.9056E+00  0.5809E+01
 -16.840  0.8980E+00  0.5827E+01
 -16.820  0.8935E+00  0.5845E+01
 -16.800  0.8914E+00  0.5863E+01
 -16.780  0.8907E+00  0.5880E+01
 -16.760  0.8901E+00  0.5898E+01
 -16.740  0.8889E+00  0.5916E+01
 -16.720  0.8868E+00  0.5934E+01
 -16.700  0.8840E+00  0.5951E+01
 -16.680  0.8810E+00  0.5969E+01
 -16.660  0.8781E+00  0.5987E+01
 -16.640  0.8755E+00  0.6004E+01
 -16.620  0.8733E+00  0.6022E+01
 -16.600  0.8717E+00  0.6039E+01
 -16.580  0.8706E+00  0.6056E+01
 -16.560  0.8701E+00  0.6074E+01
 -16.540  0.8703E+00  0.6091E+01
 -16.520  0.8713E+00  0.6109E+01
 -16.500  0.8731E+00  0.6126E+01
 -16.480  0.8758E+00  0.6144E+01
 -16.460  0.8795E+00  0.6161E+01
 -16.440  0.8844E+00  0.6179E+01
 -16.420  0.8909E+00  0.6197E+01
 -16.400  0.8995E+00  0.6215E+01
 -16.380  0.9108E+00  0.6233E+01
 -16.360  0.9260E+00  0.6251E+01
 -16.340  0.9461E+00  0.6270E+01
 -16.320  0.9720E+00  0.6290E+01
 -16.300  0.1004E+01  0.6310E+01
 -16.280  0.1039E+01  0.6331E+01
 -16.260  0.1072E+01  0.6352E+01
 -16.240  0.1097E+01  0.6374E+01
 -16.220  0.1101E+01  0.6396E+01
 -16.200  0.1076E+01  0.6418E+01
 -16.180  0.1016E+01  0.6438E+01
 -16.160  0.9231E+00  0.6456E+01
 -16.140  0.8057E+00  0.6472E+01
 -16.120  0.6786E+00  0.6486E+01
 -16.100  0.5570E+00  0.6497E+01
 -16.080  0.4531E+00  0.6506E+01
 -16.060  0.3733E+00  0.6514E+01
 -16.040  0.3179E+00  0.6520E+01
 -16.020  0.2830E+00  0.6526E+01
 -16.000  0.2632E+00  0.6531E+01
 -15.980  0.2532E+00  0.6536E+01
 -15.960  0.2487E+00  0.6541E+01
 -15.940  0.2471E+00  0.6546E+01
 -15.920  0.2470E+00  0.6551E+01
 -15.900  0.2477E+00  0.6556E+01
 -15.880  0.2492E+00  0.6561E+01
 -15.860  0.2523E+00  0.6566E+01
 -15.840  0.2585E+00  0.6571E+01
 -15.820  0.2713E+00  0.6576E+01
 -15.800  0.2962E+00  0.6582E+01
 -15.780  0.3420E+00  0.6589E+01
 -15.760  0.4205E+00  0.6598E+01
 -15.740  0.5457E+00  0.6609E+01
 -15.720  0.7311E+00  0.6623E+01
 -15.700  0.9856E+00  0.6643E+01
 -15.680  0.1308E+01  0.6669E+01
 -15.660  0.1685E+01  0.6703E+01
 -15.640  0.2086E+01  0.6744E+01
 -15.620  0.2470E+01  0.6794E+01
 -15.600  0.2793E+01  0.6850E+01
 -15.580  0.3020E+01  0.6910E+01
 -15.560  0.3133E+01  0.6973E+01
 -15.540  0.3136E+01  0.7036E+01
 -15.520  0.3050E+01  0.7097E+01
 -15.500  0.2908E+01  0.7155E+01
 -15.480  0.2744E+01  0.7210E+01
 -15.460  0.2583E+01  0.7261E+01
 -15.440  0.2440E+01  0.7310E+01
 -15.420  0.2320E+01  0.7356E+01
 -15.400  0.2224E+01  0.7401E+01
 -15.380  0.2147E+01  0.7444E+01
 -15.360  0.2087E+01  0.7486E+01
 -15.340  0.2039E+01  0.7526E+01
 -15.320  0.2001E+01  0.7566E+01
 -15.300  0.1972E+01  0.7606E+01
 -15.280  0.1949E+01  0.7645E+01
 -15.260  0.1933E+01  0.7683E+01
 -15.240  0.1922E+01  0.7722E+01
 -15.220  0.1918E+01  0.7760E+01
 -15.200  0.1920E+01  0.7799E+01
 -15.180  0.1928E+01  0.7837E+01
 -15.160  0.1942E+01  0.7876E+01
 -15.140  0.1965E+01  0.7915E+01
 -15.120  0.2000E+01  0.7955E+01
 -15.100  0.2049E+01  0.7996E+01
 -15.080  0.2115E+01  0.8039E+01
 -15.060  0.2200E+01  0.8083E+01
 -15.040  0.2294E+01  0.8129E+01
 -15.020  0.2384E+01  0.8176E+01
 -15.000  0.2445E+01  0.8225E+01
 -14.980  0.2449E+01  0.8274E+01
 -14.960  0.2373E+01  0.8322E+01
 -14.940  0.2211E+01  0.8366E+01
 -14.920  0.1971E+01  0.8405E+01
 -14.900  0.1685E+01  0.8439E+01
 -14.880  0.1388E+01  0.8467E+01
 -14.860  0.1116E+01  0.8489E+01
 -14.840  0.8937E+00  0.8507E+01
 -14.820  0.7294E+00  0.8521E+01
 -14.800  0.6195E+00  0.8534E+01
 -14.780  0.5524E+00  0.8545E+01
 -14.760  0.5150E+00  0.8555E+01
 -14.740  0.4956E+00  0.8565E+01
 -14.720  0.4861E+00  0.8575E+01
 -14.700  0.4815E+00  0.8584E+01
 -14.680  0.4792E+00  0.8594E+01
 -14.660  0.4777E+00  0.8604E+01
 -14.640  0.4766E+00  0.8613E+01
 -14.620  0.4756E+00  0.8623E+01
 -14.600  0.4747E+00  0.8632E+01
 -14.580  0.4738E+00  0.8642E+01
 -14.560  0.4730E+00  0.8651E+01
 -14.540  0.4722E+00  0.8660E+01
 -14.520  0.4714E+00  0.8670E+01
 -14.500  0.4707E+00  0.8679E+01
 -14.480  0.4700E+00  0.8689E+01
 -14.460  0.4693E+00  0.8698E+01
 -14.440  0.4686E+00  0.8707E+01
 -14.420  0.4680E+00  0.8717E+01
 -14.400  0.4673E+00  0.8726E+01
 -14.380  0.4667E+00  0.8735E+01
 -14.360  0.4662E+00  0.8745E+01
 -14.340  0.4656E+00  0.8754E+01
 -14.320  0.4651E+00  0.8763E+01
 -14.300  0.4646E+00  0.8773E+01
 -14.280  0.4641E+00  0.8782E+01
 -14.260  0.4636E+00  0.8791E+01
 -14.240  0.4632E+00  0.8801E+01
 -14.220  0.4628E+00  0.8810E+01
 -14.200  0.4624E+00  0.8819E+01
 -14.180  0.4620E+00  0.8828E+01
 -14.160  0.4616E+00  0.8838E+01
 -14.140  0.4613E+00  0.8847E+01
 -14.120  0.4610E+00  0.8856E+01
 -14.100  0.4607E+00  0.8865E+01
 -14.080  0.4604E+00  0.8874E+01
 -14.060  0.4602E+00  0.8884E+01
 -14.040  0.4600E+00  0.8893E+01
 -14.020  0.4598E+00  0.8902E+01
 -14.000  0.4596E+00  0.8911E+01
 -13.980  0.4595E+00  0.8920E+01
 -13.960  0.4594E+00  0.8930E+01
 -13.940  0.4593E+00  0.8939E+01
 -13.920  0.4592E+00  0.8948E+01
 -13.900  0.4592E+00  0.8957E+01
 -13.880  0.4593E+00  0.8966E+01
 -13.860  0.4593E+00  0.8975E+01
 -13.840  0.4594E+00  0.8985E+01
 -13.820  0.4596E+00  0.8994E+01
 -13.800  0.4597E+00  0.9003E+01
 -13.780  0.4600E+00  0.9012E+01
 -13.760  0.4602E+00  0.9021E+01
 -13.740  0.4606E+00  0.9031E+01
 -13.720  0.4610E+00  0.9040E+01
 -13.700  0.4614E+00  0.9049E+01
 -13.680  0.4620E+00  0.9058E+01
 -13.660  0.4626E+00  0.9068E+01
 -13.640  0.4633E+00  0.9077E+01
 -13.620  0.4641E+00  0.9086E+01
 -13.600  0.4652E+00  0.9095E+01
 -13.580  0.4667E+00  0.9105E+01
 -13.560  0.4692E+00  0.9114E+01
 -13.540  0.4740E+00  0.9124E+01
 -13.520  0.4837E+00  0.9133E+01
 -13.500  0.5029E+00  0.9143E+01
 -13.480  0.5391E+00  0.9154E+01
 -13.460  0.6023E+00  0.9166E+01
 -13.440  0.7035E+00  0.9180E+01
 -13.420  0.8511E+00  0.9197E+01
 -13.400  0.1047E+01  0.9218E+01
 -13.380  0.1280E+01  0.9244E+01
 -13.360  0.1530E+01  0.9274E+01
 -13.340  0.1767E+01  0.9310E+01
 -13.320  0.1963E+01  0.9349E+01
 -13.300  0.2096E+01  0.9391E+01
 -13.280  0.2161E+01  0.9434E+01
 -13.260  0.2166E+01  0.9478E+01
 -13.240  0.2124E+01  0.9520E+01
 -13.220  0.2048E+01  0.9561E+01
 -13.200  0.1948E+01  0.9600E+01
 -13.180  0.1825E+01  0.9636E+01
 -13.160  0.1678E+01  0.9670E+01
 -13.140  0.1512E+01  0.9700E+01
 -13.120  0.1334E+01  0.9727E+01
 -13.100  0.1156E+01  0.9750E+01
 -13.080  0.9947E+00  0.9770E+01
 -13.060  0.8599E+00  0.9787E+01
 -13.040  0.7585E+00  0.9802E+01
 -13.020  0.6913E+00  0.9816E+01
 -13.000  0.6566E+00  0.9829E+01
 -12.980  0.6519E+00  0.9842E+01
 -12.960  0.6764E+00  0.9856E+01
 -12.940  0.7302E+00  0.9870E+01
 -12.920  0.8128E+00  0.9887E+01
 -12.900  0.9205E+00  0.9905E+01
 -12.880  0.1044E+01  0.9926E+01
 -12.860  0.1171E+01  0.9949E+01
 -12.840  0.1288E+01  0.9975E+01
 -12.820  0.1385E+01  0.1000E+02
 -12.800  0.1464E+01  0.1003E+02
 -12.780  0.1535E+01  0.1006E+02
 -12.760  0.1621E+01  0.1010E+02
 -12.740  0.1751E+01  0.1013E+02
 -12.720  0.1947E+01  0.1017E+02
 -12.700  0.2223E+01  0.1021E+02
 -12.680  0.2567E+01  0.1027E+02
 -12.660  0.2950E+01  0.1032E+02
 -12.640  0.3323E+01  0.1039E+02
 -12.620  0.3637E+01  0.1046E+02
 -12.600  0.3856E+01  0.1054E+02
 -12.580  0.3970E+01  0.1062E+02
 -12.560  0.3993E+01  0.1070E+02
 -12.540  0.3959E+01  0.1078E+02
 -12.520  0.3903E+01  0.1086E+02
 -12.500  0.3853E+01  0.1093E+02
 -12.480  0.3819E+01  0.1101E+02
 -12.460  0.3788E+01  0.1109E+02
 -12.440  0.3731E+01  0.1116E+02
 -12.420  0.3615E+01  0.1123E+02
 -12.400  0.3413E+01  0.1130E+02
 -12.380  0.3117E+01  0.1136E+02
 -12.360  0.2745E+01  0.1142E+02
 -12.340  0.2334E+01  0.1147E+02
 -12.320  0.1932E+01  0.1150E+02
 -12.300  0.1578E+01  0.1154E+02
 -12.280  0.1297E+01  0.1156E+02
 -12.260  0.1095E+01  0.1158E+02
 -12.240  0.9627E+00  0.1160E+02
 -12.220  0.8834E+00  0.1162E+02
 -12.200  0.8396E+00  0.1164E+02
 -12.180  0.8169E+00  0.1165E+02
 -12.160  0.8055E+00  0.1167E+02
 -12.140  0.7997E+00  0.1169E+02
 -12.120  0.7962E+00  0.1170E+02
 -12.100  0.7937E+00  0.1172E+02
 -12.080  0.7917E+00  0.1173E+02
 -12.060  0.7899E+00  0.1175E+02
 -12.040  0.7882E+00  0.1176E+02
 -12.020  0.7866E+00  0.1178E+02
 -12.000  0.7851E+00  0.1180E+02
 -11.980  0.7837E+00  0.1181E+02
 -11.960  0.7823E+00  0.1183E+02
 -11.940  0.7810E+00  0.1184E+02
 -11.920  0.7799E+00  0.1186E+02
 -11.900  0.7788E+00  0.1187E+02
 -11.880  0.7777E+00  0.1189E+02
 -11.860  0.7768E+00  0.1191E+02
 -11.840  0.7760E+00  0.1192E+02
 -11.820  0.7752E+00  0.1194E+02
 -11.800  0.7744E+00  0.1195E+02
 -11.780  0.7735E+00  0.1197E+02
 -11.760  0.7723E+00  0.1198E+02
 -11.740  0.7708E+00  0.1200E+02
 -11.720  0.7690E+00  0.1201E+02
 -11.700  0.7673E+00  0.1203E+02
 -11.680  0.7658E+00  0.1204E+02
 -11.660  0.7648E+00  0.1206E+02
 -11.640  0.7646E+00  0.1207E+02
 -11.620  0.7650E+00  0.1209E+02
 -11.600  0.7658E+00  0.1211E+02
 -11.580  0.7666E+00  0.1212E+02
 -11.560  0.7673E+00  0.1214E+02
 -11.540  0.7677E+00  0.1215E+02
 -11.520  0.7681E+00  0.1217E+02
 -11.500  0.7688E+00  0.1218E+02
 -11.480  0.7707E+00  0.1220E+02
 -11.460  0.7758E+00  0.1221E+02
 -11.440  0.7875E+00  0.1223E+02
 -11.420  0.8119E+00  0.1224E+02
 -11.400  0.8584E+00  0.1226E+02
 -11.380  0.9389E+00  0.1228E+02
 -11.360  0.1066E+01  0.1230E+02
 -11.340  0.1247E+01  0.1233E+02
 -11.320  0.1480E+01  0.1236E+02
 -11.300  0.1752E+01  0.1239E+02
 -11.280  0.2033E+01  0.1243E+02
 -11.260  0.2288E+01  0.1248E+02
 -11.240  0.2484E+01  0.1253E+02
 -11.220  0.2599E+01  0.1258E+02
 -11.200  0.2631E+01  0.1263E+02
 -11.180  0.2593E+01  0.1268E+02
 -11.160  0.2509E+01  0.1273E+02
 -11.140  0.2402E+01  0.1278E+02
 -11.120  0.2295E+01  0.1283E+02
 -11.100  0.2197E+01  0.1287E+02
 -11.080  0.2115E+01  0.1291E+02
 -11.060  0.2049E+01  0.1296E+02
 -11.040  0.1996E+01  0.1300E+02
 -11.020  0.1954E+01  0.1303E+02
 -11.000  0.1920E+01  0.1307E+02
 -10.980  0.1892E+01  0.1311E+02
 -10.960  0.1869E+01  0.1315E+02
 -10.940  0.1849E+01  0.1319E+02
 -10.920  0.1833E+01  0.1322E+02
 -10.900  0.1819E+01  0.1326E+02
 -10.880  0.1809E+01  0.1329E+02
 -10.860  0.1804E+01  0.1333E+02
 -10.840  0.1806E+01  0.1337E+02
 -10.820  0.1820E+01  0.1340E+02
 -10.800  0.1856E+01  0.1344E+02
 -10.780  0.1923E+01  0.1348E+02
 -10.760  0.2031E+01  0.1352E+02
 -10.740  0.2187E+01  0.1356E+02
 -10.720  0.2389E+01  0.1361E+02
 -10.700  0.2623E+01  0.1366E+02
 -10.680  0.2864E+01  0.1372E+02
 -10.660  0.3080E+01  0.1378E+02
 -10.640  0.3244E+01  0.1385E+02
 -10.620  0.3341E+01  0.1391E+02
 -10.600  0.3368E+01  0.1398E+02
 -10.580  0.3339E+01  0.1405E+02
 -10.560  0.3271E+01  0.1411E+02
 -10.540  0.3183E+01  0.1418E+02
 -10.520  0.3089E+01  0.1424E+02
 -10.500  0.2998E+01  0.1430E+02
 -10.480  0.2916E+01  0.1436E+02
 -10.460  0.2844E+01  0.1441E+02
 -10.440  0.2783E+01  0.1447E+02
 -10.420  0.2732E+01  0.1452E+02
 -10.400  0.2690E+01  0.1458E+02
 -10.380  0.2656E+01  0.1463E+02
 -10.360  0.2628E+01  0.1468E+02
 -10.340  0.2606E+01  0.1474E+02
 -10.320  0.2588E+01  0.1479E+02
 -10.300  0.2574E+01  0.1484E+02
 -10.280  0.2563E+01  0.1489E+02
 -10.260  0.2555E+01  0.1494E+02
 -10.240  0.2549E+01  0.1499E+02
 -10.220  0.2545E+01  0.1504E+02
 -10.200  0.2543E+01  0.1509E+02
 -10.180  0.2544E+01  0.1515E+02
 -10.160  0.2546E+01  0.1520E+02
 -10.140  0.2551E+01  0.1525E+02
 -10.120  0.2559E+01  0.1530E+02
 -10.100  0.2571E+01  0.1535E+02
 -10.080  0.2586E+01  0.1540E+02
 -10.060  0.2604E+01  0.1545E+02
 -10.040  0.2626E+01  0.1551E+02
 -10.020  0.2651E+01  0.1556E+02
 -10.000  0.2681E+01  0.1561E+02
  -9.980  0.2715E+01  0.1567E+02
  -9.960  0.2755E+01  0.1572E+02
  -9.940  0.2804E+01  0.1578E+02
  -9.920  0.2865E+01  0.1584E+02
  -9.900  0.2943E+01  0.1589E+02
  -9.880  0.3044E+01  0.1596E+02
  -9.860  0.3178E+01  0.1602E+02
  -9.840  0.3360E+01  0.1609E+02
  -9.820  0.3601E+01  0.1616E+02
  -9.800  0.3916E+01  0.1624E+02
  -9.780  0.4310E+01  0.1632E+02
  -9.760  0.4776E+01  0.1642E+02
  -9.740  0.5289E+01  0.1652E+02
  -9.720  0.5798E+01  0.1664E+02
  -9.700  0.6237E+01  0.1676E+02
  -9.680  0.6531E+01  0.1690E+02
  -9.660  0.6621E+01  0.1703E+02
  -9.640  0.6479E+01  0.1716E+02
  -9.620  0.6125E+01  0.1728E+02
  -9.600  0.5620E+01  0.1739E+02
  -9.580  0.5050E+01  0.1749E+02
  -9.560  0.4503E+01  0.1758E+02
  -9.540  0.4044E+01  0.1766E+02
  -9.520  0.3707E+01  0.1774E+02
  -9.500  0.3494E+01  0.1781E+02
  -9.480  0.3380E+01  0.1788E+02
  -9.460  0.3329E+01  0.1794E+02
  -9.440  0.3301E+01  0.1801E+02
  -9.420  0.3265E+01  0.1807E+02
  -9.400  0.3197E+01  0.1814E+02
  -9.380  0.3090E+01  0.1820E+02
  -9.360  0.2945E+01  0.1826E+02
  -9.340  0.2771E+01  0.1831E+02
  -9.320  0.2585E+01  0.1837E+02
  -9.300  0.2402E+01  0.1841E+02
  -9.280  0.2238E+01  0.1846E+02
  -9.260  0.2107E+01  0.1850E+02
  -9.240  0.2023E+01  0.1854E+02
  -9.220  0.1998E+01  0.1858E+02
  -9.200  0.2040E+01  0.1862E+02
  -9.180  0.2153E+01  0.1866E+02
  -9.160  0.2330E+01  0.1871E+02
  -9.140  0.2549E+01  0.1876E+02
  -9.120  0.2778E+01  0.1882E+02
  -9.100  0.2978E+01  0.1888E+02
  -9.080  0.3117E+01  0.1894E+02
  -9.060  0.3178E+01  0.1900E+02
  -9.040  0.3160E+01  0.1907E+02
  -9.020  0.3082E+01  0.1913E+02
  -9.000  0.2966E+01  0.1919E+02
  -8.980  0.2836E+01  0.1924E+02
  -8.960  0.2712E+01  0.1930E+02
  -8.940  0.2603E+01  0.1935E+02
  -8.920  0.2511E+01  0.1940E+02
  -8.900  0.2437E+01  0.1945E+02
  -8.880  0.2378E+01  0.1950E+02
  -8.860  0.2329E+01  0.1954E+02
  -8.840  0.2290E+01  0.1959E+02
  -8.820  0.2257E+01  0.1963E+02
  -8.800  0.2230E+01  0.1968E+02
  -8.780  0.2208E+01  0.1972E+02
  -8.760  0.2189E+01  0.1977E+02
  -8.740  0.2174E+01  0.1981E+02
  -8.720  0.2162E+01  0.1985E+02
  -8.700  0.2153E+01  0.1990E+02
  -8.680  0.2147E+01  0.1994E+02
  -8.660  0.2144E+01  0.1998E+02
  -8.640  0.2144E+01  0.2003E+02
  -8.620  0.2147E+01  0.2007E+02
  -8.600  0.2155E+01  0.2011E+02
  -8.580  0.2167E+01  0.2015E+02
  -8.560  0.2184E+01  0.2020E+02
  -8.540  0.2208E+01  0.2024E+02
  -8.520  0.2241E+01  0.2029E+02
  -8.500  0.2283E+01  0.2033E+02
  -8.480  0.2333E+01  0.2038E+02
  -8.460  0.2386E+01  0.2043E+02
  -8.440  0.2436E+01  0.2048E+02
  -8.420  0.2469E+01  0.2053E+02
  -8.400  0.2475E+01  0.2057E+02
  -8.380  0.2442E+01  0.2062E+02
  -8.360  0.2370E+01  0.2067E+02
  -8.340  0.2262E+01  0.2072E+02
  -8.320  0.2133E+01  0.2076E+02
  -8.300  0.2001E+01  0.2080E+02
  -8.280  0.1882E+01  0.2084E+02
  -8.260  0.1786E+01  0.2087E+02
  -8.240  0.1717E+01  0.2091E+02
  -8.220  0.1672E+01  0.2094E+02
  -8.200  0.1648E+01  0.2097E+02
  -8.180  0.1637E+01  0.2101E+02
  -8.160  0.1635E+01  0.2104E+02
  -8.140  0.1637E+01  0.2107E+02
  -8.120  0.1643E+01  0.2110E+02
  -8.100  0.1650E+01  0.2114E+02
  -8.080  0.1659E+01  0.2117E+02
  -8.060  0.1669E+01  0.2120E+02
  -8.040  0.1681E+01  0.2124E+02
  -8.020  0.1693E+01  0.2127E+02
  -8.000  0.1707E+01  0.2131E+02
  -7.980  0.1723E+01  0.2134E+02
  -7.960  0.1740E+01  0.2137E+02
  -7.940  0.1760E+01  0.2141E+02
  -7.920  0.1781E+01  0.2145E+02
  -7.900  0.1806E+01  0.2148E+02
  -7.880  0.1834E+01  0.2152E+02
  -7.860  0.1865E+01  0.2156E+02
  -7.840  0.1902E+01  0.2159E+02
  -7.820  0.1945E+01  0.2163E+02
  -7.800  0.1997E+01  0.2167E+02
  -7.780  0.2060E+01  0.2171E+02
  -7.760  0.2140E+01  0.2176E+02
  -7.740  0.2239E+01  0.2180E+02
  -7.720  0.2364E+01  0.2185E+02
  -7.700  0.2515E+01  0.2190E+02
  -7.680  0.2686E+01  0.2195E+02
  -7.660  0.2861E+01  0.2201E+02
  -7.640  0.3014E+01  0.2207E+02
  -7.620  0.3109E+01  0.2213E+02
  -7.600  0.3115E+01  0.2219E+02
  -7.580  0.3012E+01  0.2225E+02
  -7.560  0.2805E+01  0.2231E+02
  -7.540  0.2519E+01  0.2236E+02
  -7.520  0.2199E+01  0.2241E+02
  -7.500  0.1890E+01  0.2244E+02
  -7.480  0.1628E+01  0.2248E+02
  -7.460  0.1430E+01  0.2250E+02
  -7.440  0.1299E+01  0.2253E+02
  -7.420  0.1223E+01  0.2255E+02
  -7.400  0.1189E+01  0.2258E+02
  -7.380  0.1183E+01  0.2260E+02
  -7.360  0.1196E+01  0.2263E+02
  -7.340  0.1222E+01  0.2265E+02
  -7.320  0.1259E+01  0.2268E+02
  -7.300  0.1308E+01  0.2270E+02
  -7.280  0.1370E+01  0.2273E+02
  -7.260  0.1446E+01  0.2276E+02
  -7.240  0.1538E+01  0.2279E+02
  -7.220  0.1645E+01  0.2282E+02
  -7.200  0.1766E+01  0.2286E+02
  -7.180  0.1898E+01  0.2289E+02
  -7.160  0.2039E+01  0.2294E+02
  -7.140  0.2183E+01  0.2298E+02
  -7.120  0.2319E+01  0.2303E+02
  -7.100  0.2431E+01  0.2307E+02
  -7.080  0.2505E+01  0.2312E+02
  -7.060  0.2525E+01  0.2318E+02
  -7.040  0.2490E+01  0.2322E+02
  -7.020  0.2404E+01  0.2327E+02
  -7.000  0.2285E+01  0.2332E+02
  -6.980  0.2150E+01  0.2336E+02
  -6.960  0.2017E+01  0.2340E+02
  -6.940  0.1896E+01  0.2344E+02
  -6.920  0.1794E+01  0.2348E+02
  -6.900  0.1709E+01  0.2351E+02
  -6.880  0.1641E+01  0.2354E+02
  -6.860  0.1585E+01  0.2357E+02
  -6.840  0.1539E+01  0.2361E+02
  -6.820  0.1500E+01  0.2364E+02
  -6.800  0.1467E+01  0.2366E+02
  -6.780  0.1437E+01  0.2369E+02
  -6.760  0.1412E+01  0.2372E+02
  -6.740  0.1389E+01  0.2375E+02
  -6.720  0.1368E+01  0.2378E+02
  -6.700  0.1350E+01  0.2380E+02
  -6.680  0.1333E+01  0.2383E+02
  -6.660  0.1318E+01  0.2386E+02
  -6.640  0.1304E+01  0.2388E+02
  -6.620  0.1292E+01  0.2391E+02
  -6.600  0.1281E+01  0.2393E+02
  -6.580  0.1271E+01  0.2396E+02
  -6.560  0.1261E+01  0.2398E+02
  -6.540  0.1253E+01  0.2401E+02
  -6.520  0.1246E+01  0.2403E+02
  -6.500  0.1240E+01  0.2406E+02
  -6.480  0.1234E+01  0.2408E+02
  -6.460  0.1230E+01  0.2411E+02
  -6.440  0.1226E+01  0.2413E+02
  -6.420  0.1223E+01  0.2416E+02
  -6.400  0.1222E+01  0.2418E+02
  -6.380  0.1221E+01  0.2421E+02
  -6.360  0.1221E+01  0.2423E+02
  -6.340  0.1222E+01  0.2426E+02
  -6.320  0.1224E+01  0.2428E+02
  -6.300  0.1227E+01  0.2430E+02
  -6.280  0.1231E+01  0.2433E+02
  -6.260  0.1235E+01  0.2435E+02
  -6.240  0.1240E+01  0.2438E+02
  -6.220  0.1246E+01  0.2440E+02
  -6.200  0.1254E+01  0.2443E+02
  -6.180  0.1265E+01  0.2445E+02
  -6.160  0.1282E+01  0.2448E+02
  -6.140  0.1305E+01  0.2451E+02
  -6.120  0.1334E+01  0.2453E+02
  -6.100  0.1372E+01  0.2456E+02
  -6.080  0.1419E+01  0.2459E+02
  -6.060  0.1477E+01  0.2462E+02
  -6.040  0.1547E+01  0.2465E+02
  -6.020  0.1627E+01  0.2468E+02
  -6.000  0.1710E+01  0.2472E+02
  -5.980  0.1784E+01  0.2475E+02
  -5.960  0.1831E+01  0.2479E+02
  -5.940  0.1831E+01  0.2482E+02
  -5.920  0.1770E+01  0.2486E+02
  -5.900  0.1643E+01  0.2489E+02
  -5.880  0.1462E+01  0.2492E+02
  -5.860  0.1249E+01  0.2495E+02
  -5.840  0.1032E+01  0.2497E+02
  -5.820  0.8355E+00  0.2498E+02
  -5.800  0.6768E+00  0.2500E+02
  -5.780  0.5608E+00  0.2501E+02
  -5.760  0.4837E+00  0.2502E+02
  -5.740  0.4366E+00  0.2503E+02
  -5.720  0.4099E+00  0.2504E+02
  -5.700  0.3956E+00  0.2504E+02
  -5.680  0.3878E+00  0.2505E+02
  -5.660  0.3833E+00  0.2506E+02
  -5.640  0.3802E+00  0.2507E+02
  -5.620  0.3777E+00  0.2507E+02
  -5.600  0.3755E+00  0.2508E+02
  -5.580  0.3733E+00  0.2509E+02
  -5.560  0.3713E+00  0.2510E+02
  -5.540  0.3693E+00  0.2510E+02
  -5.520  0.3673E+00  0.2511E+02
  -5.500  0.3654E+00  0.2512E+02
  -5.480  0.3636E+00  0.2513E+02
  -5.460  0.3618E+00  0.2513E+02
  -5.440  0.3600E+00  0.2514E+02
  -5.420  0.3583E+00  0.2515E+02
  -5.400  0.3567E+00  0.2515E+02
  -5.380  0.3550E+00  0.2516E+02
  -5.360  0.3535E+00  0.2517E+02
  -5.340  0.3519E+00  0.2518E+02
  -5.320  0.3504E+00  0.2518E+02
  -5.300  0.3490E+00  0.2519E+02
  -5.280  0.3475E+00  0.2520E+02
  -5.260  0.3462E+00  0.2520E+02
  -5.240  0.3448E+00  0.2521E+02
  -5.220  0.3435E+00  0.2522E+02
  -5.200  0.3422E+00  0.2522E+02
  -5.180  0.3410E+00  0.2523E+02
  -5.160  0.3398E+00  0.2524E+02
  -5.140  0.3387E+00  0.2524E+02
  -5.120  0.3375E+00  0.2525E+02
  -5.100  0.3365E+00  0.2526E+02
  -5.080  0.3354E+00  0.2526E+02
  -5.060  0.3344E+00  0.2527E+02
  -5.040  0.3334E+00  0.2528E+02
  -5.020  0.3325E+00  0.2528E+02
  -5.000  0.3316E+00  0.2529E+02
  -4.980  0.3307E+00  0.2530E+02
  -4.960  0.3299E+00  0.2530E+02
  -4.940  0.3291E+00  0.2531E+02
  -4.920  0.3284E+00  0.2532E+02
  -4.900  0.3277E+00  0.2532E+02
  -4.880  0.3270E+00  0.2533E+02
  -4.860  0.3264E+00  0.2534E+02
  -4.840  0.3258E+00  0.2534E+02
  -4.820  0.3252E+00  0.2535E+02
  -4.800  0.3247E+00  0.2536E+02
  -4.780  0.3243E+00  0.2536E+02
  -4.760  0.3239E+00  0.2537E+02
  -4.740  0.3235E+00  0.2538E+02
  -4.720  0.3232E+00  0.2538E+02
  -4.700  0.3229E+00  0.2539E+02
  -4.680  0.3226E+00  0.2540E+02
  -4.660  0.3225E+00  0.2540E+02
  -4.640  0.3223E+00  0.2541E+02
  -4.620  0.3223E+00  0.2542E+02
  -4.600  0.3222E+00  0.2542E+02
  -4.580  0.3223E+00  0.2543E+02
  -4.560  0.3224E+00  0.2543E+02
  -4.540  0.3226E+00  0.2544E+02
  -4.520  0.3228E+00  0.2545E+02
  -4.500  0.3231E+00  0.2545E+02
  -4.480  0.3235E+00  0.2546E+02
  -4.460  0.3240E+00  0.2547E+02
  -4.440  0.3245E+00  0.2547E+02
  -4.420  0.3251E+00  0.2548E+02
  -4.400  0.3259E+00  0.2549E+02
  -4.380  0.3267E+00  0.2549E+02
  -4.360  0.3277E+00  0.2550E+02
  -4.340  0.3287E+00  0.2551E+02
  -4.320  0.3299E+00  0.2551E+02
  -4.300  0.3313E+00  0.2552E+02
  -4.280  0.3327E+00  0.2553E+02
  -4.260  0.3344E+00  0.2553E+02
  -4.240  0.3362E+00  0.2554E+02
  -4.220  0.3382E+00  0.2555E+02
  -4.200  0.3404E+00  0.2555E+02
  -4.180  0.3429E+00  0.2556E+02
  -4.160  0.3456E+00  0.2557E+02
  -4.140  0.3489E+00  0.2557E+02
  -4.120  0.3528E+00  0.2558E+02
  -4.100  0.3583E+00  0.2559E+02
  -4.080  0.3669E+00  0.2560E+02
  -4.060  0.3818E+00  0.2560E+02
  -4.040  0.4084E+00  0.2561E+02
  -4.020  0.4551E+00  0.2562E+02
  -4.000  0.5324E+00  0.2563E+02
  -3.980  0.6512E+00  0.2564E+02
  -3.960  0.8185E+00  0.2566E+02
  -3.940  0.1033E+01  0.2568E+02
  -3.920  0.1282E+01  0.2571E+02
  -3.900  0.1541E+01  0.2574E+02
  -3.880  0.1781E+01  0.2577E+02
  -3.860  0.1975E+01  0.2581E+02
  -3.840  0.2111E+01  0.2585E+02
  -3.820  0.2190E+01  0.2590E+02
  -3.800  0.2226E+01  0.2594E+02
  -3.780  0.2237E+01  0.2599E+02
  -3.760  0.2236E+01  0.2603E+02
  -3.740  0.2224E+01  0.2608E+02
  -3.720  0.2190E+01  0.2612E+02
  -3.700  0.2116E+01  0.2616E+02
  -3.680  0.1986E+01  0.2620E+02
  -3.660  0.1796E+01  0.2624E+02
  -3.640  0.1560E+01  0.2627E+02
  -3.620  0.1301E+01  0.2630E+02
  -3.600  0.1048E+01  0.2632E+02
  -3.580  0.8271E+00  0.2633E+02
  -3.560  0.6525E+00  0.2635E+02
  -3.540  0.5269E+00  0.2636E+02
  -3.520  0.4440E+00  0.2637E+02
  -3.500  0.3934E+00  0.2637E+02
  -3.480  0.3641E+00  0.2638E+02
  -3.460  0.3476E+00  0.2639E+02
  -3.440  0.3380E+00  0.2639E+02
  -3.420  0.3318E+00  0.2640E+02
  -3.400  0.3273E+00  0.2641E+02
  -3.380  0.3237E+00  0.2641E+02
  -3.360  0.3205E+00  0.2642E+02
  -3.340  0.3177E+00  0.2643E+02
  -3.320  0.3151E+00  0.2643E+02
  -3.300  0.3128E+00  0.2644E+02
  -3.280  0.3106E+00  0.2645E+02
  -3.260  0.3087E+00  0.2645E+02
  -3.240  0.3069E+00  0.2646E+02
  -3.220  0.3053E+00  0.2646E+02
  -3.200  0.3038E+00  0.2647E+02
  -3.180  0.3024E+00  0.2648E+02
  -3.160  0.3012E+00  0.2648E+02
  -3.140  0.3001E+00  0.2649E+02
  -3.120  0.2991E+00  0.2649E+02
  -3.100  0.2982E+00  0.2650E+02
  -3.080  0.2975E+00  0.2651E+02
  -3.060  0.2968E+00  0.2651E+02
  -3.040  0.2962E+00  0.2652E+02
  -3.020  0.2957E+00  0.2652E+02
  -3.000  0.2952E+00  0.2653E+02
  -2.980  0.2949E+00  0.2654E+02
  -2.960  0.2946E+00  0.2654E+02
  -2.940  0.2944E+00  0.2655E+02
  -2.920  0.2943E+00  0.2655E+02
  -2.900  0.2942E+00  0.2656E+02
  -2.880  0.2942E+00  0.2657E+02
  -2.860  0.2943E+00  0.2657E+02
  -2.840  0.2944E+00  0.2658E+02
  -2.820  0.2946E+00  0.2658E+02
  -2.800  0.2948E+00  0.2659E+02
  -2.780  0.2951E+00  0.2659E+02
  -2.760  0.2955E+00  0.2660E+02
  -2.740  0.2959E+00  0.2661E+02
  -2.720  0.2964E+00  0.2661E+02
  -2.700  0.2970E+00  0.2662E+02
  -2.680  0.2976E+00  0.2662E+02
  -2.660  0.2982E+00  0.2663E+02
  -2.640  0.2990E+00  0.2664E+02
  -2.620  0.2997E+00  0.2664E+02
  -2.600  0.3006E+00  0.2665E+02
  -2.580  0.3015E+00  0.2665E+02
  -2.560  0.3024E+00  0.2666E+02
  -2.540  0.3034E+00  0.2667E+02
  -2.520  0.3045E+00  0.2667E+02
  -2.500  0.3056E+00  0.2668E+02
  -2.480  0.3068E+00  0.2668E+02
  -2.460  0.3081E+00  0.2669E+02
  -2.440  0.3094E+00  0.2670E+02
  -2.420  0.3108E+00  0.2670E+02
  -2.400  0.3123E+00  0.2671E+02
  -2.380  0.3138E+00  0.2672E+02
  -2.360  0.3154E+00  0.2672E+02
  -2.340  0.3171E+00  0.2673E+02
  -2.320  0.3188E+00  0.2673E+02
  -2.300  0.3206E+00  0.2674E+02
  -2.280  0.3226E+00  0.2675E+02
  -2.260  0.3245E+00  0.2675E+02
  -2.240  0.3266E+00  0.2676E+02
  -2.220  0.3288E+00  0.2677E+02
  -2.200  0.3310E+00  0.2677E+02
  -2.180  0.3334E+00  0.2678E+02
  -2.160  0.3359E+00  0.2679E+02
  -2.140  0.3384E+00  0.2679E+02
  -2.120  0.3411E+00  0.2680E+02
  -2.100  0.3439E+00  0.2681E+02
  -2.080  0.3468E+00  0.2681E+02
  -2.060  0.3498E+00  0.2682E+02
  -2.040  0.3530E+00  0.2683E+02
  -2.020  0.3563E+00  0.2684E+02
  -2.000  0.3597E+00  0.2684E+02
  -1.980  0.3633E+00  0.2685E+02
  -1.960  0.3671E+00  0.2686E+02
  -1.940  0.3710E+00  0.2687E+02
  -1.920  0.3751E+00  0.2687E+02
  -1.900  0.3795E+00  0.2688E+02
  -1.880  0.3841E+00  0.2689E+02
  -1.860  0.3891E+00  0.2690E+02
  -1.840  0.3950E+00  0.2690E+02
  -1.820  0.4025E+00  0.2691E+02
  -1.800  0.4136E+00  0.2692E+02
  -1.780  0.4315E+00  0.2693E+02
  -1.760  0.4619E+00  0.2694E+02
  -1.740  0.5123E+00  0.2695E+02
  -1.720  0.5914E+00  0.2696E+02
  -1.700  0.7066E+00  0.2697E+02
  -1.680  0.8601E+00  0.2699E+02
  -1.660  0.1045E+01  0.2701E+02
  -1.640  0.1246E+01  0.2704E+02
  -1.620  0.1439E+01  0.2707E+02
  -1.600  0.1598E+01  0.2710E+02
  -1.580  0.1707E+01  0.2713E+02
  -1.560  0.1757E+01  0.2717E+02
  -1.540  0.1754E+01  0.2720E+02
  -1.520  0.1714E+01  0.2724E+02
  -1.500  0.1653E+01  0.2727E+02
  -1.480  0.1588E+01  0.2730E+02
  -1.460  0.1529E+01  0.2733E+02
  -1.440  0.1482E+01  0.2736E+02
  -1.420  0.1447E+01  0.2739E+02
  -1.400  0.1422E+01  0.2742E+02
  -1.380  0.1406E+01  0.2745E+02
  -1.360  0.1398E+01  0.2747E+02
  -1.340  0.1397E+01  0.2750E+02
  -1.320  0.1406E+01  0.2753E+02
  -1.300  0.1424E+01  0.2756E+02
  -1.280  0.1452E+01  0.2759E+02
  -1.260  0.1493E+01  0.2762E+02
  -1.240  0.1548E+01  0.2765E+02
  -1.220  0.1620E+01  0.2768E+02
  -1.200  0.1716E+01  0.2772E+02
  -1.180  0.1849E+01  0.2775E+02
  -1.160  0.2032E+01  0.2779E+02
  -1.140  0.2280E+01  0.2784E+02
  -1.120  0.2599E+01  0.2789E+02
  -1.100  0.2980E+01  0.2795E+02
  -1.080  0.3387E+01  0.2802E+02
  -1.060  0.3757E+01  0.2809E+02
  -1.040  0.4010E+01  0.2817E+02
  -1.020  0.4075E+01  0.2826E+02
  -1.000  0.3914E+01  0.2833E+02
  -0.980  0.3538E+01  0.2840E+02
  -0.960  0.3009E+01  0.2846E+02
  -0.940  0.2417E+01  0.2851E+02
  -0.920  0.1854E+01  0.2855E+02
  -0.900  0.1382E+01  0.2858E+02
  -0.880  0.1030E+01  0.2860E+02
  -0.860  0.7939E+00  0.2861E+02
  -0.840  0.6505E+00  0.2863E+02
  -0.820  0.5711E+00  0.2864E+02
  -0.800  0.5305E+00  0.2865E+02
  -0.780  0.5109E+00  0.2866E+02
  -0.760  0.5015E+00  0.2867E+02
  -0.740  0.4966E+00  0.2868E+02
  -0.720  0.4936E+00  0.2869E+02
  -0.700  0.4913E+00  0.2870E+02
  -0.680  0.4893E+00  0.2871E+02
  -0.660  0.4877E+00  0.2872E+02
  -0.640  0.4866E+00  0.2873E+02
  -0.620  0.4867E+00  0.2874E+02
  -0.600  0.4897E+00  0.2875E+02
  -0.580  0.4987E+00  0.2876E+02
  -0.560  0.5196E+00  0.2877E+02
  -0.540  0.5622E+00  0.2878E+02
  -0.520  0.6397E+00  0.2879E+02
  -0.500  0.7680E+00  0.2881E+02
  -0.480  0.9622E+00  0.2883E+02
  -0.460  0.1231E+01  0.2885E+02
  -0.440  0.1573E+01  0.2888E+02
  -0.420  0.1971E+01  0.2892E+02
  -0.400  0.2395E+01  0.2897E+02
  -0.380  0.2807E+01  0.2903E+02
  -0.360  0.3164E+01  0.2909E+02
  -0.340  0.3432E+01  0.2916E+02
  -0.320  0.3591E+01  0.2923E+02
  -0.300  0.3635E+01  0.2930E+02
  -0.280  0.3577E+01  0.2937E+02
  -0.260  0.3442E+01  0.2944E+02
  -0.240  0.3261E+01  0.2951E+02
  -0.220  0.3063E+01  0.2957E+02
  -0.200  0.2870E+01  0.2963E+02
  -0.180  0.2698E+01  0.2968E+02
  -0.160  0.2551E+01  0.2973E+02
  -0.140  0.2431E+01  0.2978E+02
  -0.120  0.2337E+01  0.2983E+02
  -0.100  0.2271E+01  0.2987E+02
  -0.080  0.2239E+01  0.2992E+02
  -0.060  0.2254E+01  0.2996E+02
  -0.040  0.2334E+01  0.3001E+02
  -0.020  0.2502E+01  0.3006E+02
  -0.000  0.2779E+01  0.3012E+02
   0.020  0.3178E+01  0.3018E+02
   0.040  0.3696E+01  0.3025E+02
   0.060  0.4307E+01  0.3034E+02
   0.080  0.4967E+01  0.3044E+02
   0.100  0.5618E+01  0.3055E+02
   0.120  0.6199E+01  0.3067E+02
   0.140  0.6664E+01  0.3081E+02
   0.160  0.6987E+01  0.3095E+02
   0.180  0.7164E+01  0.3109E+02
   0.200  0.7208E+01  0.3123E+02
   0.220  0.7139E+01  0.3138E+02
   0.240  0.6981E+01  0.3152E+02
   0.260  0.6755E+01  0.3165E+02
   0.280  0.6484E+01  0.3178E+02
   0.300  0.6189E+01  0.3191E+02
   0.320  0.5891E+01  0.3202E+02
   0.340  0.5608E+01  0.3214E+02
   0.360  0.5352E+01  0.3224E+02
   0.380  0.5127E+01  0.3235E+02
   0.400  0.4934E+01  0.3244E+02
   0.420  0.4769E+01  0.3254E+02
   0.440  0.4626E+01  0.3263E+02
   0.460  0.4502E+01  0.3272E+02
   0.480  0.4393E+01  0.3281E+02
   0.500  0.4296E+01  0.3290E+02
   0.520  0.4209E+01  0.3298E+02
   0.540  0.4129E+01  0.3306E+02
   0.560  0.4057E+01  0.3314E+02
   0.580  0.3991E+01  0.3322E+02
   0.600  0.3930E+01  0.3330E+02
   0.620  0.3874E+01  0.3338E+02
   0.640  0.3822E+01  0.3346E+02
   0.660  0.3775E+01  0.3353E+02
   0.680  0.3732E+01  0.3361E+02
   0.700  0.3692E+01  0.3368E+02
   0.720  0.3656E+01  0.3375E+02
   0.740  0.3624E+01  0.3383E+02
   0.760  0.3595E+01  0.3390E+02
   0.780  0.3571E+01  0.3397E+02
   0.800  0.3552E+01  0.3404E+02
   0.820  0.3538E+01  0.3411E+02
   0.840  0.3531E+01  0.3418E+02
   0.860  0.3532E+01  0.3425E+02
   0.880  0.3543E+01  0.3432E+02
   0.900  0.3566E+01  0.3439E+02
   0.920  0.3600E+01  0.3447E+02
   0.940  0.3641E+01  0.3454E+02
   0.960  0.3680E+01  0.3461E+02
   0.980  0.3704E+01  0.3469E+02
   1.000  0.3694E+01  0.3476E+02
   1.020  0.3636E+01  0.3483E+02
   1.040  0.3521E+01  0.3490E+02
   1.060  0.3352E+01  0.3497E+02
   1.080  0.3146E+01  0.3503E+02
   1.100  0.2925E+01  0.3509E+02
   1.120  0.2716E+01  0.3515E+02
   1.140  0.2537E+01  0.3520E+02
   1.160  0.2397E+01  0.3525E+02
   1.180  0.2296E+01  0.3529E+02
   1.200  0.2228E+01  0.3534E+02
   1.220  0.2182E+01  0.3538E+02
   1.240  0.2152E+01  0.3542E+02
   1.260  0.2131E+01  0.3546E+02
   1.280  0.2114E+01  0.3551E+02
   1.300  0.2100E+01  0.3555E+02
   1.320  0.2086E+01  0.3559E+02
   1.340  0.2074E+01  0.3563E+02
   1.360  0.2062E+01  0.3567E+02
   1.380  0.2050E+01  0.3571E+02
   1.400  0.2038E+01  0.3576E+02
   1.420  0.2027E+01  0.3580E+02
   1.440  0.2016E+01  0.3584E+02
   1.460  0.2005E+01  0.3588E+02
   1.480  0.1995E+01  0.3592E+02
   1.500  0.1985E+01  0.3596E+02
   1.520  0.1976E+01  0.3600E+02
   1.540  0.1968E+01  0.3603E+02
   1.560  0.1960E+01  0.3607E+02
   1.580  0.1953E+01  0.3611E+02
   1.600  0.1947E+01  0.3615E+02
   1.620  0.1942E+01  0.3619E+02
   1.640  0.1937E+01  0.3623E+02
   1.660  0.1932E+01  0.3627E+02
   1.680  0.1927E+01  0.3631E+02
   1.700  0.1920E+01  0.3635E+02
   1.720  0.1914E+01  0.3638E+02
   1.740  0.1906E+01  0.3642E+02
   1.760  0.1899E+01  0.3646E+02
   1.780  0.1891E+01  0.3650E+02
   1.800  0.1883E+01  0.3654E+02
   1.820  0.1875E+01  0.3657E+02
   1.840  0.1868E+01  0.3661E+02
   1.860  0.1860E+01  0.3665E+02
   1.880  0.1853E+01  0.3668E+02
   1.900  0.1847E+01  0.3672E+02
   1.920  0.1840E+01  0.3676E+02
   1.940  0.1834E+01  0.3679E+02
   1.960  0.1828E+01  0.3683E+02
   1.980  0.1823E+01  0.3687E+02
   2.000  0.1817E+01  0.3690E+02
   2.020  0.1812E+01  0.3694E+02
   2.040  0.1807E+01  0.3698E+02
   2.060  0.1803E+01  0.3701E+02
   2.080  0.1798E+01  0.3705E+02
   2.100  0.1794E+01  0.3708E+02
   2.120  0.1790E+01  0.3712E+02
   2.140  0.1787E+01  0.3716E+02
   2.160  0.1783E+01  0.3719E+02
   2.180  0.1780E+01  0.3723E+02
   2.200  0.1777E+01  0.3726E+02
   2.220  0.1774E+01  0.3730E+02
   2.240  0.1770E+01  0.3733E+02
   2.260  0.1764E+01  0.3737E+02
   2.280  0.1754E+01  0.3740E+02
   2.300  0.1739E+01  0.3744E+02
   2.320  0.1715E+01  0.3747E+02
   2.340  0.1682E+01  0.3751E+02
   2.360  0.1637E+01  0.3754E+02
   2.380  0.1583E+01  0.3757E+02
   2.400  0.1523E+01  0.3760E+02
   2.420  0.1462E+01  0.3763E+02
   2.440  0.1404E+01  0.3766E+02
   2.460  0.1355E+01  0.3769E+02
   2.480  0.1316E+01  0.3771E+02
   2.500  0.1287E+01  0.3774E+02
   2.520  0.1268E+01  0.3776E+02
   2.540  0.1255E+01  0.3779E+02
   2.560  0.1247E+01  0.3781E+02
   2.580  0.1243E+01  0.3784E+02
   2.600  0.1239E+01  0.3786E+02
   2.620  0.1237E+01  0.3789E+02
   2.640  0.1234E+01  0.3791E+02
   2.660  0.1232E+01  0.3794E+02
   2.680  0.1230E+01  0.3796E+02
   2.700  0.1227E+01  0.3799E+02
   2.720  0.1225E+01  0.3801E+02
   2.740  0.1223E+01  0.3804E+02
   2.760  0.1220E+01  0.3806E+02
   2.780  0.1217E+01  0.3808E+02
   2.800  0.1214E+01  0.3811E+02
   2.820  0.1212E+01  0.3813E+02
   2.840  0.1209E+01  0.3816E+02
   2.860  0.1206E+01  0.3818E+02
   2.880  0.1202E+01  0.3820E+02
   2.900  0.1199E+01  0.3823E+02
   2.920  0.1196E+01  0.3825E+02
   2.940  0.1193E+01  0.3828E+02
   2.960  0.1189E+01  0.3830E+02
   2.980  0.1186E+01  0.3832E+02
   3.000  0.1182E+01  0.3835E+02
   3.020  0.1179E+01  0.3837E+02
   3.040  0.1175E+01  0.3839E+02
   3.060  0.1172E+01  0.3842E+02
   3.080  0.1168E+01  0.3844E+02
   3.100  0.1165E+01  0.3846E+02
   3.120  0.1161E+01  0.3849E+02
   3.140  0.1158E+01  0.3851E+02
   3.160  0.1155E+01  0.3853E+02
   3.180  0.1152E+01  0.3856E+02
   3.200  0.1149E+01  0.3858E+02
   3.220  0.1146E+01  0.3860E+02
   3.240  0.1143E+01  0.3863E+02
   3.260  0.1141E+01  0.3865E+02
   3.280  0.1138E+01  0.3867E+02
   3.300  0.1136E+01  0.3869E+02
   3.320  0.1134E+01  0.3872E+02
   3.340  0.1133E+01  0.3874E+02
   3.360  0.1132E+01  0.3876E+02
   3.380  0.1132E+01  0.3878E+02
   3.400  0.1134E+01  0.3881E+02
   3.420  0.1138E+01  0.3883E+02
   3.440  0.1145E+01  0.3885E+02
   3.460  0.1155E+01  0.3888E+02
   3.480  0.1169E+01  0.3890E+02
   3.500  0.1186E+01  0.3892E+02
   3.520  0.1202E+01  0.3895E+02
   3.540  0.1212E+01  0.3897E+02
   3.560  0.1209E+01  0.3900E+02
   3.580  0.1187E+01  0.3902E+02
   3.600  0.1139E+01  0.3904E+02
   3.620  0.1065E+01  0.3906E+02
   3.640  0.9691E+00  0.3908E+02
   3.660  0.8635E+00  0.3910E+02
   3.680  0.7616E+00  0.3912E+02
   3.700  0.6773E+00  0.3913E+02
   3.720  0.6215E+00  0.3914E+02
   3.740  0.6012E+00  0.3915E+02
   3.760  0.6186E+00  0.3917E+02
   3.780  0.6716E+00  0.3918E+02
   3.800  0.7536E+00  0.3919E+02
   3.820  0.8536E+00  0.3921E+02
   3.840  0.9582E+00  0.3923E+02
   3.860  0.1054E+01  0.3925E+02
   3.880  0.1130E+01  0.3927E+02
   3.900  0.1182E+01  0.3930E+02
   3.920  0.1210E+01  0.3932E+02
   3.940  0.1222E+01  0.3935E+02
   3.960  0.1225E+01  0.3937E+02
   3.980  0.1226E+01  0.3940E+02
   4.000  0.1230E+01  0.3942E+02
   4.020  0.1236E+01  0.3945E+02
   4.040  0.1239E+01  0.3947E+02
   4.060  0.1231E+01  0.3949E+02
   4.080  0.1203E+01  0.3952E+02
   4.100  0.1149E+01  0.3954E+02
   4.120  0.1069E+01  0.3956E+02
   4.140  0.9674E+00  0.3958E+02
   4.160  0.8559E+00  0.3960E+02
   4.180  0.7469E+00  0.3961E+02
   4.200  0.6516E+00  0.3963E+02
   4.220  0.5766E+00  0.3964E+02
   4.240  0.5237E+00  0.3965E+02
   4.260  0.4908E+00  0.3966E+02
   4.280  0.4744E+00  0.3967E+02
   4.300  0.4713E+00  0.3968E+02
   4.320  0.4792E+00  0.3969E+02
   4.340  0.4975E+00  0.3970E+02
   4.360  0.5256E+00  0.3971E+02
   4.380  0.5618E+00  0.3972E+02
   4.400  0.6023E+00  0.3973E+02
   4.420  0.6412E+00  0.3974E+02
   4.440  0.6714E+00  0.3976E+02
   4.460  0.6873E+00  0.3977E+02
   4.480  0.6862E+00  0.3979E+02
   4.500  0.6697E+00  0.3980E+02
   4.520  0.6423E+00  0.3981E+02
   4.540  0.6103E+00  0.3982E+02
   4.560  0.5791E+00  0.3984E+02
   4.580  0.5526E+00  0.3985E+02
   4.600  0.5322E+00  0.3986E+02
   4.620  0.5179E+00  0.3987E+02
   4.640  0.5087E+00  0.3988E+02
   4.660  0.5034E+00  0.3989E+02
   4.680  0.5008E+00  0.3990E+02
   4.700  0.4999E+00  0.3991E+02
   4.720  0.4997E+00  0.3992E+02
   4.740  0.4988E+00  0.3993E+02
   4.760  0.4953E+00  0.3994E+02
   4.780  0.4866E+00  0.3995E+02
   4.800  0.4699E+00  0.3996E+02
   4.820  0.4424E+00  0.3997E+02
   4.840  0.4028E+00  0.3997E+02
   4.860  0.3518E+00  0.3998E+02
   4.880  0.2926E+00  0.3999E+02
   4.900  0.2302E+00  0.3999E+02
   4.920  0.1703E+00  0.3999E+02
   4.940  0.1180E+00  0.4000E+02
   4.960  0.7629E-01  0.4000E+02
   4.980  0.4586E-01  0.4000E+02
   5.000  0.2557E-01  0.4000E+02
   5.020  0.1319E-01  0.4000E+02
   5.040  0.6293E-02  0.4000E+02
   5.060  0.2770E-02  0.4000E+02
   5.080  0.1124E-02  0.4000E+02
   5.100  0.4202E-03  0.4000E+02
   5.120  0.1445E-03  0.4000E+02
   5.140  0.4572E-04  0.4000E+02
   5.160  0.1330E-04  0.4000E+02
   5.180  0.3553E-05  0.4000E+02
   5.200  0.8719E-06  0.4000E+02
   5.220  0.1964E-06  0.4000E+02
   5.240  0.4062E-07  0.4000E+02
   5.260  0.7708E-08  0.4000E+02
   5.280  0.1342E-08  0.4000E+02
   5.300  0.2143E-09  0.4000E+02
   5.320  0.3138E-10  0.4000E+02
   5.340  0.4213E-11  0.4000E+02
   5.360  0.5186E-12  0.4000E+02
   5.380  0.5851E-13  0.4000E+02
   5.400  0.6052E-14  0.4000E+02
   5.420  0.5737E-15  0.4000E+02
   5.440  0.4984E-16  0.4000E+02
   5.460  0.3967E-17  0.4000E+02
   5.480  0.2894E-18  0.4000E+02
   5.500  0.1934E-19  0.4000E+02
   5.520  0.1184E-20  0.4000E+02
   5.540  0.6642E-22  0.4000E+02
   5.560  0.3413E-23  0.4000E+02
   5.580  0.1607E-24  0.4000E+02
   5.600  0.6927E-26  0.4000E+02
   5.620  0.2736E-27  0.4000E+02
   5.640  0.9898E-29  0.4000E+02
   5.660  0.3280E-30  0.4000E+02
   5.680  0.9954E-32  0.4000E+02
   5.700  0.2767E-33  0.4000E+02
   5.720  0.7043E-35  0.4000E+02
   5.740  0.1642E-36  0.4000E+02
   5.760  0.3506E-38  0.4000E+02
   5.780  0.6857E-40  0.4000E+02
   5.800  0.1228E-41  0.4000E+02
   5.820  0.2014E-43  0.4000E+02
   5.840  0.3024E-45  0.4000E+02
   5.860  0.4159E-47  0.4000E+02
   5.880  0.5239E-49  0.4000E+02
   5.900  0.6042E-51  0.4000E+02
   5.920  0.6381E-53  0.4000E+02
   5.940  0.6171E-55  0.4000E+02
   5.960  0.5465E-57  0.4000E+02
   5.980  0.4432E-59  0.4000E+02
   6.000  0.3291E-61  0.4000E+02
   6.020  0.2238E-63  0.4000E+02
   6.040  0.1394E-65  0.4000E+02
   6.060  0.7946E-68  0.4000E+02
   6.080  0.4149E-70  0.4000E+02
   6.100  0.1983E-72  0.4000E+02
   6.120  0.8682E-75  0.4000E+02
   6.140  0.3480E-77  0.4000E+02
   6.160  0.1277E-79  0.4000E+02
   6.180  0.4326E-82  0.4000E+02
   6.200  0.4598E-84  0.4000E+02
   6.220  0.3282E-84  0.4000E+02
   6.240  0.3279E-84  0.4000E+02
   6.260  0.3279E-84  0.4000E+02
   6.280  0.3279E-84  0.4000E+02
   6.300  0.3279E-84  0.4000E+02
   6.320  0.3279E-84  0.4000E+02
   6.340  0.3279E-84  0.4000E+02
   6.360  0.3279E-84  0.4000E+02
   6.380  0.3279E-84  0.4000E+02
   6.400  0.3279E-84  0.4000E+02
   6.420  0.3279E-84  0.4000E+02
   6.440  0.3279E-84  0.4000E+02
   6.460  0.3279E-84  0.4000E+02
   6.480  0.3279E-84  0.4000E+02
   6.500  0.3279E-84  0.4000E+02
   6.520  0.3279E-84  0.4000E+02
   6.540  0.3279E-84  0.4000E+02
   6.560  0.3279E-84  0.4000E+02
   6.580  0.3279E-84  0.4000E+02
   6.600  0.3279E-84  0.4000E+02
   6.620  0.3279E-84  0.4000E+02
   6.640  0.3279E-84  0.4000E+02
   6.660  0.3279E-84  0.4000E+02
   6.680  0.3279E-84  0.4000E+02
   6.700  0.3279E-84  0.4000E+02
   6.720  0.3279E-84  0.4000E+02
   6.740  0.3279E-84  0.4000E+02
   6.760  0.3279E-84  0.4000E+02
   6.780  0.3279E-84  0.4000E+02
   6.800  0.3279E-84  0.4000E+02
   6.820  0.3279E-84  0.4000E+02
   6.840  0.3279E-84  0.4000E+02
   6.860  0.3279E-84  0.4000E+02
   6.880  0.3279E-84  0.4000E+02
   6.900  0.3279E-84  0.4000E+02
   6.920  0.3279E-84  0.4000E+02
   6.940  0.3279E-84  0.4000E+02
   6.960  0.3279E-84  0.4000E+02
   6.980  0.3279E-84  0.4000E+02
   7.000  0.3279E-84  0.4000E+02
   7.020  0.3279E-84  0.4000E+02
   7.040  0.3279E-84  0.4000E+02
   7.060  0.3279E-84  0.4000E+02
   7.080  0.3279E-84  0.4000E+02
   7.100  0.3279E-84  0.4000E+02
   7.120  0.3279E-84  0.4000E+02
   7.140  0.3279E-84  0.4000E+02
   7.160  0.3279E-84  0.4000E+02
   7.180  0.3279E-84  0.4000E+02
   7.200  0.3279E-84  0.4000E+02
   7.220  0.3279E-84  0.4000E+02
   7.240  0.3279E-84  0.4000E+02
   7.260  0.3279E-84  0.4000E+02
   7.280  0.3279E-84  0.4000E+02
   7.300  0.3279E-84  0.4000E+02
   7.320  0.3279E-84  0.4000E+02
   7.340  0.3279E-84  0.4000E+02
   7.360  0.3279E-84  0.4000E+02
   7.380  0.3279E-84  0.4000E+02
   7.400  0.3279E-84  0.4000E+02
   7.420  0.3279E-84  0.4000E+02
   7.440  0.3279E-84  0.4000E+02
   7.460  0.3279E-84  0.4000E+02
   7.480  0.3279E-84  0.4000E+02
   7.500  0.3279E-84  0.4000E+02
   7.520  0.3279E-84  0.4000E+02
   7.540  0.3279E-84  0.4000E+02
   7.560  0.3279E-84  0.4000E+02
   7.580  0.3279E-84  0.4000E+02
   7.600  0.3279E-84  0.4000E+02
   7.620  0.3279E-84  0.4000E+02
   7.640  0.3279E-84  0.4000E+02
   7.660  0.3279E-84  0.4000E+02
   7.680  0.3279E-84  0.4000E+02
   7.700  0.3279E-84  0.4000E+02
   7.720  0.3279E-84  0.4000E+02
   7.740  0.3279E-84  0.4000E+02
   7.760  0.3279E-84  0.4000E+02
   7.780  0.3279E-84  0.4000E+02
   7.800  0.3279E-84  0.4000E+02
   7.820  0.3279E-84  0.4000E+02
   7.840  0.3279E-84  0.4000E+02
   7.860  0.3279E-84  0.4000E+02
   7.880  0.3279E-84  0.4000E+02
   7.900  0.3279E-84  0.4000E+02
   7.920  0.3279E-84  0.4000E+02
   7.940  0.3279E-84  0.4000E+02
   7.960  0.3279E-84  0.4000E+02
   7.980  0.3279E-84  0.4000E+02
   8.000  0.3279E-84  0.4000E+02
   8.020  0.3279E-84  0.4000E+02
   8.040  0.3279E-84  0.4000E+02
   8.060  0.3279E-84  0.4000E+02
   8.080  0.3279E-84  0.4000E+02
   8.100  0.3279E-84  0.4000E+02
   8.120  0.3279E-84  0.4000E+02
   8.140  0.3279E-84  0.4000E+02
   8.160  0.3279E-84  0.4000E+02
   8.180  0.3279E-84  0.4000E+02
   8.200  0.3279E-84  0.4000E+02
   8.220  0.3279E-84  0.4000E+02
   8.240  0.3279E-84  0.4000E+02
   8.260  0.3279E-84  0.4000E+02
   8.280  0.3279E-84  0.4000E+02
   8.300  0.3279E-84  0.4000E+02
   8.320  0.3279E-84  0.4000E+02
   8.340  0.3279E-84  0.4000E+02
   8.360  0.3279E-84  0.4000E+02
   8.380  0.3279E-84  0.4000E+02
   8.400  0.3279E-84  0.4000E+02
   8.420  0.3279E-84  0.4000E+02
   8.440  0.3279E-84  0.4000E+02
   8.460  0.3279E-84  0.4000E+02
   8.480  0.3279E-84  0.4000E+02
   8.500  0.3279E-84  0.4000E+02
   8.520  0.3279E-84  0.4000E+02
   8.540  0.3279E-84  0.4000E+02
   8.560  0.3279E-84  0.4000E+02
   8.580  0.3279E-84  0.4000E+02
   8.600  0.3279E-84  0.4000E+02
   8.620  0.3279E-84  0.4000E+02
   8.640  0.3279E-84  0.4000E+02
   8.660  0.3279E-84  0.4000E+02
   8.680  0.3279E-84  0.4000E+02
   8.700  0.3279E-84  0.4000E+02
   8.720  0.3279E-84  0.4000E+02
   8.740  0.3279E-84  0.4000E+02
   8.760  0.3279E-84  0.4000E+02
   8.780  0.3279E-84  0.4000E+02
   8.800  0.3279E-84  0.4000E+02
   8.820  0.3279E-84  0.4000E+02
   8.840  0.3279E-84  0.4000E+02
   8.860  0.3279E-84  0.4000E+02
   8.880  0.3279E-84  0.4000E+02
   8.900  0.3279E-84  0.4000E+02
   8.920  0.3279E-84  0.4000E+02
   8.940  0.3279E-84  0.4000E+02
   8.960  0.3279E-84  0.4000E+02
   8.980  0.3279E-84  0.4000E+02
   9.000  0.3279E-84  0.4000E+02
   9.020  0.3279E-84  0.4000E+02
   9.040  0.3279E-84  0.4000E+02
   9.060  0.3279E-84  0.4000E+02
   9.080  0.3279E-84  0.4000E+02
   9.100  0.3279E-84  0.4000E+02
   9.120  0.3279E-84  0.4000E+02
   9.140  0.3279E-84  0.4000E+02
   9.160  0.3279E-84  0.4000E+02
   9.180  0.3279E-84  0.4000E+02
   9.200  0.3279E-84  0.4000E+02
   9.220  0.3279E-84  0.4000E+02
   9.240  0.3279E-84  0.4000E+02
   9.260  0.3279E-84  0.4000E+02
   9.280  0.3279E-84  0.4000E+02
   9.300  0.3279E-84  0.4000E+02
   9.320  0.3279E-84  0.4000E+02
   9.340  0.3279E-84  0.4000E+02
   9.360  0.3279E-84  0.4000E+02
   9.380  0.3279E-84  0.4000E+02
   9.400  0.3279E-84  0.4000E+02
   9.420  0.3279E-84  0.4000E+02
   9.440  0.3279E-84  0.4000E+02
   9.460  0.3279E-84  0.4000E+02
   9.480  0.3279E-84  0.4000E+02
   9.500  0.3279E-84  0.4000E+02
   9.520  0.3279E-84  0.4000E+02
   9.540  0.3279E-84  0.4000E+02
   9.560  0.3279E-84  0.4000E+02
   9.580  0.3279E-84  0.4000E+02
   9.600  0.3279E-84  0.4000E+02
   9.620  0.3279E-84  0.4000E+02
   9.640  0.3279E-84  0.4000E+02
   9.660  0.3279E-84  0.4000E+02
   9.680  0.3279E-84  0.4000E+02
   9.700  0.3279E-84  0.4000E+02
   9.720  0.3279E-84  0.4000E+02
   9.740  0.3279E-84  0.4000E+02
   9.760  0.3279E-84  0.4000E+02
   9.780  0.3279E-84  0.4000E+02
   9.800  0.3279E-84  0.4000E+02
   9.820  0.3279E-84  0.4000E+02
   9.840  0.3279E-84  0.4000E+02
   9.860  0.3279E-84  0.4000E+02
   9.880  0.3279E-84  0.4000E+02
   9.900  0.3279E-84  0.4000E+02
   9.920  0.3279E-84  0.4000E+02
   9.940  0.3279E-84  0.4000E+02
   9.960  0.3279E-84  0.4000E+02
   9.980  0.3279E-84  0.4000E+02
  10.000  0.3279E-84  0.4000E+02
  10.020  0.3279E-84  0.4000E+02
  10.040  0.3279E-84  0.4000E+02
  10.060  0.3279E-84  0.4000E+02
  10.080  0.3279E-84  0.4000E+02
  10.100  0.3279E-84  0.4000E+02
  10.120  0.3279E-84  0.4000E+02
  10.140  0.3279E-84  0.4000E+02
  10.160  0.3279E-84  0.4000E+02
  10.180  0.3279E-84  0.4000E+02
  10.200  0.3279E-84  0.4000E+02
  10.220  0.3279E-84  0.4000E+02
  10.240  0.3279E-84  0.4000E+02
  10.260  0.3279E-84  0.4000E+02
  10.280  0.3279E-84  0.4000E+02
  10.300  0.3279E-84  0.4000E+02
  10.320  0.3279E-84  0.4000E+02
  10.340  0.3279E-84  0.4000E+02
  10.360  0.3279E-84  0.4000E+02
  10.380  0.3279E-84  0.4000E+02
  10.400  0.3279E-84  0.4000E+02
  10.420  0.3279E-84  0.4000E+02
  10.440  0.3279E-84  0.4000E+02
  10.460  0.3279E-84  0.4000E+02
  10.480  0.3279E-84  0.4000E+02
  10.500  0.3279E-84  0.4000E+02
  10.520  0.3279E-84  0.4000E+02
  10.540  0.3279E-84  0.4000E+02
  10.560  0.3279E-84  0.4000E+02
  10.580  0.3279E-84  0.4000E+02
  10.600  0.3279E-84  0.4000E+02
  10.620  0.3279E-84  0.4000E+02
  10.640  0.3279E-84  0.4000E+02
  10.660  0.3279E-84  0.4000E+02
  10.680  0.3279E-84  0.4000E+02
  10.700  0.3279E-84  0.4000E+02
  10.720  0.3279E-84  0.4000E+02
  10.740  0.3279E-84  0.4000E+02
  10.760  0.3279E-84  0.4000E+02
  10.780  0.3279E-84  0.4000E+02
  10.800  0.3279E-84  0.4000E+02
  10.820  0.3279E-84  0.4000E+02
  10.840  0.3279E-84  0.4000E+02
  10.860  0.3279E-84  0.4000E+02
  10.880  0.3279E-84  0.4000E+02
  10.900  0.3279E-84  0.4000E+02
  10.920  0.3279E-84  0.4000E+02
  10.940  0.3279E-84  0.4000E+02
  10.960  0.3279E-84  0.4000E+02
  10.980  0.3279E-84  0.4000E+02
  11.000  0.3279E-84  0.4000E+02
  11.020  0.3279E-84  0.4000E+02
  11.040  0.3279E-84  0.4000E+02
  11.060  0.3279E-84  0.4000E+02
  11.080  0.3279E-84  0.4000E+02
  11.100  0.3279E-84  0.4000E+02
  11.120  0.3279E-84  0.4000E+02
  11.140  0.3279E-84  0.4000E+02
  11.160  0.3279E-84  0.4000E+02
  11.180  0.3279E-84  0.4000E+02
  11.200  0.3279E-84  0.4000E+02
  11.220  0.3279E-84  0.4000E+02
  11.240  0.3279E-84  0.4000E+02
  11.260  0.3279E-84  0.4000E+02
  11.280  0.3279E-84  0.4000E+02
  11.300  0.3279E-84  0.4000E+02
  11.320  0.3279E-84  0.4000E+02
  11.340  0.3279E-84  0.4000E+02
  11.360  0.3279E-84  0.4000E+02
  11.380  0.3279E-84  0.4000E+02
  11.400  0.3279E-84  0.4000E+02
  11.420  0.3279E-84  0.4000E+02
  11.440  0.3279E-84  0.4000E+02
  11.460  0.3279E-84  0.4000E+02
  11.480  0.3279E-84  0.4000E+02
  11.500  0.3279E-84  0.4000E+02
  11.520  0.3279E-84  0.4000E+02
  11.540  0.3279E-84  0.4000E+02
  11.560  0.3279E-84  0.4000E+02
  11.580  0.3279E-84  0.4000E+02
  11.600  0.3279E-84  0.4000E+02
  11.620  0.3279E-84  0.4000E+02
  11.640  0.3279E-84  0.4000E+02
  11.660  0.3279E-84  0.4000E+02
  11.680  0.3279E-84  0.4000E+02
  11.700  0.3279E-84  0.4000E+02
  11.720  0.3279E-84  0.4000E+02
  11.740  0.3279E-84  0.4000E+02
  11.760  0.3279E-84  0.4000E+02
  11.780  0.3279E-84  0.4000E+02
  11.800  0.3279E-84  0.4000E+02
  11.820  0.3279E-84  0.4000E+02
  11.840  0.3279E-84  0.4000E+02
  11.860  0.3279E-84  0.4000E+02
  11.880  0.3279E-84  0.4000E+02
  11.900  0.3279E-84  0.4000E+02
  11.920  0.3279E-84  0.4000E+02
  11.940  0.3279E-84  0.4000E+02
  11.960  0.3279E-84  0.4000E+02
  11.980  0.3279E-84  0.4000E+02
  12.000  0.3279E-84  0.4000E+02
  12.020  0.3279E-84  0.4000E+02
  12.040  0.3279E-84  0.4000E+02
  12.060  0.3279E-84  0.4000E+02
  12.080  0.3279E-84  0.4000E+02
  12.100  0.3279E-84  0.4000E+02
  12.120  0.3279E-84  0.4000E+02
  12.140  0.3279E-84  0.4000E+02
  12.160  0.3279E-84  0.4000E+02
  12.180  0.3279E-84  0.4000E+02
  12.200  0.3279E-84  0.4000E+02
  12.220  0.3279E-84  0.4000E+02
  12.240  0.3279E-84  0.4000E+02
  12.260  0.3279E-84  0.4000E+02
  12.280  0.3279E-84  0.4000E+02
  12.300  0.3279E-84  0.4000E+02
  12.320  0.3279E-84  0.4000E+02
  12.340  0.3279E-84  0.4000E+02
  12.360  0.3279E-84  0.4000E+02
  12.380  0.3279E-84  0.4000E+02
  12.400  0.3279E-84  0.4000E+02
  12.420  0.3279E-84  0.4000E+02
  12.440  0.3279E-84  0.4000E+02
  12.460  0.3279E-84  0.4000E+02
  12.480  0.3279E-84  0.4000E+02
  12.500  0.3279E-84  0.4000E+02
  12.520  0.3279E-84  0.4000E+02
  12.540  0.3279E-84  0.4000E+02
  12.560  0.3279E-84  0.4000E+02
  12.580  0.3279E-84  0.4000E+02
  12.600  0.3279E-84  0.4000E+02
  12.620  0.3279E-84  0.4000E+02
  12.640  0.3279E-84  0.4000E+02
  12.660  0.3279E-84  0.4000E+02
  12.680  0.3279E-84  0.4000E+02
  12.700  0.3279E-84  0.4000E+02
  12.720  0.3279E-84  0.4000E+02
  12.740  0.3279E-84  0.4000E+02
  12.760  0.3279E-84  0.4000E+02
  12.780  0.3279E-84  0.4000E+02
  12.800  0.3279E-84  0.4000E+02
  12.820  0.3279E-84  0.4000E+02
  12.840  0.3279E-84  0.4000E+02
  12.860  0.3279E-84  0.4000E+02
  12.880  0.3279E-84  0.4000E+02
  12.900  0.3279E-84  0.4000E+02
  12.920  0.3279E-84  0.4000E+02
  12.940  0.3279E-84  0.4000E+02
  12.960  0.3279E-84  0.4000E+02
  12.980  0.3279E-84  0.4000E+02
  13.000  0.3279E-84  0.4000E+02
  13.020  0.3279E-84  0.4000E+02
  13.040  0.3279E-84  0.4000E+02
  13.060  0.3279E-84  0.4000E+02
  13.080  0.3279E-84  0.4000E+02
  13.100  0.3279E-84  0.4000E+02
  13.120  0.3279E-84  0.4000E+02
  13.140  0.3279E-84  0.4000E+02
  13.160  0.3279E-84  0.4000E+02
  13.180  0.3279E-84  0.4000E+02
  13.200  0.3279E-84  0.4000E+02
  13.220  0.3279E-84  0.4000E+02
  13.240  0.3279E-84  0.4000E+02
  13.260  0.3279E-84  0.4000E+02
  13.280  0.3279E-84  0.4000E+02
  13.300  0.3279E-84  0.4000E+02
  13.320  0.3279E-84  0.4000E+02
  13.340  0.3279E-84  0.4000E+02
  13.360  0.3279E-84  0.4000E+02
  13.380  0.3279E-84  0.4000E+02
  13.400  0.3279E-84  0.4000E+02
  13.420  0.3279E-84  0.4000E+02
  13.440  0.3279E-84  0.4000E+02
  13.460  0.3279E-84  0.4000E+02
  13.480  0.3279E-84  0.4000E+02
  13.500  0.3279E-84  0.4000E+02
  13.520  0.3279E-84  0.4000E+02
  13.540  0.3279E-84  0.4000E+02
  13.560  0.3279E-84  0.4000E+02
  13.580  0.3279E-84  0.4000E+02
  13.600  0.3279E-84  0.4000E+02
  13.620  0.3279E-84  0.4000E+02
  13.640  0.3279E-84  0.4000E+02
  13.660  0.3279E-84  0.4000E+02
  13.680  0.3279E-84  0.4000E+02
  13.700  0.3279E-84  0.4000E+02
  13.720  0.3279E-84  0.4000E+02
  13.740  0.3279E-84  0.4000E+02
  13.760  0.3279E-84  0.4000E+02
  13.780  0.3279E-84  0.4000E+02
  13.800  0.3279E-84  0.4000E+02
  13.820  0.3279E-84  0.4000E+02
  13.840  0.3279E-84  0.4000E+02
  13.860  0.3279E-84  0.4000E+02
  13.880  0.3279E-84  0.4000E+02
  13.900  0.3279E-84  0.4000E+02
  13.920  0.3279E-84  0.4000E+02
  13.940  0.3279E-84  0.4000E+02
  13.960  0.3279E-84  0.4000E+02
  13.980  0.3279E-84  0.4000E+02
  14.000  0.3279E-84  0.4000E+02
  14.020  0.3279E-84  0.4000E+02
  14.040  0.3279E-84  0.4000E+02
  14.060  0.3279E-84  0.4000E+02
  14.080  0.3279E-84  0.4000E+02
  14.100  0.3279E-84  0.4000E+02
  14.120  0.3279E-84  0.4000E+02
  14.140  0.3279E-84  0.4000E+02
  14.160  0.3279E-84  0.4000E+02
  14.180  0.3279E-84  0.4000E+02
  14.200  0.3279E-84  0.4000E+02
  14.220  0.3279E-84  0.4000E+02
  14.240  0.3279E-84  0.4000E+02
  14.260  0.3279E-84  0.4000E+02
  14.280  0.3279E-84  0.4000E+02
  14.300  0.3279E-84  0.4000E+02
  14.320  0.3279E-84  0.4000E+02
  14.340  0.3279E-84  0.4000E+02
  14.360  0.3279E-84  0.4000E+02
  14.380  0.3279E-84  0.4000E+02
  14.400  0.3279E-84  0.4000E+02
  14.420  0.3279E-84  0.4000E+02
  14.440  0.3279E-84  0.4000E+02
  14.460  0.3279E-84  0.4000E+02
  14.480  0.3279E-84  0.4000E+02
  14.500  0.3279E-84  0.4000E+02
  14.520  0.3279E-84  0.4000E+02
  14.540  0.3279E-84  0.4000E+02
  14.560  0.3279E-84  0.4000E+02
  14.580  0.3279E-84  0.4000E+02
  14.600  0.3279E-84  0.4000E+02
  14.620  0.3279E-84  0.4000E+02
  14.640  0.3279E-84  0.4000E+02
  14.660  0.3279E-84  0.4000E+02
  14.680  0.3279E-84  0.4000E+02
  14.700  0.3279E-84  0.4000E+02
  14.720  0.3279E-84  0.4000E+02
  14.740  0.3279E-84  0.4000E+02
  14.760  0.3279E-84  0.4000E+02
  14.780  0.3279E-84  0.4000E+02
  14.800  0.3279E-84  0.4000E+02
  14.820  0.3279E-84  0.4000E+02
  14.840  0.3279E-84  0.4000E+02
  14.860  0.3279E-84  0.4000E+02
  14.880  0.3279E-84  0.4000E+02
  14.900  0.3279E-84  0.4000E+02
  14.920  0.3279E-84  0.4000E+02
  14.940  0.3279E-84  0.4000E+02
  14.960  0.3279E-84  0.4000E+02
  14.980  0.3279E-84  0.4000E+02
  15.000  0.3279E-84  0.4000E+02
