#  E (eV)   dos(E)     Int dos(E) EFermi =   -1.675 eV
 -24.000  0.1312E-84  0.2623E-86
 -23.980  0.1312E-84  0.5247E-86
 -23.960  0.1312E-84  0.7870E-86
 -23.940  0.1312E-84  0.1049E-85
 -23.920  0.1312E-84  0.1312E-85
 -23.900  0.1312E-84  0.1574E-85
 -23.880  0.1312E-84  0.1836E-85
 -23.860  0.1312E-84  0.2099E-85
 -23.840  0.1312E-84  0.2361E-85
 -23.820  0.1312E-84  0.2623E-85
 -23.800  0.1312E-84  0.2886E-85
 -23.780  0.1312E-84  0.3148E-85
 -23.760  0.1312E-84  0.3410E-85
 -23.740  0.1312E-84  0.3673E-85
 -23.720  0.1312E-84  0.3935E-85
 -23.700  0.1312E-84  0.4197E-85
 -23.680  0.1312E-84  0.4460E-85
 -23.660  0.1312E-84  0.4722E-85
 -23.640  0.1312E-84  0.4984E-85
 -23.620  0.1312E-84  0.5247E-85
 -23.600  0.1312E-84  0.5509E-85
 -23.580  0.1312E-84  0.5771E-85
 -23.560  0.1312E-84  0.6034E-85
 -23.540  0.1312E-84  0.6296E-85
 -23.520  0.1312E-84  0.6558E-85
 -23.500  0.1312E-84  0.6821E-85
 -23.480  0.1312E-84  0.7083E-85
 -23.460  0.1312E-84  0.7345E-85
 -23.440  0.1312E-84  0.7608E-85
 -23.420  0.1312E-84  0.7870E-85
 -23.400  0.1312E-84  0.8132E-85
 -23.380  0.1312E-84  0.8395E-85
 -23.360  0.1312E-84  0.8657E-85
 -23.340  0.1312E-84  0.8919E-85
 -23.320  0.1312E-84  0.9182E-85
 -23.300  0.1312E-84  0.9444E-85
 -23.280  0.1312E-84  0.9706E-85
 -23.260  0.1312E-84  0.9969E-85
 -23.240  0.1312E-84  0.1023E-84
 -23.220  0.1312E-84  0.1049E-84
 -23.200  0.1312E-84  0.1076E-84
 -23.180  0.1312E-84  0.1102E-84
 -23.160  0.1312E-84  0.1128E-84
 -23.140  0.1312E-84  0.1154E-84
 -23.120  0.1312E-84  0.1181E-84
 -23.100  0.1312E-84  0.1207E-84
 -23.080  0.1312E-84  0.1233E-84
 -23.060  0.1312E-84  0.1259E-84
 -23.040  0.1312E-84  0.1285E-84
 -23.020  0.1312E-84  0.1312E-84
 -23.000  0.1312E-84  0.1338E-84
 -22.980  0.1312E-84  0.1364E-84
 -22.960  0.1312E-84  0.1390E-84
 -22.940  0.1312E-84  0.1417E-84
 -22.920  0.1312E-84  0.1443E-84
 -22.900  0.1312E-84  0.1469E-84
 -22.880  0.1312E-84  0.1495E-84
 -22.860  0.1312E-84  0.1522E-84
 -22.840  0.1312E-84  0.1548E-84
 -22.820  0.1312E-84  0.1574E-84
 -22.800  0.1312E-84  0.1600E-84
 -22.780  0.1312E-84  0.1626E-84
 -22.760  0.1312E-84  0.1653E-84
 -22.740  0.1312E-84  0.1679E-84
 -22.720  0.1312E-84  0.1705E-84
 -22.700  0.1312E-84  0.1731E-84
 -22.680  0.1312E-84  0.1758E-84
 -22.660  0.1312E-84  0.1784E-84
 -22.640  0.1312E-84  0.1810E-84
 -22.620  0.1312E-84  0.1836E-84
 -22.600  0.1312E-84  0.1863E-84
 -22.580  0.1312E-84  0.1889E-84
 -22.560  0.1312E-84  0.1915E-84
 -22.540  0.1312E-84  0.1941E-84
 -22.520  0.1336E-84  0.1968E-84
 -22.500  0.9806E-84  0.2164E-84
 -22.480  0.2638E-81  0.5492E-83
 -22.460  0.7494E-79  0.1504E-80
 -22.440  0.1951E-76  0.3916E-78
 -22.420  0.4650E-74  0.9339E-76
 -22.400  0.1015E-71  0.2040E-73
 -22.380  0.2030E-69  0.4080E-71
 -22.360  0.3717E-67  0.7474E-69
 -22.340  0.6233E-65  0.1254E-66
 -22.320  0.9573E-63  0.1927E-64
 -22.300  0.1347E-60  0.2712E-62
 -22.280  0.1735E-58  0.3497E-60
 -22.260  0.2047E-56  0.4129E-58
 -22.240  0.2212E-54  0.4466E-56
 -22.220  0.2190E-52  0.4424E-54
 -22.200  0.1985E-50  0.4015E-52
 -22.180  0.1649E-48  0.3337E-50
 -22.160  0.1254E-46  0.2541E-48
 -22.140  0.8736E-45  0.1773E-46
 -22.120  0.5574E-43  0.1133E-44
 -22.100  0.3258E-41  0.6630E-43
 -22.080  0.1745E-39  0.3556E-41
 -22.060  0.8557E-38  0.1747E-39
 -22.040  0.3845E-36  0.7864E-38
 -22.020  0.1583E-34  0.3244E-36
 -22.000  0.5967E-33  0.1226E-34
 -21.980  0.2061E-31  0.4245E-33
 -21.960  0.6523E-30  0.1347E-31
 -21.940  0.1891E-28  0.3917E-30
 -21.920  0.5024E-27  0.1044E-28
 -21.900  0.1223E-25  0.2550E-27
 -21.880  0.2727E-24  0.5709E-26
 -21.860  0.5573E-23  0.1172E-24
 -21.840  0.1044E-21  0.2204E-23
 -21.820  0.1791E-20  0.3802E-22
 -21.800  0.2816E-19  0.6013E-21
 -21.780  0.4059E-18  0.8720E-20
 -21.760  0.5363E-17  0.1160E-18
 -21.740  0.6494E-16  0.1415E-17
 -21.720  0.7209E-15  0.1583E-16
 -21.700  0.7337E-14  0.1626E-15
 -21.680  0.6847E-13  0.1532E-14
 -21.660  0.5858E-12  0.1325E-13
 -21.640  0.4597E-11  0.1052E-12
 -21.620  0.3309E-10  0.7669E-12
 -21.600  0.2184E-09  0.5136E-11
 -21.580  0.1323E-08  0.3160E-10
 -21.560  0.7356E-08  0.1787E-09
 -21.540  0.3753E-07  0.9293E-09
 -21.520  0.1758E-06  0.4445E-08
 -21.500  0.7563E-06  0.1957E-07
 -21.480  0.2989E-05  0.7935E-07
 -21.460  0.1085E-04  0.2964E-06
 -21.440  0.3624E-04  0.1021E-05
 -21.420  0.1113E-03  0.3248E-05
 -21.400  0.3147E-03  0.9543E-05
 -21.380  0.8196E-03  0.2593E-04
 -21.360  0.1968E-02  0.6529E-04
 -21.340  0.4359E-02  0.1525E-03
 -21.320  0.8924E-02  0.3310E-03
 -21.300  0.1691E-01  0.6691E-03
 -21.280  0.2969E-01  0.1263E-02
 -21.260  0.4846E-01  0.2232E-02
 -21.240  0.7370E-01  0.3706E-02
 -21.220  0.1048E+00  0.5802E-02
 -21.200  0.1399E+00  0.8600E-02
 -21.180  0.1762E+00  0.1212E-01
 -21.160  0.2106E+00  0.1634E-01
 -21.140  0.2404E+00  0.2114E-01
 -21.120  0.2642E+00  0.2643E-01
 -21.100  0.2815E+00  0.3206E-01
 -21.080  0.2931E+00  0.3792E-01
 -21.060  0.3002E+00  0.4393E-01
 -21.040  0.3043E+00  0.5001E-01
 -21.020  0.3064E+00  0.5614E-01
 -21.000  0.3074E+00  0.6229E-01
 -20.980  0.3079E+00  0.6844E-01
 -20.960  0.3081E+00  0.7460E-01
 -20.940  0.3082E+00  0.8077E-01
 -20.920  0.3083E+00  0.8694E-01
 -20.900  0.3084E+00  0.9310E-01
 -20.880  0.3084E+00  0.9927E-01
 -20.860  0.3085E+00  0.1054E+00
 -20.840  0.3086E+00  0.1116E+00
 -20.820  0.3087E+00  0.1178E+00
 -20.800  0.3087E+00  0.1240E+00
 -20.780  0.3088E+00  0.1301E+00
 -20.760  0.3089E+00  0.1363E+00
 -20.740  0.3089E+00  0.1425E+00
 -20.720  0.3090E+00  0.1487E+00
 -20.700  0.3091E+00  0.1549E+00
 -20.680  0.3091E+00  0.1610E+00
 -20.660  0.3092E+00  0.1672E+00
 -20.640  0.3093E+00  0.1734E+00
 -20.620  0.3094E+00  0.1796E+00
 -20.600  0.3094E+00  0.1858E+00
 -20.580  0.3095E+00  0.1920E+00
 -20.560  0.3096E+00  0.1982E+00
 -20.540  0.3097E+00  0.2044E+00
 -20.520  0.3097E+00  0.2106E+00
 -20.500  0.3098E+00  0.2167E+00
 -20.480  0.3099E+00  0.2229E+00
 -20.460  0.3100E+00  0.2291E+00
 -20.440  0.3100E+00  0.2353E+00
 -20.420  0.3101E+00  0.2415E+00
 -20.400  0.3102E+00  0.2478E+00
 -20.380  0.3103E+00  0.2540E+00
 -20.360  0.3103E+00  0.2602E+00
 -20.340  0.3104E+00  0.2664E+00
 -20.320  0.3105E+00  0.2726E+00
 -20.300  0.3106E+00  0.2788E+00
 -20.280  0.3107E+00  0.2850E+00
 -20.260  0.3107E+00  0.2912E+00
 -20.240  0.3108E+00  0.2974E+00
 -20.220  0.3109E+00  0.3037E+00
 -20.200  0.3110E+00  0.3099E+00
 -20.180  0.3111E+00  0.3161E+00
 -20.160  0.3111E+00  0.3223E+00
 -20.140  0.3112E+00  0.3285E+00
 -20.120  0.3113E+00  0.3348E+00
 -20.100  0.3114E+00  0.3410E+00
 -20.080  0.3115E+00  0.3472E+00
 -20.060  0.3115E+00  0.3535E+00
 -20.040  0.3116E+00  0.3597E+00
 -20.020  0.3117E+00  0.3659E+00
 -20.000  0.3118E+00  0.3722E+00
 -19.980  0.3119E+00  0.3784E+00
 -19.960  0.3120E+00  0.3846E+00
 -19.940  0.3120E+00  0.3909E+00
 -19.920  0.3121E+00  0.3971E+00
 -19.900  0.3122E+00  0.4034E+00
 -19.880  0.3123E+00  0.4096E+00
 -19.860  0.3124E+00  0.4159E+00
 -19.840  0.3125E+00  0.4221E+00
 -19.820  0.3126E+00  0.4284E+00
 -19.800  0.3127E+00  0.4346E+00
 -19.780  0.3128E+00  0.4409E+00
 -19.760  0.3128E+00  0.4471E+00
 -19.740  0.3129E+00  0.4534E+00
 -19.720  0.3130E+00  0.4596E+00
 -19.700  0.3131E+00  0.4659E+00
 -19.680  0.3132E+00  0.4722E+00
 -19.660  0.3133E+00  0.4784E+00
 -19.640  0.3134E+00  0.4847E+00
 -19.620  0.3135E+00  0.4910E+00
 -19.600  0.3136E+00  0.4972E+00
 -19.580  0.3137E+00  0.5035E+00
 -19.560  0.3138E+00  0.5098E+00
 -19.540  0.3139E+00  0.5161E+00
 -19.520  0.3140E+00  0.5223E+00
 -19.500  0.3141E+00  0.5286E+00
 -19.480  0.3142E+00  0.5349E+00
 -19.460  0.3142E+00  0.5412E+00
 -19.440  0.3143E+00  0.5475E+00
 -19.420  0.3144E+00  0.5538E+00
 -19.400  0.3145E+00  0.5601E+00
 -19.380  0.3146E+00  0.5664E+00
 -19.360  0.3147E+00  0.5727E+00
 -19.340  0.3148E+00  0.5790E+00
 -19.320  0.3149E+00  0.5852E+00
 -19.300  0.3151E+00  0.5916E+00
 -19.280  0.3152E+00  0.5979E+00
 -19.260  0.3153E+00  0.6042E+00
 -19.240  0.3154E+00  0.6105E+00
 -19.220  0.3155E+00  0.6168E+00
 -19.200  0.3156E+00  0.6231E+00
 -19.180  0.3157E+00  0.6294E+00
 -19.160  0.3158E+00  0.6357E+00
 -19.140  0.3159E+00  0.6420E+00
 -19.120  0.3160E+00  0.6484E+00
 -19.100  0.3161E+00  0.6547E+00
 -19.080  0.3162E+00  0.6610E+00
 -19.060  0.3163E+00  0.6673E+00
 -19.040  0.3164E+00  0.6737E+00
 -19.020  0.3166E+00  0.6800E+00
 -19.000  0.3167E+00  0.6863E+00
 -18.980  0.3168E+00  0.6927E+00
 -18.960  0.3169E+00  0.6990E+00
 -18.940  0.3170E+00  0.7053E+00
 -18.920  0.3171E+00  0.7117E+00
 -18.900  0.3173E+00  0.7180E+00
 -18.880  0.3174E+00  0.7244E+00
 -18.860  0.3175E+00  0.7307E+00
 -18.840  0.3176E+00  0.7371E+00
 -18.820  0.3177E+00  0.7434E+00
 -18.800  0.3179E+00  0.7498E+00
 -18.780  0.3180E+00  0.7561E+00
 -18.760  0.3181E+00  0.7625E+00
 -18.740  0.3182E+00  0.7689E+00
 -18.720  0.3184E+00  0.7752E+00
 -18.700  0.3185E+00  0.7816E+00
 -18.680  0.3186E+00  0.7880E+00
 -18.660  0.3188E+00  0.7944E+00
 -18.640  0.3189E+00  0.8007E+00
 -18.620  0.3190E+00  0.8071E+00
 -18.600  0.3191E+00  0.8135E+00
 -18.580  0.3193E+00  0.8199E+00
 -18.560  0.3194E+00  0.8263E+00
 -18.540  0.3196E+00  0.8327E+00
 -18.520  0.3197E+00  0.8391E+00
 -18.500  0.3198E+00  0.8455E+00
 -18.480  0.3200E+00  0.8519E+00
 -18.460  0.3201E+00  0.8583E+00
 -18.440  0.3203E+00  0.8647E+00
 -18.420  0.3204E+00  0.8711E+00
 -18.400  0.3205E+00  0.8775E+00
 -18.380  0.3207E+00  0.8839E+00
 -18.360  0.3208E+00  0.8903E+00
 -18.340  0.3210E+00  0.8967E+00
 -18.320  0.3211E+00  0.9032E+00
 -18.300  0.3213E+00  0.9096E+00
 -18.280  0.3214E+00  0.9160E+00
 -18.260  0.3216E+00  0.9224E+00
 -18.240  0.3218E+00  0.9289E+00
 -18.220  0.3219E+00  0.9353E+00
 -18.200  0.3221E+00  0.9418E+00
 -18.180  0.3222E+00  0.9482E+00
 -18.160  0.3224E+00  0.9546E+00
 -18.140  0.3226E+00  0.9611E+00
 -18.120  0.3227E+00  0.9676E+00
 -18.100  0.3229E+00  0.9740E+00
 -18.080  0.3231E+00  0.9805E+00
 -18.060  0.3233E+00  0.9869E+00
 -18.040  0.3234E+00  0.9934E+00
 -18.020  0.3236E+00  0.9999E+00
 -18.000  0.3238E+00  0.1006E+01
 -17.980  0.3240E+00  0.1013E+01
 -17.960  0.3242E+00  0.1019E+01
 -17.940  0.3244E+00  0.1026E+01
 -17.920  0.3245E+00  0.1032E+01
 -17.900  0.3247E+00  0.1039E+01
 -17.880  0.3249E+00  0.1045E+01
 -17.860  0.3251E+00  0.1052E+01
 -17.840  0.3253E+00  0.1058E+01
 -17.820  0.3255E+00  0.1065E+01
 -17.800  0.3257E+00  0.1071E+01
 -17.780  0.3259E+00  0.1078E+01
 -17.760  0.3262E+00  0.1084E+01
 -17.740  0.3264E+00  0.1091E+01
 -17.720  0.3266E+00  0.1097E+01
 -17.700  0.3268E+00  0.1104E+01
 -17.680  0.3270E+00  0.1110E+01
 -17.660  0.3273E+00  0.1117E+01
 -17.640  0.3275E+00  0.1124E+01
 -17.620  0.3277E+00  0.1130E+01
 -17.600  0.3279E+00  0.1137E+01
 -17.580  0.3282E+00  0.1143E+01
 -17.560  0.3284E+00  0.1150E+01
 -17.540  0.3287E+00  0.1156E+01
 -17.520  0.3290E+00  0.1163E+01
 -17.500  0.3292E+00  0.1170E+01
 -17.480  0.3295E+00  0.1176E+01
 -17.460  0.3297E+00  0.1183E+01
 -17.440  0.3300E+00  0.1189E+01
 -17.420  0.3303E+00  0.1196E+01
 -17.400  0.3306E+00  0.1203E+01
 -17.380  0.3308E+00  0.1209E+01
 -17.360  0.3311E+00  0.1216E+01
 -17.340  0.3315E+00  0.1222E+01
 -17.320  0.3318E+00  0.1229E+01
 -17.300  0.3321E+00  0.1236E+01
 -17.280  0.3324E+00  0.1242E+01
 -17.260  0.3327E+00  0.1249E+01
 -17.240  0.3331E+00  0.1256E+01
 -17.220  0.3334E+00  0.1262E+01
 -17.200  0.3337E+00  0.1269E+01
 -17.180  0.3341E+00  0.1276E+01
 -17.160  0.3344E+00  0.1282E+01
 -17.140  0.3348E+00  0.1289E+01
 -17.120  0.3352E+00  0.1296E+01
 -17.100  0.3356E+00  0.1303E+01
 -17.080  0.3360E+00  0.1309E+01
 -17.060  0.3364E+00  0.1316E+01
 -17.040  0.3368E+00  0.1323E+01
 -17.020  0.3373E+00  0.1329E+01
 -17.000  0.3377E+00  0.1336E+01
 -16.980  0.3382E+00  0.1343E+01
 -16.960  0.3386E+00  0.1350E+01
 -16.940  0.3391E+00  0.1357E+01
 -16.920  0.3397E+00  0.1363E+01
 -16.900  0.3402E+00  0.1370E+01
 -16.880  0.3407E+00  0.1377E+01
 -16.860  0.3412E+00  0.1384E+01
 -16.840  0.3418E+00  0.1391E+01
 -16.820  0.3424E+00  0.1397E+01
 -16.800  0.3431E+00  0.1404E+01
 -16.780  0.3437E+00  0.1411E+01
 -16.760  0.3443E+00  0.1418E+01
 -16.740  0.3449E+00  0.1425E+01
 -16.720  0.3457E+00  0.1432E+01
 -16.700  0.3465E+00  0.1439E+01
 -16.680  0.3472E+00  0.1446E+01
 -16.660  0.3480E+00  0.1453E+01
 -16.640  0.3488E+00  0.1460E+01
 -16.620  0.3497E+00  0.1467E+01
 -16.600  0.3506E+00  0.1474E+01
 -16.580  0.3516E+00  0.1481E+01
 -16.560  0.3526E+00  0.1488E+01
 -16.540  0.3536E+00  0.1495E+01
 -16.520  0.3547E+00  0.1502E+01
 -16.500  0.3559E+00  0.1509E+01
 -16.480  0.3572E+00  0.1516E+01
 -16.460  0.3586E+00  0.1523E+01
 -16.440  0.3599E+00  0.1531E+01
 -16.420  0.3614E+00  0.1538E+01
 -16.400  0.3630E+00  0.1545E+01
 -16.380  0.3647E+00  0.1552E+01
 -16.360  0.3666E+00  0.1560E+01
 -16.340  0.3686E+00  0.1567E+01
 -16.320  0.3707E+00  0.1574E+01
 -16.300  0.3730E+00  0.1582E+01
 -16.280  0.3756E+00  0.1589E+01
 -16.260  0.3785E+00  0.1597E+01
 -16.240  0.3817E+00  0.1605E+01
 -16.220  0.3852E+00  0.1612E+01
 -16.200  0.3891E+00  0.1620E+01
 -16.180  0.3938E+00  0.1628E+01
 -16.160  0.3993E+00  0.1636E+01
 -16.140  0.4059E+00  0.1644E+01
 -16.120  0.4137E+00  0.1652E+01
 -16.100  0.4230E+00  0.1661E+01
 -16.080  0.4339E+00  0.1670E+01
 -16.060  0.4461E+00  0.1678E+01
 -16.040  0.4589E+00  0.1688E+01
 -16.020  0.4707E+00  0.1697E+01
 -16.000  0.4797E+00  0.1707E+01
 -15.980  0.4841E+00  0.1716E+01
 -15.960  0.4826E+00  0.1726E+01
 -15.940  0.4749E+00  0.1735E+01
 -15.920  0.4614E+00  0.1745E+01
 -15.900  0.4437E+00  0.1754E+01
 -15.880  0.4237E+00  0.1762E+01
 -15.860  0.4031E+00  0.1770E+01
 -15.840  0.3835E+00  0.1778E+01
 -15.820  0.3657E+00  0.1785E+01
 -15.800  0.3499E+00  0.1792E+01
 -15.780  0.3359E+00  0.1799E+01
 -15.760  0.3235E+00  0.1805E+01
 -15.740  0.3123E+00  0.1812E+01
 -15.720  0.3022E+00  0.1818E+01
 -15.700  0.2930E+00  0.1823E+01
 -15.680  0.2845E+00  0.1829E+01
 -15.660  0.2764E+00  0.1835E+01
 -15.640  0.2687E+00  0.1840E+01
 -15.620  0.2615E+00  0.1845E+01
 -15.600  0.2546E+00  0.1850E+01
 -15.580  0.2482E+00  0.1855E+01
 -15.560  0.2419E+00  0.1860E+01
 -15.540  0.2358E+00  0.1865E+01
 -15.520  0.2299E+00  0.1869E+01
 -15.500  0.2242E+00  0.1874E+01
 -15.480  0.2188E+00  0.1878E+01
 -15.460  0.2137E+00  0.1883E+01
 -15.440  0.2085E+00  0.1887E+01
 -15.420  0.2035E+00  0.1891E+01
 -15.400  0.1985E+00  0.1895E+01
 -15.380  0.1938E+00  0.1899E+01
 -15.360  0.1893E+00  0.1902E+01
 -15.340  0.1848E+00  0.1906E+01
 -15.320  0.1804E+00  0.1910E+01
 -15.300  0.1760E+00  0.1913E+01
 -15.280  0.1717E+00  0.1917E+01
 -15.260  0.1676E+00  0.1920E+01
 -15.240  0.1636E+00  0.1923E+01
 -15.220  0.1596E+00  0.1927E+01
 -15.200  0.1556E+00  0.1930E+01
 -15.180  0.1517E+00  0.1933E+01
 -15.160  0.1480E+00  0.1936E+01
 -15.140  0.1444E+00  0.1939E+01
 -15.120  0.1409E+00  0.1941E+01
 -15.100  0.1377E+00  0.1944E+01
 -15.080  0.1351E+00  0.1947E+01
 -15.060  0.1336E+00  0.1949E+01
 -15.040  0.1340E+00  0.1952E+01
 -15.020  0.1373E+00  0.1955E+01
 -15.000  0.1443E+00  0.1958E+01
 -14.980  0.1561E+00  0.1961E+01
 -14.960  0.1727E+00  0.1964E+01
 -14.940  0.1937E+00  0.1968E+01
 -14.920  0.2175E+00  0.1973E+01
 -14.900  0.2420E+00  0.1977E+01
 -14.880  0.2650E+00  0.1983E+01
 -14.860  0.2847E+00  0.1988E+01
 -14.840  0.3001E+00  0.1994E+01
 -14.820  0.3113E+00  0.2001E+01
 -14.800  0.3186E+00  0.2007E+01
 -14.780  0.3230E+00  0.2013E+01
 -14.760  0.3255E+00  0.2020E+01
 -14.740  0.3269E+00  0.2027E+01
 -14.720  0.3276E+00  0.2033E+01
 -14.700  0.3280E+00  0.2040E+01
 -14.680  0.3282E+00  0.2046E+01
 -14.660  0.3283E+00  0.2053E+01
 -14.640  0.3285E+00  0.2059E+01
 -14.620  0.3287E+00  0.2066E+01
 -14.600  0.3288E+00  0.2072E+01
 -14.580  0.3289E+00  0.2079E+01
 -14.560  0.3291E+00  0.2086E+01
 -14.540  0.3292E+00  0.2092E+01
 -14.520  0.3294E+00  0.2099E+01
 -14.500  0.3295E+00  0.2105E+01
 -14.480  0.3297E+00  0.2112E+01
 -14.460  0.3299E+00  0.2119E+01
 -14.440  0.3301E+00  0.2125E+01
 -14.420  0.3304E+00  0.2132E+01
 -14.400  0.3308E+00  0.2138E+01
 -14.380  0.3315E+00  0.2145E+01
 -14.360  0.3326E+00  0.2152E+01
 -14.340  0.3342E+00  0.2158E+01
 -14.320  0.3368E+00  0.2165E+01
 -14.300  0.3404E+00  0.2172E+01
 -14.280  0.3454E+00  0.2179E+01
 -14.260  0.3520E+00  0.2186E+01
 -14.240  0.3603E+00  0.2193E+01
 -14.220  0.3706E+00  0.2200E+01
 -14.200  0.3828E+00  0.2208E+01
 -14.180  0.3971E+00  0.2216E+01
 -14.160  0.4131E+00  0.2224E+01
 -14.140  0.4302E+00  0.2233E+01
 -14.120  0.4475E+00  0.2242E+01
 -14.100  0.4634E+00  0.2251E+01
 -14.080  0.4761E+00  0.2261E+01
 -14.060  0.4844E+00  0.2270E+01
 -14.040  0.4873E+00  0.2280E+01
 -14.020  0.4848E+00  0.2290E+01
 -14.000  0.4779E+00  0.2299E+01
 -13.980  0.4680E+00  0.2309E+01
 -13.960  0.4566E+00  0.2318E+01
 -13.940  0.4451E+00  0.2327E+01
 -13.920  0.4345E+00  0.2335E+01
 -13.900  0.4251E+00  0.2344E+01
 -13.880  0.4169E+00  0.2352E+01
 -13.860  0.4100E+00  0.2361E+01
 -13.840  0.4039E+00  0.2369E+01
 -13.820  0.3986E+00  0.2377E+01
 -13.800  0.3939E+00  0.2384E+01
 -13.780  0.3896E+00  0.2392E+01
 -13.760  0.3856E+00  0.2400E+01
 -13.740  0.3820E+00  0.2408E+01
 -13.720  0.3786E+00  0.2415E+01
 -13.700  0.3753E+00  0.2423E+01
 -13.680  0.3723E+00  0.2430E+01
 -13.660  0.3694E+00  0.2437E+01
 -13.640  0.3666E+00  0.2445E+01
 -13.620  0.3639E+00  0.2452E+01
 -13.600  0.3614E+00  0.2459E+01
 -13.580  0.3589E+00  0.2467E+01
 -13.560  0.3565E+00  0.2474E+01
 -13.540  0.3542E+00  0.2481E+01
 -13.520  0.3520E+00  0.2488E+01
 -13.500  0.3498E+00  0.2495E+01
 -13.480  0.3477E+00  0.2502E+01
 -13.460  0.3457E+00  0.2509E+01
 -13.440  0.3437E+00  0.2516E+01
 -13.420  0.3417E+00  0.2522E+01
 -13.400  0.3398E+00  0.2529E+01
 -13.380  0.3380E+00  0.2536E+01
 -13.360  0.3361E+00  0.2543E+01
 -13.340  0.3343E+00  0.2549E+01
 -13.320  0.3326E+00  0.2556E+01
 -13.300  0.3309E+00  0.2563E+01
 -13.280  0.3292E+00  0.2569E+01
 -13.260  0.3275E+00  0.2576E+01
 -13.240  0.3259E+00  0.2582E+01
 -13.220  0.3243E+00  0.2589E+01
 -13.200  0.3227E+00  0.2595E+01
 -13.180  0.3211E+00  0.2602E+01
 -13.160  0.3196E+00  0.2608E+01
 -13.140  0.3181E+00  0.2614E+01
 -13.120  0.3166E+00  0.2621E+01
 -13.100  0.3151E+00  0.2627E+01
 -13.080  0.3136E+00  0.2633E+01
 -13.060  0.3122E+00  0.2639E+01
 -13.040  0.3108E+00  0.2646E+01
 -13.020  0.3094E+00  0.2652E+01
 -13.000  0.3080E+00  0.2658E+01
 -12.980  0.3066E+00  0.2664E+01
 -12.960  0.3053E+00  0.2670E+01
 -12.940  0.3040E+00  0.2676E+01
 -12.920  0.3026E+00  0.2682E+01
 -12.900  0.3013E+00  0.2688E+01
 -12.880  0.3000E+00  0.2694E+01
 -12.860  0.2988E+00  0.2700E+01
 -12.840  0.2975E+00  0.2706E+01
 -12.820  0.2962E+00  0.2712E+01
 -12.800  0.2950E+00  0.2718E+01
 -12.780  0.2938E+00  0.2724E+01
 -12.760  0.2925E+00  0.2730E+01
 -12.740  0.2913E+00  0.2736E+01
 -12.720  0.2901E+00  0.2742E+01
 -12.700  0.2890E+00  0.2747E+01
 -12.680  0.2878E+00  0.2753E+01
 -12.660  0.2866E+00  0.2759E+01
 -12.640  0.2855E+00  0.2765E+01
 -12.620  0.2843E+00  0.2770E+01
 -12.600  0.2832E+00  0.2776E+01
 -12.580  0.2821E+00  0.2782E+01
 -12.560  0.2809E+00  0.2787E+01
 -12.540  0.2798E+00  0.2793E+01
 -12.520  0.2787E+00  0.2798E+01
 -12.500  0.2777E+00  0.2804E+01
 -12.480  0.2766E+00  0.2809E+01
 -12.460  0.2755E+00  0.2815E+01
 -12.440  0.2746E+00  0.2820E+01
 -12.420  0.2737E+00  0.2826E+01
 -12.400  0.2731E+00  0.2831E+01
 -12.380  0.2729E+00  0.2837E+01
 -12.360  0.2734E+00  0.2842E+01
 -12.340  0.2751E+00  0.2848E+01
 -12.320  0.2783E+00  0.2853E+01
 -12.300  0.2835E+00  0.2859E+01
 -12.280  0.2906E+00  0.2865E+01
 -12.260  0.2995E+00  0.2871E+01
 -12.240  0.3095E+00  0.2877E+01
 -12.220  0.3198E+00  0.2883E+01
 -12.200  0.3295E+00  0.2890E+01
 -12.180  0.3379E+00  0.2897E+01
 -12.160  0.3445E+00  0.2904E+01
 -12.140  0.3494E+00  0.2911E+01
 -12.120  0.3527E+00  0.2918E+01
 -12.100  0.3548E+00  0.2925E+01
 -12.080  0.3561E+00  0.2932E+01
 -12.060  0.3569E+00  0.2939E+01
 -12.040  0.3575E+00  0.2946E+01
 -12.020  0.3579E+00  0.2953E+01
 -12.000  0.3583E+00  0.2960E+01
 -11.980  0.3587E+00  0.2968E+01
 -11.960  0.3590E+00  0.2975E+01
 -11.940  0.3594E+00  0.2982E+01
 -11.920  0.3597E+00  0.2989E+01
 -11.900  0.3601E+00  0.2996E+01
 -11.880  0.3605E+00  0.3004E+01
 -11.860  0.3608E+00  0.3011E+01
 -11.840  0.3612E+00  0.3018E+01
 -11.820  0.3616E+00  0.3025E+01
 -11.800  0.3620E+00  0.3033E+01
 -11.780  0.3623E+00  0.3040E+01
 -11.760  0.3627E+00  0.3047E+01
 -11.740  0.3631E+00  0.3054E+01
 -11.720  0.3635E+00  0.3062E+01
 -11.700  0.3639E+00  0.3069E+01
 -11.680  0.3643E+00  0.3076E+01
 -11.660  0.3647E+00  0.3083E+01
 -11.640  0.3651E+00  0.3091E+01
 -11.620  0.3655E+00  0.3098E+01
 -11.600  0.3659E+00  0.3105E+01
 -11.580  0.3663E+00  0.3113E+01
 -11.560  0.3667E+00  0.3120E+01
 -11.540  0.3672E+00  0.3127E+01
 -11.520  0.3676E+00  0.3135E+01
 -11.500  0.3680E+00  0.3142E+01
 -11.480  0.3685E+00  0.3149E+01
 -11.460  0.3689E+00  0.3157E+01
 -11.440  0.3693E+00  0.3164E+01
 -11.420  0.3698E+00  0.3172E+01
 -11.400  0.3702E+00  0.3179E+01
 -11.380  0.3707E+00  0.3186E+01
 -11.360  0.3712E+00  0.3194E+01
 -11.340  0.3716E+00  0.3201E+01
 -11.320  0.3721E+00  0.3209E+01
 -11.300  0.3725E+00  0.3216E+01
 -11.280  0.3730E+00  0.3224E+01
 -11.260  0.3735E+00  0.3231E+01
 -11.240  0.3741E+00  0.3239E+01
 -11.220  0.3745E+00  0.3246E+01
 -11.200  0.3749E+00  0.3254E+01
 -11.180  0.3754E+00  0.3261E+01
 -11.160  0.3759E+00  0.3269E+01
 -11.140  0.3765E+00  0.3276E+01
 -11.120  0.3771E+00  0.3284E+01
 -11.100  0.3776E+00  0.3291E+01
 -11.080  0.3780E+00  0.3299E+01
 -11.060  0.3785E+00  0.3306E+01
 -11.040  0.3790E+00  0.3314E+01
 -11.020  0.3797E+00  0.3322E+01
 -11.000  0.3803E+00  0.3329E+01
 -10.980  0.3808E+00  0.3337E+01
 -10.960  0.3812E+00  0.3344E+01
 -10.940  0.3817E+00  0.3352E+01
 -10.920  0.3823E+00  0.3360E+01
 -10.900  0.3831E+00  0.3367E+01
 -10.880  0.3837E+00  0.3375E+01
 -10.860  0.3842E+00  0.3383E+01
 -10.840  0.3847E+00  0.3390E+01
 -10.820  0.3852E+00  0.3398E+01
 -10.800  0.3859E+00  0.3406E+01
 -10.780  0.3866E+00  0.3414E+01
 -10.760  0.3873E+00  0.3421E+01
 -10.740  0.3879E+00  0.3429E+01
 -10.720  0.3884E+00  0.3437E+01
 -10.700  0.3889E+00  0.3445E+01
 -10.680  0.3896E+00  0.3452E+01
 -10.660  0.3904E+00  0.3460E+01
 -10.640  0.3912E+00  0.3468E+01
 -10.620  0.3918E+00  0.3476E+01
 -10.600  0.3923E+00  0.3484E+01
 -10.580  0.3929E+00  0.3492E+01
 -10.560  0.3936E+00  0.3499E+01
 -10.540  0.3945E+00  0.3507E+01
 -10.520  0.3953E+00  0.3515E+01
 -10.500  0.3960E+00  0.3523E+01
 -10.480  0.3965E+00  0.3531E+01
 -10.460  0.3972E+00  0.3539E+01
 -10.440  0.3979E+00  0.3547E+01
 -10.420  0.3988E+00  0.3555E+01
 -10.400  0.3997E+00  0.3563E+01
 -10.380  0.4005E+00  0.3571E+01
 -10.360  0.4011E+00  0.3579E+01
 -10.340  0.4018E+00  0.3587E+01
 -10.320  0.4026E+00  0.3595E+01
 -10.300  0.4035E+00  0.3603E+01
 -10.280  0.4044E+00  0.3611E+01
 -10.260  0.4053E+00  0.3619E+01
 -10.240  0.4060E+00  0.3627E+01
 -10.220  0.4067E+00  0.3636E+01
 -10.200  0.4076E+00  0.3644E+01
 -10.180  0.4086E+00  0.3652E+01
 -10.160  0.4096E+00  0.3660E+01
 -10.140  0.4105E+00  0.3668E+01
 -10.120  0.4113E+00  0.3677E+01
 -10.100  0.4121E+00  0.3685E+01
 -10.080  0.4130E+00  0.3693E+01
 -10.060  0.4140E+00  0.3701E+01
 -10.040  0.4151E+00  0.3710E+01
 -10.020  0.4161E+00  0.3718E+01
 -10.000  0.4170E+00  0.3726E+01
  -9.980  0.4179E+00  0.3735E+01
  -9.960  0.4189E+00  0.3743E+01
  -9.940  0.4200E+00  0.3751E+01
  -9.920  0.4211E+00  0.3760E+01
  -9.900  0.4221E+00  0.3768E+01
  -9.880  0.4232E+00  0.3777E+01
  -9.860  0.4242E+00  0.3785E+01
  -9.840  0.4253E+00  0.3794E+01
  -9.820  0.4265E+00  0.3802E+01
  -9.800  0.4277E+00  0.3811E+01
  -9.780  0.4288E+00  0.3819E+01
  -9.760  0.4299E+00  0.3828E+01
  -9.740  0.4311E+00  0.3837E+01
  -9.720  0.4323E+00  0.3845E+01
  -9.700  0.4336E+00  0.3854E+01
  -9.680  0.4349E+00  0.3863E+01
  -9.660  0.4361E+00  0.3871E+01
  -9.640  0.4374E+00  0.3880E+01
  -9.620  0.4386E+00  0.3889E+01
  -9.600  0.4400E+00  0.3898E+01
  -9.580  0.4414E+00  0.3906E+01
  -9.560  0.4428E+00  0.3915E+01
  -9.540  0.4442E+00  0.3924E+01
  -9.520  0.4457E+00  0.3933E+01
  -9.500  0.4473E+00  0.3942E+01
  -9.480  0.4492E+00  0.3951E+01
  -9.460  0.4516E+00  0.3960E+01
  -9.440  0.4549E+00  0.3969E+01
  -9.420  0.4598E+00  0.3978E+01
  -9.400  0.4674E+00  0.3988E+01
  -9.380  0.4789E+00  0.3997E+01
  -9.360  0.4954E+00  0.4007E+01
  -9.340  0.5172E+00  0.4018E+01
  -9.320  0.5441E+00  0.4028E+01
  -9.300  0.5747E+00  0.4040E+01
  -9.280  0.6069E+00  0.4052E+01
  -9.260  0.6380E+00  0.4065E+01
  -9.240  0.6658E+00  0.4078E+01
  -9.220  0.6886E+00  0.4092E+01
  -9.200  0.7060E+00  0.4106E+01
  -9.180  0.7185E+00  0.4120E+01
  -9.160  0.7271E+00  0.4135E+01
  -9.140  0.7331E+00  0.4150E+01
  -9.120  0.7374E+00  0.4164E+01
  -9.100  0.7406E+00  0.4179E+01
  -9.080  0.7433E+00  0.4194E+01
  -9.060  0.7459E+00  0.4209E+01
  -9.040  0.7484E+00  0.4224E+01
  -9.020  0.7511E+00  0.4239E+01
  -9.000  0.7537E+00  0.4254E+01
  -8.980  0.7565E+00  0.4269E+01
  -8.960  0.7592E+00  0.4284E+01
  -8.940  0.7620E+00  0.4300E+01
  -8.920  0.7649E+00  0.4315E+01
  -8.900  0.7679E+00  0.4330E+01
  -8.880  0.7710E+00  0.4346E+01
  -8.860  0.7743E+00  0.4361E+01
  -8.840  0.7775E+00  0.4377E+01
  -8.820  0.7808E+00  0.4392E+01
  -8.800  0.7843E+00  0.4408E+01
  -8.780  0.7879E+00  0.4424E+01
  -8.760  0.7917E+00  0.4440E+01
  -8.740  0.7956E+00  0.4456E+01
  -8.720  0.7996E+00  0.4471E+01
  -8.700  0.8036E+00  0.4488E+01
  -8.680  0.8079E+00  0.4504E+01
  -8.660  0.8124E+00  0.4520E+01
  -8.640  0.8171E+00  0.4536E+01
  -8.620  0.8221E+00  0.4553E+01
  -8.600  0.8271E+00  0.4569E+01
  -8.580  0.8324E+00  0.4586E+01
  -8.560  0.8379E+00  0.4603E+01
  -8.540  0.8438E+00  0.4620E+01
  -8.520  0.8500E+00  0.4637E+01
  -8.500  0.8566E+00  0.4654E+01
  -8.480  0.8635E+00  0.4671E+01
  -8.460  0.8708E+00  0.4688E+01
  -8.440  0.8786E+00  0.4706E+01
  -8.420  0.8871E+00  0.4724E+01
  -8.400  0.8962E+00  0.4742E+01
  -8.380  0.9062E+00  0.4760E+01
  -8.360  0.9170E+00  0.4778E+01
  -8.340  0.9290E+00  0.4797E+01
  -8.320  0.9424E+00  0.4816E+01
  -8.300  0.9578E+00  0.4835E+01
  -8.280  0.9757E+00  0.4854E+01
  -8.260  0.9965E+00  0.4874E+01
  -8.240  0.1021E+01  0.4895E+01
  -8.220  0.1048E+01  0.4915E+01
  -8.200  0.1078E+01  0.4937E+01
  -8.180  0.1108E+01  0.4959E+01
  -8.160  0.1136E+01  0.4982E+01
  -8.140  0.1159E+01  0.5005E+01
  -8.120  0.1171E+01  0.5029E+01
  -8.100  0.1172E+01  0.5052E+01
  -8.080  0.1162E+01  0.5075E+01
  -8.060  0.1141E+01  0.5098E+01
  -8.040  0.1113E+01  0.5120E+01
  -8.020  0.1081E+01  0.5142E+01
  -8.000  0.1050E+01  0.5163E+01
  -7.980  0.1020E+01  0.5183E+01
  -7.960  0.9934E+00  0.5203E+01
  -7.940  0.9703E+00  0.5223E+01
  -7.920  0.9504E+00  0.5242E+01
  -7.900  0.9332E+00  0.5260E+01
  -7.880  0.9180E+00  0.5279E+01
  -7.860  0.9045E+00  0.5297E+01
  -7.840  0.8922E+00  0.5315E+01
  -7.820  0.8809E+00  0.5332E+01
  -7.800  0.8705E+00  0.5350E+01
  -7.780  0.8609E+00  0.5367E+01
  -7.760  0.8519E+00  0.5384E+01
  -7.740  0.8435E+00  0.5401E+01
  -7.720  0.8354E+00  0.5417E+01
  -7.700  0.8277E+00  0.5434E+01
  -7.680  0.8205E+00  0.5450E+01
  -7.660  0.8136E+00  0.5467E+01
  -7.640  0.8071E+00  0.5483E+01
  -7.620  0.8009E+00  0.5499E+01
  -7.600  0.7948E+00  0.5515E+01
  -7.580  0.7889E+00  0.5530E+01
  -7.560  0.7833E+00  0.5546E+01
  -7.540  0.7779E+00  0.5562E+01
  -7.520  0.7728E+00  0.5577E+01
  -7.500  0.7678E+00  0.5593E+01
  -7.480  0.7629E+00  0.5608E+01
  -7.460  0.7582E+00  0.5623E+01
  -7.440  0.7535E+00  0.5638E+01
  -7.420  0.7491E+00  0.5653E+01
  -7.400  0.7449E+00  0.5668E+01
  -7.380  0.7408E+00  0.5683E+01
  -7.360  0.7367E+00  0.5697E+01
  -7.340  0.7327E+00  0.5712E+01
  -7.320  0.7288E+00  0.5727E+01
  -7.300  0.7250E+00  0.5741E+01
  -7.280  0.7214E+00  0.5756E+01
  -7.260  0.7179E+00  0.5770E+01
  -7.240  0.7144E+00  0.5784E+01
  -7.220  0.7109E+00  0.5798E+01
  -7.200  0.7076E+00  0.5813E+01
  -7.180  0.7043E+00  0.5827E+01
  -7.160  0.7012E+00  0.5841E+01
  -7.140  0.6981E+00  0.5855E+01
  -7.120  0.6950E+00  0.5869E+01
  -7.100  0.6920E+00  0.5882E+01
  -7.080  0.6890E+00  0.5896E+01
  -7.060  0.6861E+00  0.5910E+01
  -7.040  0.6834E+00  0.5924E+01
  -7.020  0.6807E+00  0.5937E+01
  -7.000  0.6780E+00  0.5951E+01
  -6.980  0.6753E+00  0.5964E+01
  -6.960  0.6726E+00  0.5978E+01
  -6.940  0.6700E+00  0.5991E+01
  -6.920  0.6676E+00  0.6004E+01
  -6.900  0.6651E+00  0.6018E+01
  -6.880  0.6627E+00  0.6031E+01
  -6.860  0.6603E+00  0.6044E+01
  -6.840  0.6579E+00  0.6057E+01
  -6.820  0.6556E+00  0.6071E+01
  -6.800  0.6534E+00  0.6084E+01
  -6.780  0.6512E+00  0.6097E+01
  -6.760  0.6490E+00  0.6110E+01
  -6.740  0.6468E+00  0.6123E+01
  -6.720  0.6447E+00  0.6135E+01
  -6.700  0.6426E+00  0.6148E+01
  -6.680  0.6406E+00  0.6161E+01
  -6.660  0.6386E+00  0.6174E+01
  -6.640  0.6366E+00  0.6187E+01
  -6.620  0.6346E+00  0.6199E+01
  -6.600  0.6327E+00  0.6212E+01
  -6.580  0.6308E+00  0.6225E+01
  -6.560  0.6290E+00  0.6237E+01
  -6.540  0.6271E+00  0.6250E+01
  -6.520  0.6253E+00  0.6262E+01
  -6.500  0.6235E+00  0.6275E+01
  -6.480  0.6217E+00  0.6287E+01
  -6.460  0.6200E+00  0.6299E+01
  -6.440  0.6184E+00  0.6312E+01
  -6.420  0.6167E+00  0.6324E+01
  -6.400  0.6150E+00  0.6336E+01
  -6.380  0.6134E+00  0.6349E+01
  -6.360  0.6118E+00  0.6361E+01
  -6.340  0.6103E+00  0.6373E+01
  -6.320  0.6087E+00  0.6385E+01
  -6.300  0.6072E+00  0.6398E+01
  -6.280  0.6057E+00  0.6410E+01
  -6.260  0.6042E+00  0.6422E+01
  -6.240  0.6028E+00  0.6434E+01
  -6.220  0.6013E+00  0.6446E+01
  -6.200  0.5999E+00  0.6458E+01
  -6.180  0.5985E+00  0.6470E+01
  -6.160  0.5972E+00  0.6482E+01
  -6.140  0.5958E+00  0.6494E+01
  -6.120  0.5945E+00  0.6506E+01
  -6.100  0.5932E+00  0.6517E+01
  -6.080  0.5919E+00  0.6529E+01
  -6.060  0.5907E+00  0.6541E+01
  -6.040  0.5894E+00  0.6553E+01
  -6.020  0.5882E+00  0.6565E+01
  -6.000  0.5870E+00  0.6576E+01
  -5.980  0.5858E+00  0.6588E+01
  -5.960  0.5847E+00  0.6600E+01
  -5.940  0.5836E+00  0.6611E+01
  -5.920  0.5824E+00  0.6623E+01
  -5.900  0.5813E+00  0.6635E+01
  -5.880  0.5803E+00  0.6646E+01
  -5.860  0.5792E+00  0.6658E+01
  -5.840  0.5782E+00  0.6669E+01
  -5.820  0.5772E+00  0.6681E+01
  -5.800  0.5762E+00  0.6692E+01
  -5.780  0.5752E+00  0.6704E+01
  -5.760  0.5742E+00  0.6715E+01
  -5.740  0.5733E+00  0.6727E+01
  -5.720  0.5724E+00  0.6738E+01
  -5.700  0.5715E+00  0.6750E+01
  -5.680  0.5706E+00  0.6761E+01
  -5.660  0.5698E+00  0.6773E+01
  -5.640  0.5690E+00  0.6784E+01
  -5.620  0.5682E+00  0.6795E+01
  -5.600  0.5674E+00  0.6807E+01
  -5.580  0.5666E+00  0.6818E+01
  -5.560  0.5658E+00  0.6829E+01
  -5.540  0.5651E+00  0.6841E+01
  -5.520  0.5644E+00  0.6852E+01
  -5.500  0.5638E+00  0.6863E+01
  -5.480  0.5631E+00  0.6874E+01
  -5.460  0.5624E+00  0.6886E+01
  -5.440  0.5618E+00  0.6897E+01
  -5.420  0.5613E+00  0.6908E+01
  -5.400  0.5607E+00  0.6919E+01
  -5.380  0.5601E+00  0.6931E+01
  -5.360  0.5596E+00  0.6942E+01
  -5.340  0.5591E+00  0.6953E+01
  -5.320  0.5587E+00  0.6964E+01
  -5.300  0.5583E+00  0.6975E+01
  -5.280  0.5578E+00  0.6986E+01
  -5.260  0.5574E+00  0.6998E+01
  -5.240  0.5570E+00  0.7009E+01
  -5.220  0.5567E+00  0.7020E+01
  -5.200  0.5565E+00  0.7031E+01
  -5.180  0.5562E+00  0.7042E+01
  -5.160  0.5559E+00  0.7053E+01
  -5.140  0.5557E+00  0.7064E+01
  -5.120  0.5555E+00  0.7076E+01
  -5.100  0.5554E+00  0.7087E+01
  -5.080  0.5553E+00  0.7098E+01
  -5.060  0.5552E+00  0.7109E+01
  -5.040  0.5551E+00  0.7120E+01
  -5.020  0.5551E+00  0.7131E+01
  -5.000  0.5552E+00  0.7142E+01
  -4.980  0.5553E+00  0.7153E+01
  -4.960  0.5554E+00  0.7164E+01
  -4.940  0.5554E+00  0.7175E+01
  -4.920  0.5552E+00  0.7187E+01
  -4.900  0.5547E+00  0.7198E+01
  -4.880  0.5535E+00  0.7209E+01
  -4.860  0.5510E+00  0.7220E+01
  -4.840  0.5461E+00  0.7231E+01
  -4.820  0.5381E+00  0.7241E+01
  -4.800  0.5261E+00  0.7252E+01
  -4.780  0.5099E+00  0.7262E+01
  -4.760  0.4899E+00  0.7272E+01
  -4.740  0.4670E+00  0.7281E+01
  -4.720  0.4433E+00  0.7290E+01
  -4.700  0.4209E+00  0.7299E+01
  -4.680  0.4018E+00  0.7307E+01
  -4.660  0.3870E+00  0.7314E+01
  -4.640  0.3769E+00  0.7322E+01
  -4.620  0.3708E+00  0.7329E+01
  -4.600  0.3680E+00  0.7337E+01
  -4.580  0.3675E+00  0.7344E+01
  -4.560  0.3687E+00  0.7351E+01
  -4.540  0.3708E+00  0.7359E+01
  -4.520  0.3735E+00  0.7366E+01
  -4.500  0.3765E+00  0.7374E+01
  -4.480  0.3796E+00  0.7381E+01
  -4.460  0.3830E+00  0.7389E+01
  -4.440  0.3868E+00  0.7397E+01
  -4.420  0.3908E+00  0.7405E+01
  -4.400  0.3951E+00  0.7413E+01
  -4.380  0.3996E+00  0.7421E+01
  -4.360  0.4044E+00  0.7429E+01
  -4.340  0.4097E+00  0.7437E+01
  -4.320  0.4155E+00  0.7445E+01
  -4.300  0.4221E+00  0.7454E+01
  -4.280  0.4293E+00  0.7462E+01
  -4.260  0.4372E+00  0.7471E+01
  -4.240  0.4464E+00  0.7480E+01
  -4.220  0.4571E+00  0.7489E+01
  -4.200  0.4698E+00  0.7498E+01
  -4.180  0.4849E+00  0.7508E+01
  -4.160  0.5022E+00  0.7518E+01
  -4.140  0.5217E+00  0.7529E+01
  -4.120  0.5424E+00  0.7539E+01
  -4.100  0.5628E+00  0.7551E+01
  -4.080  0.5804E+00  0.7562E+01
  -4.060  0.5924E+00  0.7574E+01
  -4.040  0.5964E+00  0.7586E+01
  -4.020  0.5913E+00  0.7598E+01
  -4.000  0.5778E+00  0.7609E+01
  -3.980  0.5577E+00  0.7621E+01
  -3.960  0.5335E+00  0.7631E+01
  -3.940  0.5077E+00  0.7641E+01
  -3.920  0.4825E+00  0.7651E+01
  -3.900  0.4592E+00  0.7660E+01
  -3.880  0.4387E+00  0.7669E+01
  -3.860  0.4209E+00  0.7677E+01
  -3.840  0.4055E+00  0.7686E+01
  -3.820  0.3917E+00  0.7693E+01
  -3.800  0.3792E+00  0.7701E+01
  -3.780  0.3679E+00  0.7708E+01
  -3.760  0.3576E+00  0.7715E+01
  -3.740  0.3483E+00  0.7722E+01
  -3.720  0.3395E+00  0.7729E+01
  -3.700  0.3311E+00  0.7736E+01
  -3.680  0.3230E+00  0.7742E+01
  -3.660  0.3154E+00  0.7749E+01
  -3.640  0.3084E+00  0.7755E+01
  -3.620  0.3017E+00  0.7761E+01
  -3.600  0.2952E+00  0.7767E+01
  -3.580  0.2888E+00  0.7772E+01
  -3.560  0.2826E+00  0.7778E+01
  -3.540  0.2768E+00  0.7784E+01
  -3.520  0.2713E+00  0.7789E+01
  -3.500  0.2659E+00  0.7794E+01
  -3.480  0.2606E+00  0.7800E+01
  -3.460  0.2554E+00  0.7805E+01
  -3.440  0.2503E+00  0.7810E+01
  -3.420  0.2455E+00  0.7815E+01
  -3.400  0.2409E+00  0.7819E+01
  -3.380  0.2364E+00  0.7824E+01
  -3.360  0.2318E+00  0.7829E+01
  -3.340  0.2273E+00  0.7833E+01
  -3.320  0.2230E+00  0.7838E+01
  -3.300  0.2189E+00  0.7842E+01
  -3.280  0.2149E+00  0.7846E+01
  -3.260  0.2109E+00  0.7851E+01
  -3.240  0.2069E+00  0.7855E+01
  -3.220  0.2029E+00  0.7859E+01
  -3.200  0.1991E+00  0.7863E+01
  -3.180  0.1955E+00  0.7867E+01
  -3.160  0.1919E+00  0.7871E+01
  -3.140  0.1883E+00  0.7874E+01
  -3.120  0.1847E+00  0.7878E+01
  -3.100  0.1812E+00  0.7882E+01
  -3.080  0.1778E+00  0.7885E+01
  -3.060  0.1745E+00  0.7889E+01
  -3.040  0.1712E+00  0.7892E+01
  -3.020  0.1679E+00  0.7896E+01
  -3.000  0.1646E+00  0.7899E+01
  -2.980  0.1614E+00  0.7902E+01
  -2.960  0.1583E+00  0.7905E+01
  -2.940  0.1553E+00  0.7908E+01
  -2.920  0.1522E+00  0.7911E+01
  -2.900  0.1491E+00  0.7914E+01
  -2.880  0.1461E+00  0.7917E+01
  -2.860  0.1432E+00  0.7920E+01
  -2.840  0.1403E+00  0.7923E+01
  -2.820  0.1374E+00  0.7926E+01
  -2.800  0.1346E+00  0.7928E+01
  -2.780  0.1317E+00  0.7931E+01
  -2.760  0.1289E+00  0.7934E+01
  -2.740  0.1262E+00  0.7936E+01
  -2.720  0.1235E+00  0.7939E+01
  -2.700  0.1208E+00  0.7941E+01
  -2.680  0.1180E+00  0.7943E+01
  -2.660  0.1153E+00  0.7946E+01
  -2.640  0.1127E+00  0.7948E+01
  -2.620  0.1101E+00  0.7950E+01
  -2.600  0.1075E+00  0.7952E+01
  -2.580  0.1050E+00  0.7954E+01
  -2.560  0.1024E+00  0.7956E+01
  -2.540  0.9983E-01  0.7958E+01
  -2.520  0.9732E-01  0.7960E+01
  -2.500  0.9484E-01  0.7962E+01
  -2.480  0.9236E-01  0.7964E+01
  -2.460  0.8988E-01  0.7966E+01
  -2.440  0.8741E-01  0.7968E+01
  -2.420  0.8498E-01  0.7969E+01
  -2.400  0.8257E-01  0.7971E+01
  -2.380  0.8017E-01  0.7973E+01
  -2.360  0.7777E-01  0.7974E+01
  -2.340  0.7537E-01  0.7976E+01
  -2.320  0.7300E-01  0.7977E+01
  -2.300  0.7065E-01  0.7979E+01
  -2.280  0.6831E-01  0.7980E+01
  -2.260  0.6597E-01  0.7981E+01
  -2.240  0.6363E-01  0.7983E+01
  -2.220  0.6131E-01  0.7984E+01
  -2.200  0.5901E-01  0.7985E+01
  -2.180  0.5672E-01  0.7986E+01
  -2.160  0.5442E-01  0.7987E+01
  -2.140  0.5213E-01  0.7988E+01
  -2.120  0.4985E-01  0.7989E+01
  -2.100  0.4758E-01  0.7990E+01
  -2.080  0.4532E-01  0.7991E+01
  -2.060  0.4306E-01  0.7992E+01
  -2.040  0.4080E-01  0.7993E+01
  -2.020  0.3855E-01  0.7993E+01
  -2.000  0.3630E-01  0.7994E+01
  -1.980  0.3406E-01  0.7995E+01
  -1.960  0.3183E-01  0.7996E+01
  -1.940  0.2959E-01  0.7996E+01
  -1.920  0.2735E-01  0.7997E+01
  -1.900  0.2511E-01  0.7997E+01
  -1.880  0.2289E-01  0.7998E+01
  -1.860  0.2066E-01  0.7998E+01
  -1.840  0.1845E-01  0.7998E+01
  -1.820  0.1627E-01  0.7999E+01
  -1.800  0.1414E-01  0.7999E+01
  -1.780  0.1211E-01  0.7999E+01
  -1.760  0.1023E-01  0.7999E+01
  -1.740  0.8602E-02  0.8000E+01
  -1.720  0.7307E-02  0.8000E+01
  -1.700  0.6440E-02  0.8000E+01
  -1.680  0.6070E-02  0.8000E+01
  -1.660  0.6229E-02  0.8000E+01
  -1.640  0.6905E-02  0.8000E+01
  -1.620  0.8049E-02  0.8000E+01
  -1.600  0.9579E-02  0.8001E+01
  -1.580  0.1140E-01  0.8001E+01
  -1.560  0.1342E-01  0.8001E+01
  -1.540  0.1558E-01  0.8001E+01
  -1.520  0.1782E-01  0.8002E+01
  -1.500  0.2011E-01  0.8002E+01
  -1.480  0.2243E-01  0.8003E+01
  -1.460  0.2477E-01  0.8003E+01
  -1.440  0.2712E-01  0.8004E+01
  -1.420  0.2949E-01  0.8004E+01
  -1.400  0.3187E-01  0.8005E+01
  -1.380  0.3427E-01  0.8006E+01
  -1.360  0.3668E-01  0.8006E+01
  -1.340  0.3911E-01  0.8007E+01
  -1.320  0.4157E-01  0.8008E+01
  -1.300  0.4404E-01  0.8009E+01
  -1.280  0.4653E-01  0.8010E+01
  -1.260  0.4903E-01  0.8011E+01
  -1.240  0.5156E-01  0.8012E+01
  -1.220  0.5412E-01  0.8013E+01
  -1.200  0.5671E-01  0.8014E+01
  -1.180  0.5931E-01  0.8015E+01
  -1.160  0.6194E-01  0.8016E+01
  -1.140  0.6460E-01  0.8018E+01
  -1.120  0.6730E-01  0.8019E+01
  -1.100  0.7004E-01  0.8020E+01
  -1.080  0.7280E-01  0.8022E+01
  -1.060  0.7559E-01  0.8023E+01
  -1.040  0.7842E-01  0.8025E+01
  -1.020  0.8130E-01  0.8027E+01
  -1.000  0.8423E-01  0.8028E+01
  -0.980  0.8720E-01  0.8030E+01
  -0.960  0.9021E-01  0.8032E+01
  -0.940  0.9326E-01  0.8034E+01
  -0.920  0.9637E-01  0.8036E+01
  -0.900  0.9956E-01  0.8038E+01
  -0.880  0.1028E+00  0.8040E+01
  -0.860  0.1061E+00  0.8042E+01
  -0.840  0.1094E+00  0.8044E+01
  -0.820  0.1129E+00  0.8046E+01
  -0.800  0.1164E+00  0.8049E+01
  -0.780  0.1200E+00  0.8051E+01
  -0.760  0.1237E+00  0.8053E+01
  -0.740  0.1274E+00  0.8056E+01
  -0.720  0.1312E+00  0.8059E+01
  -0.700  0.1352E+00  0.8061E+01
  -0.680  0.1393E+00  0.8064E+01
  -0.660  0.1436E+00  0.8067E+01
  -0.640  0.1479E+00  0.8070E+01
  -0.620  0.1523E+00  0.8073E+01
  -0.600  0.1569E+00  0.8076E+01
  -0.580  0.1617E+00  0.8079E+01
  -0.560  0.1667E+00  0.8083E+01
  -0.540  0.1719E+00  0.8086E+01
  -0.520  0.1772E+00  0.8090E+01
  -0.500  0.1827E+00  0.8093E+01
  -0.480  0.1886E+00  0.8097E+01
  -0.460  0.1948E+00  0.8101E+01
  -0.440  0.2013E+00  0.8105E+01
  -0.420  0.2080E+00  0.8109E+01
  -0.400  0.2151E+00  0.8114E+01
  -0.380  0.2227E+00  0.8118E+01
  -0.360  0.2309E+00  0.8123E+01
  -0.340  0.2397E+00  0.8127E+01
  -0.320  0.2490E+00  0.8132E+01
  -0.300  0.2591E+00  0.8138E+01
  -0.280  0.2701E+00  0.8143E+01
  -0.260  0.2824E+00  0.8149E+01
  -0.240  0.2961E+00  0.8155E+01
  -0.220  0.3116E+00  0.8161E+01
  -0.200  0.3293E+00  0.8167E+01
  -0.180  0.3502E+00  0.8174E+01
  -0.160  0.3751E+00  0.8182E+01
  -0.140  0.4052E+00  0.8190E+01
  -0.120  0.4408E+00  0.8199E+01
  -0.100  0.4818E+00  0.8208E+01
  -0.080  0.5269E+00  0.8219E+01
  -0.060  0.5731E+00  0.8230E+01
  -0.040  0.6163E+00  0.8243E+01
  -0.020  0.6513E+00  0.8256E+01
  -0.000  0.6737E+00  0.8269E+01
   0.020  0.6809E+00  0.8283E+01
   0.040  0.6731E+00  0.8296E+01
   0.060  0.6532E+00  0.8309E+01
   0.080  0.6254E+00  0.8322E+01
   0.100  0.5942E+00  0.8334E+01
   0.120  0.5632E+00  0.8345E+01
   0.140  0.5348E+00  0.8356E+01
   0.160  0.5100E+00  0.8366E+01
   0.180  0.4890E+00  0.8376E+01
   0.200  0.4715E+00  0.8385E+01
   0.220  0.4567E+00  0.8394E+01
   0.240  0.4439E+00  0.8403E+01
   0.260  0.4327E+00  0.8412E+01
   0.280  0.4226E+00  0.8420E+01
   0.300  0.4136E+00  0.8429E+01
   0.320  0.4055E+00  0.8437E+01
   0.340  0.3982E+00  0.8445E+01
   0.360  0.3914E+00  0.8452E+01
   0.380  0.3850E+00  0.8460E+01
   0.400  0.3790E+00  0.8468E+01
   0.420  0.3733E+00  0.8475E+01
   0.440  0.3682E+00  0.8483E+01
   0.460  0.3634E+00  0.8490E+01
   0.480  0.3589E+00  0.8497E+01
   0.500  0.3545E+00  0.8504E+01
   0.520  0.3502E+00  0.8511E+01
   0.540  0.3461E+00  0.8518E+01
   0.560  0.3423E+00  0.8525E+01
   0.580  0.3389E+00  0.8532E+01
   0.600  0.3356E+00  0.8538E+01
   0.620  0.3323E+00  0.8545E+01
   0.640  0.3289E+00  0.8552E+01
   0.660  0.3257E+00  0.8558E+01
   0.680  0.3228E+00  0.8565E+01
   0.700  0.3201E+00  0.8571E+01
   0.720  0.3175E+00  0.8577E+01
   0.740  0.3149E+00  0.8584E+01
   0.760  0.3122E+00  0.8590E+01
   0.780  0.3096E+00  0.8596E+01
   0.800  0.3071E+00  0.8602E+01
   0.820  0.3049E+00  0.8608E+01
   0.840  0.3028E+00  0.8614E+01
   0.860  0.3007E+00  0.8620E+01
   0.880  0.2986E+00  0.8626E+01
   0.900  0.2963E+00  0.8632E+01
   0.920  0.2941E+00  0.8638E+01
   0.940  0.2922E+00  0.8644E+01
   0.960  0.2905E+00  0.8650E+01
   0.980  0.2888E+00  0.8656E+01
   1.000  0.2870E+00  0.8661E+01
   1.020  0.2850E+00  0.8667E+01
   1.040  0.2831E+00  0.8673E+01
   1.060  0.2813E+00  0.8678E+01
   1.080  0.2798E+00  0.8684E+01
   1.100  0.2784E+00  0.8689E+01
   1.120  0.2769E+00  0.8695E+01
   1.140  0.2753E+00  0.8700E+01
   1.160  0.2735E+00  0.8706E+01
   1.180  0.2719E+00  0.8711E+01
   1.200  0.2704E+00  0.8717E+01
   1.220  0.2692E+00  0.8722E+01
   1.240  0.2681E+00  0.8728E+01
   1.260  0.2670E+00  0.8733E+01
   1.280  0.2660E+00  0.8738E+01
   1.300  0.2657E+00  0.8743E+01
   1.320  0.2667E+00  0.8749E+01
   1.340  0.2700E+00  0.8754E+01
   1.360  0.2765E+00  0.8760E+01
   1.380  0.2868E+00  0.8765E+01
   1.400  0.3017E+00  0.8772E+01
   1.420  0.3209E+00  0.8778E+01
   1.440  0.3440E+00  0.8785E+01
   1.460  0.3692E+00  0.8792E+01
   1.480  0.3944E+00  0.8800E+01
   1.500  0.4172E+00  0.8808E+01
   1.520  0.4359E+00  0.8817E+01
   1.540  0.4496E+00  0.8826E+01
   1.560  0.4587E+00  0.8835E+01
   1.580  0.4641E+00  0.8845E+01
   1.600  0.4670E+00  0.8854E+01
   1.620  0.4683E+00  0.8863E+01
   1.640  0.4685E+00  0.8873E+01
   1.660  0.4680E+00  0.8882E+01
   1.680  0.4670E+00  0.8891E+01
   1.700  0.4658E+00  0.8901E+01
   1.720  0.4647E+00  0.8910E+01
   1.740  0.4639E+00  0.8919E+01
   1.760  0.4632E+00  0.8929E+01
   1.780  0.4625E+00  0.8938E+01
   1.800  0.4615E+00  0.8947E+01
   1.820  0.4603E+00  0.8956E+01
   1.840  0.4591E+00  0.8965E+01
   1.860  0.4581E+00  0.8975E+01
   1.880  0.4574E+00  0.8984E+01
   1.900  0.4569E+00  0.8993E+01
   1.920  0.4562E+00  0.9002E+01
   1.940  0.4552E+00  0.9011E+01
   1.960  0.4541E+00  0.9020E+01
   1.980  0.4530E+00  0.9029E+01
   2.000  0.4521E+00  0.9038E+01
   2.020  0.4515E+00  0.9047E+01
   2.040  0.4510E+00  0.9056E+01
   2.060  0.4504E+00  0.9065E+01
   2.080  0.4494E+00  0.9074E+01
   2.100  0.4483E+00  0.9083E+01
   2.120  0.4473E+00  0.9092E+01
   2.140  0.4465E+00  0.9101E+01
   2.160  0.4460E+00  0.9110E+01
   2.180  0.4456E+00  0.9119E+01
   2.200  0.4451E+00  0.9128E+01
   2.220  0.4444E+00  0.9137E+01
   2.240  0.4438E+00  0.9146E+01
   2.260  0.4439E+00  0.9155E+01
   2.280  0.4453E+00  0.9163E+01
   2.300  0.4490E+00  0.9172E+01
   2.320  0.4556E+00  0.9182E+01
   2.340  0.4658E+00  0.9191E+01
   2.360  0.4803E+00  0.9200E+01
   2.380  0.4993E+00  0.9210E+01
   2.400  0.5222E+00  0.9221E+01
   2.420  0.5477E+00  0.9232E+01
   2.440  0.5736E+00  0.9243E+01
   2.460  0.5974E+00  0.9255E+01
   2.480  0.6172E+00  0.9268E+01
   2.500  0.6321E+00  0.9280E+01
   2.520  0.6423E+00  0.9293E+01
   2.540  0.6487E+00  0.9306E+01
   2.560  0.6528E+00  0.9319E+01
   2.580  0.6559E+00  0.9332E+01
   2.600  0.6591E+00  0.9345E+01
   2.620  0.6634E+00  0.9359E+01
   2.640  0.6700E+00  0.9372E+01
   2.660  0.6801E+00  0.9386E+01
   2.680  0.6947E+00  0.9400E+01
   2.700  0.7141E+00  0.9414E+01
   2.720  0.7377E+00  0.9429E+01
   2.740  0.7636E+00  0.9444E+01
   2.760  0.7893E+00  0.9460E+01
   2.780  0.8124E+00  0.9476E+01
   2.800  0.8313E+00  0.9493E+01
   2.820  0.8456E+00  0.9509E+01
   2.840  0.8557E+00  0.9527E+01
   2.860  0.8622E+00  0.9544E+01
   2.880  0.8661E+00  0.9561E+01
   2.900  0.8681E+00  0.9578E+01
   2.920  0.8686E+00  0.9596E+01
   2.940  0.8683E+00  0.9613E+01
   2.960  0.8675E+00  0.9631E+01
   2.980  0.8669E+00  0.9648E+01
   3.000  0.8665E+00  0.9665E+01
   3.020  0.8664E+00  0.9683E+01
   3.040  0.8663E+00  0.9700E+01
   3.060  0.8658E+00  0.9717E+01
   3.080  0.8651E+00  0.9735E+01
   3.100  0.8641E+00  0.9752E+01
   3.120  0.8634E+00  0.9769E+01
   3.140  0.8629E+00  0.9786E+01
   3.160  0.8628E+00  0.9804E+01
   3.180  0.8628E+00  0.9821E+01
   3.200  0.8624E+00  0.9838E+01
   3.220  0.8618E+00  0.9855E+01
   3.240  0.8608E+00  0.9873E+01
   3.260  0.8600E+00  0.9890E+01
   3.280  0.8595E+00  0.9907E+01
   3.300  0.8594E+00  0.9924E+01
   3.320  0.8594E+00  0.9941E+01
   3.340  0.8592E+00  0.9958E+01
   3.360  0.8587E+00  0.9976E+01
   3.380  0.8578E+00  0.9993E+01
   3.400  0.8570E+00  0.1001E+02
   3.420  0.8564E+00  0.1003E+02
   3.440  0.8562E+00  0.1004E+02
   3.460  0.8563E+00  0.1006E+02
   3.480  0.8562E+00  0.1008E+02
   3.500  0.8558E+00  0.1010E+02
   3.520  0.8551E+00  0.1011E+02
   3.540  0.8542E+00  0.1013E+02
   3.560  0.8536E+00  0.1015E+02
   3.580  0.8534E+00  0.1016E+02
   3.600  0.8534E+00  0.1018E+02
   3.620  0.8535E+00  0.1020E+02
   3.640  0.8533E+00  0.1022E+02
   3.660  0.8527E+00  0.1023E+02
   3.680  0.8519E+00  0.1025E+02
   3.700  0.8512E+00  0.1027E+02
   3.720  0.8509E+00  0.1028E+02
   3.740  0.8509E+00  0.1030E+02
   3.760  0.8511E+00  0.1032E+02
   3.780  0.8511E+00  0.1033E+02
   3.800  0.8508E+00  0.1035E+02
   3.820  0.8501E+00  0.1037E+02
   3.840  0.8495E+00  0.1039E+02
   3.860  0.8491E+00  0.1040E+02
   3.880  0.8492E+00  0.1042E+02
   3.900  0.8496E+00  0.1044E+02
   3.920  0.8500E+00  0.1045E+02
   3.940  0.8500E+00  0.1047E+02
   3.960  0.8498E+00  0.1049E+02
   3.980  0.8495E+00  0.1050E+02
   4.000  0.8497E+00  0.1052E+02
   4.020  0.8505E+00  0.1054E+02
   4.040  0.8519E+00  0.1056E+02
   4.060  0.8537E+00  0.1057E+02
   4.080  0.8556E+00  0.1059E+02
   4.100  0.8571E+00  0.1061E+02
   4.120  0.8579E+00  0.1062E+02
   4.140  0.8573E+00  0.1064E+02
   4.160  0.8547E+00  0.1066E+02
   4.180  0.8493E+00  0.1068E+02
   4.200  0.8406E+00  0.1069E+02
   4.220  0.8292E+00  0.1071E+02
   4.240  0.8167E+00  0.1072E+02
   4.260  0.8057E+00  0.1074E+02
   4.280  0.7989E+00  0.1076E+02
   4.300  0.7982E+00  0.1077E+02
   4.320  0.8040E+00  0.1079E+02
   4.340  0.8147E+00  0.1081E+02
   4.360  0.8276E+00  0.1082E+02
   4.380  0.8398E+00  0.1084E+02
   4.400  0.8494E+00  0.1086E+02
   4.420  0.8556E+00  0.1087E+02
   4.440  0.8590E+00  0.1089E+02
   4.460  0.8605E+00  0.1091E+02
   4.480  0.8611E+00  0.1092E+02
   4.500  0.8614E+00  0.1094E+02
   4.520  0.8618E+00  0.1096E+02
   4.540  0.8627E+00  0.1098E+02
   4.560  0.8646E+00  0.1099E+02
   4.580  0.8678E+00  0.1101E+02
   4.600  0.8727E+00  0.1103E+02
   4.620  0.8789E+00  0.1105E+02
   4.640  0.8858E+00  0.1106E+02
   4.660  0.8917E+00  0.1108E+02
   4.680  0.8945E+00  0.1110E+02
   4.700  0.8925E+00  0.1112E+02
   4.720  0.8844E+00  0.1113E+02
   4.740  0.8704E+00  0.1115E+02
   4.760  0.8524E+00  0.1117E+02
   4.780  0.8336E+00  0.1119E+02
   4.800  0.8177E+00  0.1120E+02
   4.820  0.8085E+00  0.1122E+02
   4.840  0.8094E+00  0.1123E+02
   4.860  0.8228E+00  0.1125E+02
   4.880  0.8496E+00  0.1127E+02
   4.900  0.8884E+00  0.1129E+02
   4.920  0.9347E+00  0.1130E+02
   4.940  0.9813E+00  0.1132E+02
   4.960  0.1020E+01  0.1134E+02
   4.980  0.1042E+01  0.1137E+02
   5.000  0.1045E+01  0.1139E+02
   5.020  0.1029E+01  0.1141E+02
   5.040  0.1000E+01  0.1143E+02
   5.060  0.9665E+00  0.1145E+02
   5.080  0.9369E+00  0.1146E+02
   5.100  0.9192E+00  0.1148E+02
   5.120  0.9179E+00  0.1150E+02
   5.140  0.9340E+00  0.1152E+02
   5.160  0.9644E+00  0.1154E+02
   5.180  0.1003E+01  0.1156E+02
   5.200  0.1043E+01  0.1158E+02
   5.220  0.1077E+01  0.1160E+02
   5.240  0.1101E+01  0.1162E+02
   5.260  0.1114E+01  0.1165E+02
   5.280  0.1117E+01  0.1167E+02
   5.300  0.1113E+01  0.1169E+02
   5.320  0.1105E+01  0.1171E+02
   5.340  0.1096E+01  0.1173E+02
   5.360  0.1088E+01  0.1176E+02
   5.380  0.1081E+01  0.1178E+02
   5.400  0.1077E+01  0.1180E+02
   5.420  0.1073E+01  0.1182E+02
   5.440  0.1070E+01  0.1184E+02
   5.460  0.1067E+01  0.1186E+02
   5.480  0.1065E+01  0.1189E+02
   5.500  0.1064E+01  0.1191E+02
   5.520  0.1065E+01  0.1193E+02
   5.540  0.1068E+01  0.1195E+02
   5.560  0.1075E+01  0.1197E+02
   5.580  0.1086E+01  0.1199E+02
   5.600  0.1104E+01  0.1201E+02
   5.620  0.1132E+01  0.1204E+02
   5.640  0.1173E+01  0.1206E+02
   5.660  0.1226E+01  0.1209E+02
   5.680  0.1288E+01  0.1211E+02
   5.700  0.1355E+01  0.1214E+02
   5.720  0.1421E+01  0.1217E+02
   5.740  0.1480E+01  0.1220E+02
   5.760  0.1528E+01  0.1223E+02
   5.780  0.1561E+01  0.1226E+02
   5.800  0.1580E+01  0.1229E+02
   5.820  0.1585E+01  0.1232E+02
   5.840  0.1580E+01  0.1235E+02
   5.860  0.1567E+01  0.1238E+02
   5.880  0.1552E+01  0.1242E+02
   5.900  0.1539E+01  0.1245E+02
   5.920  0.1530E+01  0.1248E+02
   5.940  0.1527E+01  0.1251E+02
   5.960  0.1527E+01  0.1254E+02
   5.980  0.1528E+01  0.1257E+02
   6.000  0.1526E+01  0.1260E+02
   6.020  0.1521E+01  0.1263E+02
   6.040  0.1511E+01  0.1266E+02
   6.060  0.1498E+01  0.1269E+02
   6.080  0.1485E+01  0.1272E+02
   6.100  0.1471E+01  0.1275E+02
   6.120  0.1458E+01  0.1278E+02
   6.140  0.1444E+01  0.1281E+02
   6.160  0.1430E+01  0.1284E+02
   6.180  0.1417E+01  0.1286E+02
   6.200  0.1403E+01  0.1289E+02
   6.220  0.1389E+01  0.1292E+02
   6.240  0.1372E+01  0.1295E+02
   6.260  0.1348E+01  0.1297E+02
   6.280  0.1315E+01  0.1300E+02
   6.300  0.1272E+01  0.1303E+02
   6.320  0.1221E+01  0.1305E+02
   6.340  0.1164E+01  0.1307E+02
   6.360  0.1106E+01  0.1310E+02
   6.380  0.1052E+01  0.1312E+02
   6.400  0.1003E+01  0.1314E+02
   6.420  0.9610E+00  0.1316E+02
   6.440  0.9267E+00  0.1317E+02
   6.460  0.9000E+00  0.1319E+02
   6.480  0.8803E+00  0.1321E+02
   6.500  0.8661E+00  0.1323E+02
   6.520  0.8559E+00  0.1324E+02
   6.540  0.8479E+00  0.1326E+02
   6.560  0.8411E+00  0.1328E+02
   6.580  0.8347E+00  0.1329E+02
   6.600  0.8288E+00  0.1331E+02
   6.620  0.8236E+00  0.1333E+02
   6.640  0.8190E+00  0.1334E+02
   6.660  0.8150E+00  0.1336E+02
   6.680  0.8112E+00  0.1338E+02
   6.700  0.8073E+00  0.1339E+02
   6.720  0.8032E+00  0.1341E+02
   6.740  0.7987E+00  0.1342E+02
   6.760  0.7943E+00  0.1344E+02
   6.780  0.7903E+00  0.1346E+02
   6.800  0.7869E+00  0.1347E+02
   6.820  0.7841E+00  0.1349E+02
   6.840  0.7816E+00  0.1350E+02
   6.860  0.7787E+00  0.1352E+02
   6.880  0.7749E+00  0.1353E+02
   6.900  0.7706E+00  0.1355E+02
   6.920  0.7665E+00  0.1357E+02
   6.940  0.7635E+00  0.1358E+02
   6.960  0.7618E+00  0.1360E+02
   6.980  0.7606E+00  0.1361E+02
   7.000  0.7586E+00  0.1363E+02
   7.020  0.7552E+00  0.1364E+02
   7.040  0.7508E+00  0.1366E+02
   7.060  0.7466E+00  0.1367E+02
   7.080  0.7439E+00  0.1369E+02
   7.100  0.7429E+00  0.1370E+02
   7.120  0.7427E+00  0.1372E+02
   7.140  0.7416E+00  0.1373E+02
   7.160  0.7387E+00  0.1375E+02
   7.180  0.7342E+00  0.1376E+02
   7.200  0.7297E+00  0.1377E+02
   7.220  0.7269E+00  0.1379E+02
   7.240  0.7263E+00  0.1380E+02
   7.260  0.7269E+00  0.1382E+02
   7.280  0.7269E+00  0.1383E+02
   7.300  0.7248E+00  0.1385E+02
   7.320  0.7206E+00  0.1386E+02
   7.340  0.7157E+00  0.1388E+02
   7.360  0.7122E+00  0.1389E+02
   7.380  0.7112E+00  0.1390E+02
   7.400  0.7122E+00  0.1392E+02
   7.420  0.7135E+00  0.1393E+02
   7.440  0.7128E+00  0.1395E+02
   7.460  0.7095E+00  0.1396E+02
   7.480  0.7045E+00  0.1398E+02
   7.500  0.6999E+00  0.1399E+02
   7.520  0.6978E+00  0.1400E+02
   7.540  0.6985E+00  0.1402E+02
   7.560  0.7006E+00  0.1403E+02
   7.580  0.7017E+00  0.1405E+02
   7.600  0.7002E+00  0.1406E+02
   7.620  0.6960E+00  0.1407E+02
   7.640  0.6908E+00  0.1409E+02
   7.660  0.6870E+00  0.1410E+02
   7.680  0.6861E+00  0.1411E+02
   7.700  0.6878E+00  0.1413E+02
   7.720  0.6903E+00  0.1414E+02
   7.740  0.6911E+00  0.1416E+02
   7.760  0.6891E+00  0.1417E+02
   7.780  0.6847E+00  0.1418E+02
   7.800  0.6799E+00  0.1420E+02
   7.820  0.6768E+00  0.1421E+02
   7.840  0.6765E+00  0.1422E+02
   7.860  0.6784E+00  0.1424E+02
   7.880  0.6807E+00  0.1425E+02
   7.900  0.6814E+00  0.1427E+02
   7.920  0.6797E+00  0.1428E+02
   7.940  0.6761E+00  0.1429E+02
   7.960  0.6721E+00  0.1431E+02
   7.980  0.6694E+00  0.1432E+02
   8.000  0.6687E+00  0.1433E+02
   8.020  0.6699E+00  0.1435E+02
   8.040  0.6716E+00  0.1436E+02
   8.060  0.6727E+00  0.1437E+02
   8.080  0.6723E+00  0.1439E+02
   8.100  0.6703E+00  0.1440E+02
   8.120  0.6673E+00  0.1441E+02
   8.140  0.6644E+00  0.1443E+02
   8.160  0.6625E+00  0.1444E+02
   8.180  0.6622E+00  0.1445E+02
   8.200  0.6634E+00  0.1447E+02
   8.220  0.6654E+00  0.1448E+02
   8.240  0.6670E+00  0.1449E+02
   8.260  0.6671E+00  0.1451E+02
   8.280  0.6652E+00  0.1452E+02
   8.300  0.6617E+00  0.1453E+02
   8.320  0.6582E+00  0.1455E+02
   8.340  0.6565E+00  0.1456E+02
   8.360  0.6574E+00  0.1457E+02
   8.380  0.6605E+00  0.1459E+02
   8.400  0.6641E+00  0.1460E+02
   8.420  0.6660E+00  0.1461E+02
   8.440  0.6649E+00  0.1462E+02
   8.460  0.6614E+00  0.1464E+02
   8.480  0.6574E+00  0.1465E+02
   8.500  0.6553E+00  0.1466E+02
   8.520  0.6563E+00  0.1468E+02
   8.540  0.6598E+00  0.1469E+02
   8.560  0.6641E+00  0.1470E+02
   8.580  0.6669E+00  0.1472E+02
   8.600  0.6672E+00  0.1473E+02
   8.620  0.6653E+00  0.1474E+02
   8.640  0.6628E+00  0.1476E+02
   8.660  0.6616E+00  0.1477E+02
   8.680  0.6627E+00  0.1478E+02
   8.700  0.6660E+00  0.1480E+02
   8.720  0.6703E+00  0.1481E+02
   8.740  0.6745E+00  0.1482E+02
   8.760  0.6780E+00  0.1484E+02
   8.780  0.6814E+00  0.1485E+02
   8.800  0.6861E+00  0.1486E+02
   8.820  0.6944E+00  0.1488E+02
   8.840  0.7086E+00  0.1489E+02
   8.860  0.7305E+00  0.1491E+02
   8.880  0.7613E+00  0.1492E+02
   8.900  0.8011E+00  0.1494E+02
   8.920  0.8486E+00  0.1496E+02
   8.940  0.9010E+00  0.1497E+02
   8.960  0.9547E+00  0.1499E+02
   8.980  0.1005E+01  0.1501E+02
   9.000  0.1048E+01  0.1503E+02
   9.020  0.1078E+01  0.1506E+02
   9.040  0.1094E+01  0.1508E+02
   9.060  0.1095E+01  0.1510E+02
   9.080  0.1081E+01  0.1512E+02
   9.100  0.1056E+01  0.1514E+02
   9.120  0.1025E+01  0.1516E+02
   9.140  0.9902E+00  0.1518E+02
   9.160  0.9561E+00  0.1520E+02
   9.180  0.9244E+00  0.1522E+02
   9.200  0.8959E+00  0.1524E+02
   9.220  0.8707E+00  0.1526E+02
   9.240  0.8487E+00  0.1527E+02
   9.260  0.8295E+00  0.1529E+02
   9.280  0.8127E+00  0.1531E+02
   9.300  0.7978E+00  0.1532E+02
   9.320  0.7840E+00  0.1534E+02
   9.340  0.7703E+00  0.1535E+02
   9.360  0.7558E+00  0.1537E+02
   9.380  0.7401E+00  0.1538E+02
   9.400  0.7238E+00  0.1540E+02
   9.420  0.7081E+00  0.1541E+02
   9.440  0.6947E+00  0.1542E+02
   9.460  0.6846E+00  0.1544E+02
   9.480  0.6779E+00  0.1545E+02
   9.500  0.6734E+00  0.1547E+02
   9.520  0.6693E+00  0.1548E+02
   9.540  0.6643E+00  0.1549E+02
   9.560  0.6577E+00  0.1551E+02
   9.580  0.6500E+00  0.1552E+02
   9.600  0.6426E+00  0.1553E+02
   9.620  0.6367E+00  0.1554E+02
   9.640  0.6327E+00  0.1556E+02
   9.660  0.6302E+00  0.1557E+02
   9.680  0.6278E+00  0.1558E+02
   9.700  0.6245E+00  0.1559E+02
   9.720  0.6196E+00  0.1561E+02
   9.740  0.6136E+00  0.1562E+02
   9.760  0.6079E+00  0.1563E+02
   9.780  0.6037E+00  0.1564E+02
   9.800  0.6017E+00  0.1565E+02
   9.820  0.6010E+00  0.1567E+02
   9.840  0.5998E+00  0.1568E+02
   9.860  0.5957E+00  0.1569E+02
   9.880  0.5868E+00  0.1570E+02
   9.900  0.5720E+00  0.1571E+02
   9.920  0.5515E+00  0.1573E+02
   9.940  0.5257E+00  0.1574E+02
   9.960  0.4954E+00  0.1575E+02
   9.980  0.4610E+00  0.1575E+02
  10.000  0.4231E+00  0.1576E+02
  10.020  0.3831E+00  0.1577E+02
  10.040  0.3430E+00  0.1578E+02
  10.060  0.3059E+00  0.1578E+02
  10.080  0.2745E+00  0.1579E+02
  10.100  0.2504E+00  0.1579E+02
  10.120  0.2338E+00  0.1580E+02
  10.140  0.2232E+00  0.1580E+02
  10.160  0.2164E+00  0.1581E+02
  10.180  0.2112E+00  0.1581E+02
  10.200  0.2066E+00  0.1582E+02
  10.220  0.2024E+00  0.1582E+02
  10.240  0.1987E+00  0.1582E+02
  10.260  0.1960E+00  0.1583E+02
  10.280  0.1939E+00  0.1583E+02
  10.300  0.1921E+00  0.1584E+02
  10.320  0.1901E+00  0.1584E+02
  10.340  0.1878E+00  0.1584E+02
  10.360  0.1854E+00  0.1585E+02
  10.380  0.1832E+00  0.1585E+02
  10.400  0.1812E+00  0.1585E+02
  10.420  0.1791E+00  0.1586E+02
  10.440  0.1768E+00  0.1586E+02
  10.460  0.1742E+00  0.1586E+02
  10.480  0.1718E+00  0.1587E+02
  10.500  0.1701E+00  0.1587E+02
  10.520  0.1691E+00  0.1588E+02
  10.540  0.1684E+00  0.1588E+02
  10.560  0.1671E+00  0.1588E+02
  10.580  0.1648E+00  0.1589E+02
  10.600  0.1614E+00  0.1589E+02
  10.620  0.1581E+00  0.1589E+02
  10.640  0.1560E+00  0.1589E+02
  10.660  0.1555E+00  0.1590E+02
  10.680  0.1562E+00  0.1590E+02
  10.700  0.1565E+00  0.1590E+02
  10.720  0.1554E+00  0.1591E+02
  10.740  0.1524E+00  0.1591E+02
  10.760  0.1486E+00  0.1591E+02
  10.780  0.1456E+00  0.1592E+02
  10.800  0.1443E+00  0.1592E+02
  10.820  0.1450E+00  0.1592E+02
  10.840  0.1463E+00  0.1592E+02
  10.860  0.1469E+00  0.1593E+02
  10.880  0.1459E+00  0.1593E+02
  10.900  0.1436E+00  0.1593E+02
  10.920  0.1409E+00  0.1594E+02
  10.940  0.1390E+00  0.1594E+02
  10.960  0.1385E+00  0.1594E+02
  10.980  0.1392E+00  0.1594E+02
  11.000  0.1405E+00  0.1595E+02
  11.020  0.1417E+00  0.1595E+02
  11.040  0.1425E+00  0.1595E+02
  11.060  0.1430E+00  0.1596E+02
  11.080  0.1438E+00  0.1596E+02
  11.100  0.1455E+00  0.1596E+02
  11.120  0.1488E+00  0.1596E+02
  11.140  0.1538E+00  0.1597E+02
  11.160  0.1600E+00  0.1597E+02
  11.180  0.1662E+00  0.1597E+02
  11.200  0.1708E+00  0.1598E+02
  11.220  0.1720E+00  0.1598E+02
  11.240  0.1684E+00  0.1598E+02
  11.260  0.1592E+00  0.1599E+02
  11.280  0.1444E+00  0.1599E+02
  11.300  0.1250E+00  0.1599E+02
  11.320  0.1029E+00  0.1600E+02
  11.340  0.7998E-01  0.1600E+02
  11.360  0.5851E-01  0.1600E+02
  11.380  0.4011E-01  0.1600E+02
  11.400  0.2567E-01  0.1600E+02
  11.420  0.1529E-01  0.1600E+02
  11.440  0.8457E-02  0.1600E+02
  11.460  0.4332E-02  0.1600E+02
  11.480  0.2052E-02  0.1600E+02
  11.500  0.8972E-03  0.1600E+02
  11.520  0.3618E-03  0.1600E+02
  11.540  0.1344E-03  0.1600E+02
  11.560  0.4595E-04  0.1600E+02
  11.580  0.1445E-04  0.1600E+02
  11.600  0.4178E-05  0.1600E+02
  11.620  0.1110E-05  0.1600E+02
  11.640  0.2709E-06  0.1600E+02
  11.660  0.6069E-07  0.1600E+02
  11.680  0.1248E-07  0.1600E+02
  11.700  0.2356E-08  0.1600E+02
  11.720  0.4079E-09  0.1600E+02
  11.740  0.6480E-10  0.1600E+02
  11.760  0.9440E-11  0.1600E+02
  11.780  0.1261E-11  0.1600E+02
  11.800  0.1545E-12  0.1600E+02
  11.820  0.1735E-13  0.1600E+02
  11.840  0.1786E-14  0.1600E+02
  11.860  0.1686E-15  0.1600E+02
  11.880  0.1458E-16  0.1600E+02
  11.900  0.1156E-17  0.1600E+02
  11.920  0.8401E-19  0.1600E+02
  11.940  0.5594E-20  0.1600E+02
  11.960  0.3413E-21  0.1600E+02
  11.980  0.1908E-22  0.1600E+02
  12.000  0.9776E-24  0.1600E+02
  12.020  0.4589E-25  0.1600E+02
  12.040  0.1974E-26  0.1600E+02
  12.060  0.7776E-28  0.1600E+02
  12.080  0.2807E-29  0.1600E+02
  12.100  0.9284E-31  0.1600E+02
  12.120  0.2813E-32  0.1600E+02
  12.140  0.7808E-34  0.1600E+02
  12.160  0.1985E-35  0.1600E+02
  12.180  0.4625E-37  0.1600E+02
  12.200  0.9868E-39  0.1600E+02
  12.220  0.1929E-40  0.1600E+02
  12.240  0.3453E-42  0.1600E+02
  12.260  0.5664E-44  0.1600E+02
  12.280  0.8508E-46  0.1600E+02
  12.300  0.1171E-47  0.1600E+02
  12.320  0.1476E-49  0.1600E+02
  12.340  0.1704E-51  0.1600E+02
  12.360  0.1802E-53  0.1600E+02
  12.380  0.1745E-55  0.1600E+02
  12.400  0.1548E-57  0.1600E+02
  12.420  0.1258E-59  0.1600E+02
  12.440  0.9362E-62  0.1600E+02
  12.460  0.6381E-64  0.1600E+02
  12.480  0.3984E-66  0.1600E+02
  12.500  0.2278E-68  0.1600E+02
  12.520  0.1193E-70  0.1600E+02
  12.540  0.5723E-73  0.1600E+02
  12.560  0.2514E-75  0.1600E+02
  12.580  0.1011E-77  0.1600E+02
  12.600  0.3727E-80  0.1600E+02
  12.620  0.1271E-82  0.1600E+02
  12.640  0.1700E-84  0.1600E+02
  12.660  0.1313E-84  0.1600E+02
  12.680  0.1312E-84  0.1600E+02
  12.700  0.1312E-84  0.1600E+02
  12.720  0.1312E-84  0.1600E+02
  12.740  0.1312E-84  0.1600E+02
  12.760  0.1312E-84  0.1600E+02
  12.780  0.1312E-84  0.1600E+02
  12.800  0.1312E-84  0.1600E+02
  12.820  0.1312E-84  0.1600E+02
  12.840  0.1312E-84  0.1600E+02
  12.860  0.1312E-84  0.1600E+02
  12.880  0.1312E-84  0.1600E+02
  12.900  0.1312E-84  0.1600E+02
  12.920  0.1312E-84  0.1600E+02
  12.940  0.1312E-84  0.1600E+02
  12.960  0.1312E-84  0.1600E+02
  12.980  0.1312E-84  0.1600E+02
  13.000  0.1312E-84  0.1600E+02
  13.020  0.1312E-84  0.1600E+02
  13.040  0.1312E-84  0.1600E+02
  13.060  0.1312E-84  0.1600E+02
  13.080  0.1312E-84  0.1600E+02
  13.100  0.1312E-84  0.1600E+02
  13.120  0.1312E-84  0.1600E+02
  13.140  0.1312E-84  0.1600E+02
  13.160  0.1312E-84  0.1600E+02
  13.180  0.1312E-84  0.1600E+02
  13.200  0.1312E-84  0.1600E+02
  13.220  0.1312E-84  0.1600E+02
  13.240  0.1312E-84  0.1600E+02
  13.260  0.1312E-84  0.1600E+02
  13.280  0.1312E-84  0.1600E+02
  13.300  0.1312E-84  0.1600E+02
  13.320  0.1312E-84  0.1600E+02
  13.340  0.1312E-84  0.1600E+02
  13.360  0.1312E-84  0.1600E+02
  13.380  0.1312E-84  0.1600E+02
  13.400  0.1312E-84  0.1600E+02
  13.420  0.1312E-84  0.1600E+02
  13.440  0.1312E-84  0.1600E+02
  13.460  0.1312E-84  0.1600E+02
  13.480  0.1312E-84  0.1600E+02
  13.500  0.1312E-84  0.1600E+02
  13.520  0.1312E-84  0.1600E+02
  13.540  0.1312E-84  0.1600E+02
  13.560  0.1312E-84  0.1600E+02
  13.580  0.1312E-84  0.1600E+02
  13.600  0.1312E-84  0.1600E+02
  13.620  0.1312E-84  0.1600E+02
  13.640  0.1312E-84  0.1600E+02
  13.660  0.1312E-84  0.1600E+02
  13.680  0.1312E-84  0.1600E+02
  13.700  0.1312E-84  0.1600E+02
  13.720  0.1312E-84  0.1600E+02
  13.740  0.1312E-84  0.1600E+02
  13.760  0.1312E-84  0.1600E+02
  13.780  0.1312E-84  0.1600E+02
  13.800  0.1312E-84  0.1600E+02
  13.820  0.1312E-84  0.1600E+02
  13.840  0.1312E-84  0.1600E+02
  13.860  0.1312E-84  0.1600E+02
  13.880  0.1312E-84  0.1600E+02
  13.900  0.1312E-84  0.1600E+02
  13.920  0.1312E-84  0.1600E+02
  13.940  0.1312E-84  0.1600E+02
  13.960  0.1312E-84  0.1600E+02
  13.980  0.1312E-84  0.1600E+02
  14.000  0.1312E-84  0.1600E+02
  14.020  0.1312E-84  0.1600E+02
  14.040  0.1312E-84  0.1600E+02
  14.060  0.1312E-84  0.1600E+02
  14.080  0.1312E-84  0.1600E+02
  14.100  0.1312E-84  0.1600E+02
  14.120  0.1312E-84  0.1600E+02
  14.140  0.1312E-84  0.1600E+02
  14.160  0.1312E-84  0.1600E+02
  14.180  0.1312E-84  0.1600E+02
  14.200  0.1312E-84  0.1600E+02
  14.220  0.1312E-84  0.1600E+02
  14.240  0.1312E-84  0.1600E+02
  14.260  0.1312E-84  0.1600E+02
  14.280  0.1312E-84  0.1600E+02
  14.300  0.1312E-84  0.1600E+02
  14.320  0.1312E-84  0.1600E+02
  14.340  0.1312E-84  0.1600E+02
  14.360  0.1312E-84  0.1600E+02
  14.380  0.1312E-84  0.1600E+02
  14.400  0.1312E-84  0.1600E+02
  14.420  0.1312E-84  0.1600E+02
  14.440  0.1312E-84  0.1600E+02
  14.460  0.1312E-84  0.1600E+02
  14.480  0.1312E-84  0.1600E+02
  14.500  0.1312E-84  0.1600E+02
  14.520  0.1312E-84  0.1600E+02
  14.540  0.1312E-84  0.1600E+02
  14.560  0.1312E-84  0.1600E+02
  14.580  0.1312E-84  0.1600E+02
  14.600  0.1312E-84  0.1600E+02
  14.620  0.1312E-84  0.1600E+02
  14.640  0.1312E-84  0.1600E+02
  14.660  0.1312E-84  0.1600E+02
  14.680  0.1312E-84  0.1600E+02
  14.700  0.1312E-84  0.1600E+02
  14.720  0.1312E-84  0.1600E+02
  14.740  0.1312E-84  0.1600E+02
  14.760  0.1312E-84  0.1600E+02
  14.780  0.1312E-84  0.1600E+02
  14.800  0.1312E-84  0.1600E+02
  14.820  0.1312E-84  0.1600E+02
  14.840  0.1312E-84  0.1600E+02
  14.860  0.1312E-84  0.1600E+02
  14.880  0.1312E-84  0.1600E+02
  14.900  0.1312E-84  0.1600E+02
  14.920  0.1312E-84  0.1600E+02
  14.940  0.1312E-84  0.1600E+02
  14.960  0.1312E-84  0.1600E+02
  14.980  0.1312E-84  0.1600E+02
  15.000  0.1312E-84  0.1600E+02
